person 0.4284 0 0 206 489
person 0.4138 0 19 372 423
person 0.0340 0 1 135 305
person 0.0031 0 0 54 70
person 0.0017 221 218 301 299
person 0.0010 55 89 274 428
bicycle 0.0251 196 231 293 407
bicycle 0.0231 245 289 289 406
bicycle 0.0208 89 217 293 453
bicycle 0.0021 26 100 302 476
motorbike 0.0016 -10 45 327 496
boat 0.0072 49 34 372 330
boat 0.0033 -10 45 327 496
boat 0.0023 31 234 317 495
bird 0.5672 73 95 273 449
bird 0.0255 100 51 113 58
bird 0.0234 139 163 259 482
bird 0.0050 16 7 335 493
bird 0.0029 58 226 301 490
bird 0.0023 94 36 367 236
bird 0.0021 92 51 112 60
bird 0.0016 50 99 263 291
bird 0.0013 179 55 187 62
cat 0.0041 71 100 272 441
dog 0.0165 46 38 305 487
dog 0.0095 140 175 261 483
horse 0.0031 -22 54 318 494
horse 0.0010 58 226 301 490
sheep 0.0010 139 180 262 482
cow 0.0032 22 29 369 351
cow 0.0018 55 89 274 428
bottle 0.0427 102 95 267 447
bottle 0.0019 216 204 294 415
chair 0.0037 213 226 296 408
chair 0.0034 -4 46 312 495
chair 0.0012 -7 65 157 470
chair 0.0011 44 226 302 490
sofa 0.0028 -4 46 312 495
