person 0.1570 27 19 69 172
person 0.0035 14 15 70 248
person 0.0032 105 150 338 221
person 0.0020 97 102 335 201
cat 0.0791 118 152 359 222
cat 0.0074 293 166 375 218
cat 0.0051 88 99 348 224
cat 0.0038 210 165 366 219
cat 0.0023 27 19 69 170
dog 0.0523 123 103 362 225
dog 0.0405 196 164 364 219
dog 0.0077 93 152 347 220
dog 0.0048 287 166 375 219
dog 0.0010 183 103 320 179
chair 0.6080 23 38 401 245
chair 0.0305 138 38 342 189
chair 0.0168 52 113 152 206
chair 0.0166 57 168 82 206
chair 0.0093 48 199 363 262
chair 0.0079 319 110 398 216
chair 0.0069 149 38 324 126
chair 0.0045 113 100 347 225
chair 0.0043 7 140 41 187
chair 0.0027 0 137 54 252
chair 0.0024 183 103 320 179
chair 0.0017 52 112 86 207
chair 0.0010 6 104 38 129
chair 0.0010 4 104 40 156
sofa 0.8276 21 39 401 263
sofa 0.1891 34 196 393 261
sofa 0.0144 52 112 200 206
sofa 0.0122 318 110 398 216
sofa 0.0024 97 102 335 201
sofa 0.0017 137 104 221 190
sofa 0.0013 193 105 304 172
sofa 0.0011 0 185 53 254
pottedplant 0.0214 27 19 69 168
pottedplant 0.0011 30 19 69 95
diningtable 0.0019 52 197 360 262
diningtable 0.0011 0 185 53 254
tvmonitor 0.0022 0 185 53 254
tvmonitor 0.0018 1 120 56 255
tvmonitor 0.0011 6 104 38 129
