person 0.0996 41 304 397 371
person 0.0066 222 291 300 339
person 0.0061 16 167 488 373
person 0.0015 0 0 52 122
motorbike 0.0011 4 17 512 378
boat 0.0014 4 17 512 378
dog 0.9591 31 0 494 349
dog 0.0013 47 303 405 370
horse 0.0027 8 -13 505 364
cow 0.0026 24 -7 497 358
bottle 0.0033 221 293 299 340
bottle 0.0012 47 303 413 372
chair 0.0057 0 0 52 122
chair 0.0040 24 -7 497 358
chair 0.0019 68 304 397 372
sofa 0.2131 8 -13 505 364
sofa 0.0062 47 303 402 370
sofa 0.0028 0 0 52 124
sofa 0.0027 16 167 488 373
diningtable 0.0018 -6 -21 515 363
diningtable 0.0012 0 0 52 124
tvmonitor 0.0021 0 0 52 40
