person 0.9298 115 63 361 369
person 0.0047 340 282 364 373
person 0.0012 334 167 370 369
person 0.0011 0 208 50 373
person 0.0010 126 197 237 368
bottle 0.0047 112 123 130 146
bottle 0.0034 122 136 189 182
bottle 0.0025 99 129 107 143
bottle 0.0012 114 126 141 151
bottle 0.0012 99 131 110 149
chair 0.7651 0 211 50 371
chair 0.1672 105 157 375 372
chair 0.0858 331 161 371 363
chair 0.0544 285 155 374 371
chair 0.0519 333 154 375 273
chair 0.0460 340 283 364 373
chair 0.0442 76 162 122 252
chair 0.0184 323 292 361 374
chair 0.0154 2 148 130 254
chair 0.0108 228 202 364 367
chair 0.0080 238 287 362 372
chair 0.0073 266 151 373 276
chair 0.0072 89 183 118 244
chair 0.0068 105 153 138 308
chair 0.0051 0 213 139 370
chair 0.0051 110 138 207 322
chair 0.0042 343 312 359 373
chair 0.0028 188 122 375 317
chair 0.0028 322 340 346 374
chair 0.0018 347 285 363 345
chair 0.0015 0 236 32 357
chair 0.0014 0 137 144 182
chair 0.0013 27 225 49 375
chair 0.0012 107 172 134 246
chair 0.0011 11 140 150 163
chair 0.0011 88 277 370 372
chair 0.0011 348 307 363 370
sofa 0.0249 0 209 50 372
sofa 0.0168 99 140 386 370
sofa 0.0013 0 137 144 182
pottedplant 0.6039 394 4 499 300
pottedplant 0.0019 396 160 499 302
diningtable 0.4517 4 144 148 252
diningtable 0.0793 9 140 168 168
diningtable 0.0167 37 145 136 171
diningtable 0.0159 0 209 50 372
diningtable 0.0100 80 137 161 154
diningtable 0.0052 0 145 149 192
diningtable 0.0013 98 133 151 151
diningtable 0.0012 343 295 361 373
