person 0.6453 122 354 136 388
person 0.0699 133 359 142 386
person 0.0123 182 361 191 379
person 0.0117 181 368 193 380
person 0.0062 123 366 142 388
person 0.0019 183 353 191 374
bicycle 0.0686 120 364 141 389
bicycle 0.0250 130 359 142 388
bicycle 0.0041 34 232 322 473
bicycle 0.0035 120 371 135 387
bicycle 0.0018 181 369 192 380
bicycle 0.0017 118 375 127 389
bicycle 0.0012 134 371 144 387
car 0.9194 95 430 162 479
car 0.0338 155 445 177 458
car 0.0179 72 434 100 444
car 0.0162 168 446 181 460
car 0.0072 171 445 213 473
car 0.0054 149 438 182 461
car 0.0048 42 298 326 477
car 0.0047 171 445 184 465
car 0.0038 130 421 182 464
car 0.0031 156 447 176 471
car 0.0015 120 366 141 389
car 0.0011 133 358 142 386
motorbike 0.1313 120 364 141 389
motorbike 0.0224 130 359 142 388
motorbike 0.0057 34 232 322 473
motorbike 0.0029 118 375 127 389
motorbike 0.0012 119 373 136 390
boat 0.0212 73 434 100 445
dog 0.0045 121 367 133 388
dog 0.0023 122 357 140 389
horse 0.0039 122 357 140 389
horse 0.0018 121 367 133 388
horse 0.0012 34 232 322 473
