person 0.9161 0 111 100 371
person 0.9059 348 156 499 372
person 0.9020 163 69 260 161
person 0.7361 75 85 174 239
person 0.7202 275 83 360 192
person 0.6987 307 89 392 213
person 0.6752 326 86 497 295
person 0.4679 112 77 176 176
person 0.2495 367 88 500 222
person 0.0690 387 87 455 165
person 0.0684 114 78 152 153
person 0.0257 113 76 143 104
person 0.0239 74 135 110 240
person 0.0128 59 168 96 285
person 0.0093 129 97 149 139
person 0.0084 64 226 95 284
person 0.0059 111 126 345 243
person 0.0054 396 157 498 307
person 0.0050 315 103 413 284
person 0.0040 121 131 151 165
person 0.0022 58 133 209 323
person 0.0020 139 131 175 172
person 0.0018 0 158 16 204
person 0.0018 99 160 202 247
person 0.0018 16 158 95 285
person 0.0017 250 184 279 248
person 0.0017 78 183 113 239
person 0.0015 81 130 99 199
person 0.0015 314 82 324 94
person 0.0012 83 79 289 211
person 0.0012 312 83 326 104
person 0.0012 286 142 306 160
person 0.0011 76 139 365 301
person 0.0011 143 131 163 154
person 0.0011 227 50 285 139
person 0.0010 141 121 160 141
person 0.0010 367 163 429 286
person 0.0010 312 83 328 119
car 0.0841 34 42 139 102
car 0.0450 116 45 226 120
car 0.0190 30 38 277 120
car 0.0140 117 43 220 85
car 0.0107 138 52 239 103
car 0.0072 50 72 123 95
car 0.0071 116 43 166 79
car 0.0068 214 46 285 115
car 0.0033 154 55 217 82
car 0.0031 37 72 125 112
car 0.0024 47 42 131 73
car 0.0022 143 58 195 83
car 0.0014 44 40 196 89
bus 0.0017 32 42 135 113
bottle 0.6419 254 182 278 241
bottle 0.1711 257 183 277 216
bottle 0.0706 266 151 283 185
bottle 0.0165 204 129 220 160
bottle 0.0126 270 137 281 159
bottle 0.0125 143 131 163 154
bottle 0.0099 252 165 264 190
bottle 0.0084 246 214 277 247
bottle 0.0056 209 126 220 152
bottle 0.0045 173 184 202 239
bottle 0.0044 250 164 259 187
bottle 0.0035 163 173 187 232
bottle 0.0021 261 182 274 196
bottle 0.0020 139 129 169 172
bottle 0.0020 257 134 281 154
bottle 0.0019 107 228 147 253
bottle 0.0018 220 124 232 148
bottle 0.0017 268 201 278 226
bottle 0.0017 142 127 157 142
bottle 0.0015 134 135 153 168
bottle 0.0014 217 124 226 146
bottle 0.0013 122 262 137 336
bottle 0.0013 271 135 282 151
bottle 0.0012 151 132 164 148
bottle 0.0012 118 261 138 287
bottle 0.0011 382 336 442 373
bottle 0.0011 276 194 296 210
bottle 0.0011 293 347 345 374
bottle 0.0010 111 126 345 243
bottle 0.0010 255 177 265 195
bottle 0.0010 173 147 201 164
chair 0.0325 145 111 169 141
chair 0.0278 256 134 282 153
chair 0.0196 377 336 460 374
chair 0.0178 83 208 105 239
chair 0.0150 246 111 288 138
chair 0.0087 332 192 352 211
chair 0.0086 64 225 96 285
chair 0.0080 0 114 23 167
chair 0.0080 267 135 280 154
chair 0.0075 141 121 160 141
chair 0.0073 95 206 116 237
chair 0.0066 0 164 15 205
chair 0.0064 151 132 164 148
chair 0.0061 257 127 283 145
chair 0.0053 265 112 293 135
chair 0.0053 271 135 282 151
chair 0.0044 330 183 358 211
chair 0.0037 338 165 431 287
chair 0.0033 74 203 100 234
chair 0.0031 0 120 18 205
chair 0.0030 121 130 152 170
chair 0.0029 419 334 449 367
chair 0.0028 78 183 113 239
chair 0.0027 141 112 156 136
chair 0.0027 391 218 430 288
chair 0.0027 387 275 419 299
chair 0.0026 422 328 451 349
chair 0.0026 369 161 417 217
chair 0.0025 0 112 22 120
chair 0.0024 61 297 103 363
chair 0.0023 51 71 122 94
chair 0.0023 70 105 85 123
chair 0.0022 142 124 155 138
chair 0.0022 40 91 87 115
chair 0.0022 133 97 154 137
chair 0.0021 0 182 14 205
chair 0.0020 101 206 115 227
chair 0.0019 0 200 14 209
chair 0.0016 146 131 179 162
chair 0.0016 284 142 304 166
chair 0.0015 171 129 239 160
chair 0.0015 39 176 94 279
chair 0.0013 359 210 427 286
chair 0.0013 0 114 22 134
chair 0.0012 277 111 294 133
chair 0.0012 113 76 143 104
chair 0.0012 247 138 278 161
chair 0.0011 0 181 88 273
chair 0.0011 126 148 149 169
chair 0.0011 0 202 13 258
chair 0.0011 403 242 432 285
chair 0.0010 1 202 64 265
chair 0.0010 144 131 163 152
chair 0.0010 351 177 359 209
chair 0.0010 254 101 330 160
sofa 0.0012 245 112 279 137
pottedplant 0.0138 218 46 285 120
pottedplant 0.0041 108 228 146 253
diningtable 0.7671 26 144 434 373
diningtable 0.0519 339 339 456 373
diningtable 0.0154 52 340 191 372
diningtable 0.0059 68 202 184 357
diningtable 0.0051 201 343 368 374
diningtable 0.0039 244 111 281 136
diningtable 0.0036 183 321 450 372
diningtable 0.0035 92 146 224 311
diningtable 0.0031 335 288 458 372
diningtable 0.0029 242 137 281 163
diningtable 0.0029 99 160 202 247
diningtable 0.0025 250 135 282 154
diningtable 0.0022 19 271 456 372
diningtable 0.0020 93 208 120 240
diningtable 0.0017 62 232 297 370
diningtable 0.0014 0 112 22 120
diningtable 0.0014 124 115 333 211
diningtable 0.0013 160 267 222 306
diningtable 0.0012 56 329 257 372
diningtable 0.0012 173 190 461 371
diningtable 0.0011 261 167 311 198
diningtable 0.0010 87 123 297 357
