person 0.9118 238 128 340 219
person 0.8968 0 189 113 373
person 0.8821 76 158 207 337
person 0.8748 392 217 486 372
person 0.8381 327 158 433 298
person 0.8311 149 141 206 239
person 0.8192 383 133 438 214
person 0.0448 108 161 195 257
person 0.0336 337 158 428 237
person 0.0270 188 157 212 222
person 0.0223 250 138 274 180
person 0.0175 280 75 303 108
person 0.0087 472 294 499 372
person 0.0082 99 201 403 329
person 0.0065 384 132 419 165
person 0.0060 240 136 276 212
person 0.0051 397 160 436 280
person 0.0037 468 209 499 372
person 0.0033 191 165 203 191
person 0.0030 178 183 197 214
person 0.0023 405 80 427 109
person 0.0023 420 179 437 213
person 0.0021 386 149 402 161
person 0.0019 300 85 311 109
person 0.0019 168 75 188 98
person 0.0016 249 182 421 280
person 0.0014 404 175 434 214
person 0.0014 335 185 358 219
person 0.0013 155 73 169 104
person 0.0013 130 172 202 287
person 0.0012 206 7 257 220
person 0.0011 0 189 241 372
bicycle 0.0011 405 81 427 108
bird 0.0033 169 75 188 98
cat 0.0028 405 80 427 109
cat 0.0011 168 74 188 98
dog 0.0213 405 80 427 108
dog 0.0036 168 75 188 98
horse 0.0201 405 80 427 108
horse 0.0046 168 74 188 98
bottle 0.1113 354 303 381 365
bottle 0.0491 37 125 54 151
bottle 0.0366 411 257 428 293
bottle 0.0321 28 127 38 154
bottle 0.0211 259 238 278 298
bottle 0.0201 275 206 283 221
bottle 0.0196 274 206 284 238
bottle 0.0169 20 62 27 83
bottle 0.0137 262 240 275 268
bottle 0.0123 327 220 339 237
bottle 0.0094 202 310 227 345
bottle 0.0064 273 221 284 253
bottle 0.0059 376 320 388 341
bottle 0.0053 234 216 248 228
bottle 0.0050 99 201 403 329
bottle 0.0047 360 302 376 318
bottle 0.0047 487 153 499 176
bottle 0.0043 23 68 30 82
bottle 0.0042 30 76 38 84
bottle 0.0037 378 333 387 351
bottle 0.0036 327 213 342 234
bottle 0.0033 210 224 223 237
bottle 0.0032 330 237 341 251
bottle 0.0029 141 326 205 374
bottle 0.0029 270 275 288 298
bottle 0.0029 24 113 47 153
bottle 0.0028 44 75 51 84
bottle 0.0027 358 302 380 329
bottle 0.0025 359 304 387 342
bottle 0.0024 270 243 287 286
bottle 0.0022 288 211 302 233
bottle 0.0021 33 76 42 84
bottle 0.0020 300 85 311 109
bottle 0.0019 415 256 427 268
bottle 0.0017 171 184 351 292
bottle 0.0017 270 234 283 259
bottle 0.0016 274 255 293 280
bottle 0.0013 209 247 225 268
bottle 0.0013 264 239 273 253
bottle 0.0013 303 222 322 238
bottle 0.0013 491 110 499 132
bottle 0.0013 345 240 356 250
bottle 0.0013 17 114 28 152
bottle 0.0013 316 237 341 255
bottle 0.0012 312 205 325 226
bottle 0.0012 403 243 428 294
bottle 0.0012 414 257 431 273
bottle 0.0011 187 235 200 261
bottle 0.0011 483 359 497 374
bottle 0.0010 312 199 324 217
chair 0.5831 464 185 498 306
chair 0.3514 475 198 499 342
chair 0.3012 475 201 499 273
chair 0.2634 463 186 497 223
chair 0.0957 463 187 478 219
chair 0.0806 482 256 499 334
chair 0.0669 474 264 499 373
chair 0.0618 0 322 25 372
chair 0.0319 90 201 97 209
chair 0.0245 474 345 499 373
chair 0.0234 441 222 499 374
chair 0.0189 432 215 461 227
chair 0.0153 423 183 437 213
chair 0.0147 195 189 210 223
chair 0.0143 210 184 228 211
chair 0.0137 405 238 426 271
chair 0.0099 0 274 24 375
chair 0.0092 188 160 213 223
chair 0.0079 404 242 429 293
chair 0.0065 246 196 309 217
chair 0.0054 227 180 239 209
chair 0.0051 2 250 22 273
chair 0.0050 431 216 448 228
chair 0.0050 362 223 501 370
chair 0.0038 250 136 274 179
chair 0.0037 0 282 104 373
chair 0.0036 0 254 21 295
chair 0.0035 249 203 280 217
chair 0.0034 432 212 452 224
chair 0.0031 430 211 442 226
chair 0.0029 86 197 96 209
chair 0.0027 204 186 215 215
chair 0.0027 2 323 95 374
chair 0.0026 83 196 94 207
chair 0.0025 466 190 500 246
chair 0.0023 443 213 466 222
chair 0.0023 0 256 17 279
chair 0.0023 481 358 498 373
chair 0.0022 378 216 429 297
chair 0.0021 416 174 437 213
chair 0.0020 313 193 336 213
chair 0.0020 0 259 10 277
chair 0.0020 470 188 498 205
chair 0.0019 426 339 499 374
chair 0.0019 25 236 32 249
chair 0.0018 396 250 426 303
chair 0.0017 405 210 473 296
chair 0.0017 89 310 116 328
chair 0.0017 279 203 314 218
chair 0.0015 414 256 430 271
chair 0.0014 89 200 98 217
chair 0.0014 393 171 434 293
chair 0.0014 235 180 249 209
chair 0.0012 191 167 204 189
chair 0.0012 99 201 403 329
chair 0.0012 210 177 244 211
chair 0.0011 487 154 499 177
chair 0.0010 338 220 360 250
sofa 0.0023 468 209 499 372
sofa 0.0017 0 321 24 372
sofa 0.0011 0 248 94 372
pottedplant 0.2602 15 103 55 153
pottedplant 0.0452 15 105 34 152
pottedplant 0.0390 24 113 47 153
pottedplant 0.0277 38 125 54 152
pottedplant 0.0087 17 105 46 131
pottedplant 0.0078 27 125 39 154
pottedplant 0.0052 35 104 53 125
pottedplant 0.0038 281 75 304 108
pottedplant 0.0029 207 9 257 218
pottedplant 0.0026 17 114 28 152
pottedplant 0.0015 300 85 311 109
pottedplant 0.0011 147 274 175 291
pottedplant 0.0010 312 237 341 256
diningtable 0.8384 83 203 471 371
diningtable 0.0107 171 184 351 292
diningtable 0.0059 200 199 378 270
diningtable 0.0048 464 190 499 236
diningtable 0.0036 108 198 334 337
diningtable 0.0034 94 274 211 369
diningtable 0.0032 465 199 499 361
diningtable 0.0030 463 192 499 285
diningtable 0.0018 292 234 342 260
diningtable 0.0017 356 221 498 362
diningtable 0.0016 198 208 294 285
diningtable 0.0014 340 236 419 367
diningtable 0.0013 430 353 498 373
diningtable 0.0012 445 206 497 326
diningtable 0.0012 197 220 262 273
diningtable 0.0011 340 250 406 308
diningtable 0.0010 340 319 418 373
diningtable 0.0010 274 214 406 349
