person 0.8910 176 69 474 374
person 0.8682 72 139 224 369
person 0.0829 177 272 313 369
person 0.0192 76 237 149 370
person 0.0056 484 211 499 331
person 0.0050 160 238 488 370
person 0.0031 0 104 28 361
person 0.0026 15 332 80 374
person 0.0010 3 -9 63 367
cat 0.0011 485 207 499 330
bottle 0.0063 256 273 303 361
bottle 0.0056 293 289 306 338
bottle 0.0035 315 0 328 19
bottle 0.0021 292 0 306 11
bottle 0.0018 288 85 310 159
bottle 0.0018 0 322 27 363
bottle 0.0018 300 0 319 17
bottle 0.0011 190 171 220 196
bottle 0.0011 277 277 296 345
bottle 0.0010 288 14 308 53
bottle 0.0010 260 19 272 39
chair 0.2545 484 210 499 328
chair 0.2541 78 241 119 293
chair 0.0637 68 239 154 372
chair 0.0364 420 194 499 372
chair 0.0287 214 220 299 291
chair 0.0282 67 229 230 372
chair 0.0270 2 194 30 362
chair 0.0067 171 151 482 371
chair 0.0043 76 237 180 305
chair 0.0029 35 225 387 373
chair 0.0025 16 332 79 373
chair 0.0022 31 301 159 368
chair 0.0021 173 122 259 189
chair 0.0021 0 78 27 372
chair 0.0021 200 210 391 315
chair 0.0020 169 213 309 368
chair 0.0016 83 318 168 373
chair 0.0011 196 159 303 290
chair 0.0011 6 228 141 372
chair 0.0011 155 213 218 364
chair 0.0011 0 111 52 364
sofa 0.2002 0 247 477 370
sofa 0.0761 485 211 499 329
sofa 0.0751 214 220 298 291
sofa 0.0690 418 206 499 372
sofa 0.0511 159 164 484 369
sofa 0.0505 470 209 498 367
sofa 0.0342 67 229 230 372
sofa 0.0234 72 240 161 369
sofa 0.0202 51 174 378 371
sofa 0.0130 78 240 119 295
sofa 0.0060 0 131 32 365
sofa 0.0054 31 301 159 368
sofa 0.0033 169 213 309 368
sofa 0.0025 83 318 168 373
sofa 0.0025 5 66 487 370
sofa 0.0024 200 210 391 315
sofa 0.0011 164 215 288 301
sofa 0.0010 76 237 180 305
diningtable 0.0328 1 24 321 281
diningtable 0.0133 6 35 327 128
diningtable 0.0064 485 208 499 330
diningtable 0.0013 136 260 497 371
tvmonitor 0.6703 89 0 182 29
tvmonitor 0.1749 0 193 30 364
tvmonitor 0.1334 0 0 55 54
tvmonitor 0.0079 0 0 31 45
tvmonitor 0.0074 21 0 51 47
tvmonitor 0.0039 40 0 91 53
tvmonitor 0.0019 37 1 54 47
