person 0.0340 87 99 333 496
person 0.0199 0 134 54 252
person 0.0040 50 128 82 154
person 0.0030 19 126 96 251
person 0.0017 202 125 332 497
person 0.0011 7 133 37 161
person 0.0010 -1 131 216 472
car 0.0013 82 96 332 498
car 0.0010 0 131 53 255
bird 0.6466 84 101 332 488
bird 0.0020 0 131 53 255
bird 0.0013 85 135 267 344
cat 0.0034 81 100 338 496
dog 0.8684 84 101 333 498
horse 0.0027 -1 90 335 491
sheep 0.0101 81 100 338 496
sheep 0.0022 0 131 53 255
cow 0.0227 85 101 333 495
cow 0.0013 0 132 54 254
diningtable 0.0011 -1 94 339 492
