person 0.8562 153 67 296 360
person 0.0095 171 64 259 138
person 0.0060 143 70 466 364
person 0.0031 181 64 244 101
person 0.0019 400 130 499 231
person 0.0017 136 1 173 39
person 0.0010 249 12 275 33
person 0.0010 481 124 499 171
cat 0.0209 16 161 72 206
dog 0.0020 14 160 70 206
bottle 0.8033 450 153 475 212
bottle 0.7987 480 122 499 170
bottle 0.6134 438 126 455 162
bottle 0.4419 356 261 375 303
bottle 0.1562 456 119 467 156
bottle 0.1183 458 122 474 155
bottle 0.1113 388 59 414 101
bottle 0.1045 472 128 487 160
bottle 0.0513 340 44 351 65
bottle 0.0416 366 49 378 75
bottle 0.0399 478 105 498 145
bottle 0.0306 487 188 499 216
bottle 0.0269 468 61 485 96
bottle 0.0262 365 63 377 77
bottle 0.0214 354 57 367 76
bottle 0.0193 353 53 376 77
bottle 0.0188 360 261 375 277
bottle 0.0153 452 134 468 171
bottle 0.0151 331 36 342 59
bottle 0.0086 489 175 499 209
bottle 0.0086 413 59 425 75
bottle 0.0076 392 61 414 79
bottle 0.0065 473 145 484 164
bottle 0.0057 411 72 455 100
bottle 0.0056 459 137 471 158
bottle 0.0055 471 136 484 174
bottle 0.0052 472 156 484 178
bottle 0.0049 459 137 485 180
bottle 0.0049 245 292 303 339
bottle 0.0046 460 110 485 143
bottle 0.0046 353 43 372 63
bottle 0.0045 457 118 468 138
bottle 0.0041 235 273 348 335
bottle 0.0041 350 252 385 301
bottle 0.0039 388 79 412 100
bottle 0.0038 375 273 392 292
bottle 0.0037 471 159 482 195
bottle 0.0036 482 86 499 99
bottle 0.0036 465 106 498 158
bottle 0.0033 353 33 389 72
bottle 0.0032 302 217 329 272
bottle 0.0028 154 65 169 145
bottle 0.0028 381 65 394 77
bottle 0.0026 455 11 465 27
bottle 0.0025 486 117 499 143
bottle 0.0024 340 52 352 71
bottle 0.0023 464 139 475 158
bottle 0.0021 414 82 444 101
bottle 0.0021 412 86 428 102
bottle 0.0021 449 174 459 197
bottle 0.0020 455 6 473 27
bottle 0.0020 426 196 455 225
bottle 0.0020 428 30 438 40
bottle 0.0017 149 99 160 144
bottle 0.0016 442 213 464 230
bottle 0.0016 394 45 419 63
bottle 0.0015 151 124 161 144
bottle 0.0015 146 66 158 114
bottle 0.0015 268 299 317 336
bottle 0.0014 484 102 498 114
bottle 0.0014 489 123 499 138
bottle 0.0013 356 264 398 309
bottle 0.0013 377 48 395 77
bottle 0.0012 284 311 307 336
bottle 0.0011 459 175 473 209
bottle 0.0011 451 176 463 204
bottle 0.0011 482 68 493 85
chair 0.8118 114 168 250 373
chair 0.6338 8 173 124 334
chair 0.4045 117 166 168 312
chair 0.3550 426 29 470 62
chair 0.3376 262 122 340 222
chair 0.1807 123 135 172 184
chair 0.1016 330 106 401 171
chair 0.0819 5 71 130 311
chair 0.0491 146 244 250 373
chair 0.0214 117 136 137 189
chair 0.0152 59 80 127 300
chair 0.0103 111 129 140 251
chair 0.0100 125 135 149 183
chair 0.0079 113 169 449 372
chair 0.0074 164 117 177 147
chair 0.0072 250 34 304 84
chair 0.0068 161 114 178 167
chair 0.0060 119 136 173 226
chair 0.0051 394 44 418 55
chair 0.0044 465 106 498 158
chair 0.0039 113 151 128 213
chair 0.0039 261 178 277 209
chair 0.0035 98 101 169 288
chair 0.0026 461 109 485 132
chair 0.0026 439 100 497 151
chair 0.0025 133 139 155 181
chair 0.0020 179 64 240 95
chair 0.0020 256 152 275 204
chair 0.0020 112 130 131 197
chair 0.0019 152 68 286 364
chair 0.0019 148 57 177 156
chair 0.0019 248 7 278 37
chair 0.0018 158 120 169 146
chair 0.0017 253 150 272 184
chair 0.0017 75 120 119 187
chair 0.0016 102 143 138 292
chair 0.0015 247 70 307 115
chair 0.0015 111 114 214 318
chair 0.0012 428 30 439 43
chair 0.0012 394 47 417 63
chair 0.0012 357 161 396 192
chair 0.0011 387 43 420 76
chair 0.0011 247 32 292 64
chair 0.0010 161 285 251 329
chair 0.0010 72 166 126 292
chair 0.0010 16 161 70 205
chair 0.0010 306 40 317 53
chair 0.0010 414 65 460 91
sofa 0.1191 425 29 470 61
sofa 0.0020 262 122 338 211
pottedplant 0.1018 48 8 87 63
pottedplant 0.0291 355 32 390 71
pottedplant 0.0262 50 13 83 45
pottedplant 0.0158 367 32 389 60
pottedplant 0.0049 50 26 78 44
pottedplant 0.0039 362 43 381 74
pottedplant 0.0032 64 26 81 44
pottedplant 0.0028 487 186 499 249
pottedplant 0.0025 460 201 499 250
pottedplant 0.0017 357 168 387 208
pottedplant 0.0012 454 0 475 27
pottedplant 0.0011 51 43 76 63
pottedplant 0.0010 357 182 382 206
pottedplant 0.0010 13 161 72 207
diningtable 0.8083 239 129 499 372
diningtable 0.0287 321 50 496 169
diningtable 0.0080 344 43 474 107
diningtable 0.0064 327 85 402 176
diningtable 0.0047 395 135 500 244
diningtable 0.0043 6 74 128 332
diningtable 0.0032 125 135 171 177
diningtable 0.0029 262 122 338 211
diningtable 0.0026 281 56 432 174
diningtable 0.0026 433 86 474 104
diningtable 0.0026 248 48 460 133
diningtable 0.0023 247 46 358 124
diningtable 0.0020 330 88 400 119
diningtable 0.0020 396 47 499 102
diningtable 0.0019 59 80 127 300
diningtable 0.0018 434 89 497 112
diningtable 0.0017 395 92 478 167
diningtable 0.0015 405 159 464 191
diningtable 0.0014 374 340 499 374
diningtable 0.0013 282 71 352 119
diningtable 0.0013 257 117 446 235
diningtable 0.0013 225 37 460 257
diningtable 0.0012 115 151 179 326
diningtable 0.0012 326 77 399 135
tvmonitor 0.0106 368 155 401 237
tvmonitor 0.0099 298 49 326 77
tvmonitor 0.0071 427 30 471 61
tvmonitor 0.0024 197 0 227 45
tvmonitor 0.0019 366 0 391 12
tvmonitor 0.0015 262 122 338 211
tvmonitor 0.0013 316 51 332 68
tvmonitor 0.0012 259 35 288 59
