person 0.0077 286 147 296 158
person 0.0012 150 155 158 165
car 0.0064 23 325 494 370
car 0.0041 401 256 419 264
car 0.0038 454 254 480 261
car 0.0029 96 222 108 232
car 0.0028 412 217 440 225
car 0.0014 255 158 268 171
car 0.0012 242 158 268 174
car 0.0010 411 257 422 263
boat 0.6864 97 132 250 255
boat 0.4580 238 122 422 257
boat 0.2699 62 326 494 369
boat 0.0678 481 201 499 331
boat 0.0365 140 149 243 177
boat 0.0176 44 221 92 234
boat 0.0155 12 256 496 371
boat 0.0120 59 223 81 233
boat 0.0120 73 224 91 232
boat 0.0115 246 232 485 281
boat 0.0111 223 149 241 171
boat 0.0087 94 221 108 233
boat 0.0072 427 269 482 287
boat 0.0072 418 217 470 225
boat 0.0071 454 253 478 261
boat 0.0068 412 217 440 225
boat 0.0058 233 158 268 177
boat 0.0051 86 31 428 268
boat 0.0035 65 142 472 264
boat 0.0034 1 224 27 232
boat 0.0030 26 224 54 232
boat 0.0030 150 159 232 171
boat 0.0030 225 154 254 178
boat 0.0028 222 148 270 179
boat 0.0027 104 140 245 185
boat 0.0024 313 250 485 286
boat 0.0024 431 214 465 224
boat 0.0021 47 223 61 232
boat 0.0021 261 332 497 368
boat 0.0018 242 122 404 185
boat 0.0016 26 227 51 235
boat 0.0014 236 130 316 179
boat 0.0014 59 220 72 232
boat 0.0013 208 149 242 172
boat 0.0013 255 158 268 171
boat 0.0012 45 227 62 235
boat 0.0012 130 141 144 167
boat 0.0010 427 219 451 229
