person 0.0022 357 266 374 289
person 0.0013 368 203 375 223
person 0.0010 0 433 96 496
bicycle 0.0024 310 99 327 134
bird 0.0013 309 287 355 314
cat 0.0498 309 287 354 314
dog 0.0024 309 287 355 314
bottle 0.0146 321 181 330 190
bottle 0.0091 282 181 291 195
bottle 0.0074 340 93 355 129
bottle 0.0074 329 179 338 194
bottle 0.0034 310 189 324 199
bottle 0.0031 233 222 240 237
bottle 0.0029 343 92 352 108
bottle 0.0027 270 182 279 193
bottle 0.0021 340 114 357 129
bottle 0.0020 295 183 314 195
bottle 0.0013 326 157 339 193
bottle 0.0010 299 190 313 203
bottle 0.0010 270 184 282 207
chair 0.6999 268 191 292 263
chair 0.6935 287 193 315 268
chair 0.3966 309 202 336 259
chair 0.2398 0 432 96 498
chair 0.1536 348 265 375 365
chair 0.1530 268 270 373 369
chair 0.0678 283 181 294 195
chair 0.0539 298 190 310 202
chair 0.0447 310 189 323 199
chair 0.0437 321 181 332 192
chair 0.0375 280 181 289 195
chair 0.0266 270 190 293 209
chair 0.0256 270 182 279 193
chair 0.0159 99 301 135 325
chair 0.0157 310 223 333 253
chair 0.0149 295 183 314 195
chair 0.0127 319 206 335 251
chair 0.0122 329 180 338 193
chair 0.0116 292 188 303 199
chair 0.0112 357 265 375 288
chair 0.0108 311 207 336 226
chair 0.0096 269 188 291 226
chair 0.0090 2 266 76 323
chair 0.0074 301 191 322 205
chair 0.0071 294 193 324 217
chair 0.0070 270 184 282 207
chair 0.0068 318 230 333 250
chair 0.0057 317 184 335 196
chair 0.0055 320 207 336 222
chair 0.0054 307 176 328 193
chair 0.0045 302 202 333 219
chair 0.0040 312 138 362 270
chair 0.0038 43 267 70 277
chair 0.0037 17 267 74 295
chair 0.0035 309 190 333 201
chair 0.0034 303 198 336 212
chair 0.0028 315 239 333 262
chair 0.0021 64 236 100 309
chair 0.0021 302 203 327 230
chair 0.0018 273 233 286 257
chair 0.0018 349 254 368 288
chair 0.0018 33 235 90 303
chair 0.0015 308 229 319 258
chair 0.0013 303 260 331 290
chair 0.0012 288 173 318 196
chair 0.0012 0 250 25 288
chair 0.0011 292 195 311 228
chair 0.0011 8 285 62 319
chair 0.0011 346 269 373 307
chair 0.0010 0 242 35 314
chair 0.0010 40 461 96 499
chair 0.0010 326 191 338 200
sofa 0.3135 348 265 374 362
sofa 0.2295 268 270 374 370
sofa 0.1627 1 433 97 498
sofa 0.0068 0 297 170 452
sofa 0.0010 1 275 72 324
pottedplant 0.7663 0 123 44 247
pottedplant 0.7133 34 186 63 244
pottedplant 0.6432 289 172 317 193
pottedplant 0.4799 0 207 35 251
pottedplant 0.0357 323 277 346 293
pottedplant 0.0299 40 222 61 244
pottedplant 0.0240 309 180 319 191
pottedplant 0.0208 0 207 37 288
pottedplant 0.0186 307 176 328 193
pottedplant 0.0128 309 275 353 314
pottedplant 0.0084 322 180 333 192
pottedplant 0.0072 4 124 43 165
pottedplant 0.0070 283 181 293 195
pottedplant 0.0069 310 189 324 199
pottedplant 0.0057 0 125 46 353
pottedplant 0.0047 306 261 353 293
pottedplant 0.0045 299 190 313 203
pottedplant 0.0045 0 150 33 219
pottedplant 0.0041 39 205 62 243
pottedplant 0.0030 295 183 314 195
pottedplant 0.0025 270 181 279 192
pottedplant 0.0024 305 261 332 288
pottedplant 0.0018 1 216 16 251
pottedplant 0.0017 368 203 375 228
pottedplant 0.0014 301 100 337 177
pottedplant 0.0014 329 180 338 193
pottedplant 0.0011 3 244 26 286
pottedplant 0.0011 317 184 335 196
pottedplant 0.0010 292 188 303 199
pottedplant 0.0010 326 157 339 193
pottedplant 0.0010 5 176 33 211
diningtable 0.5701 270 193 339 259
diningtable 0.1756 302 197 335 211
diningtable 0.1684 286 191 337 212
diningtable 0.0530 0 299 171 451
diningtable 0.0438 303 200 337 221
diningtable 0.0432 301 191 322 205
diningtable 0.0222 305 200 334 257
diningtable 0.0222 268 286 373 372
diningtable 0.0143 2 266 76 323
diningtable 0.0140 288 193 320 267
diningtable 0.0076 309 190 333 201
diningtable 0.0074 302 203 327 230
diningtable 0.0066 317 196 337 208
diningtable 0.0055 270 190 293 209
diningtable 0.0054 348 277 374 358
diningtable 0.0041 320 207 336 222
diningtable 0.0037 317 184 335 196
diningtable 0.0035 311 207 336 226
diningtable 0.0033 268 191 292 262
diningtable 0.0033 0 433 95 498
diningtable 0.0032 317 181 332 192
diningtable 0.0022 288 173 318 196
diningtable 0.0021 270 195 293 234
diningtable 0.0020 326 191 338 200
diningtable 0.0018 333 191 375 264
diningtable 0.0018 295 183 314 195
diningtable 0.0017 269 187 289 221
diningtable 0.0015 299 190 313 203
diningtable 0.0013 17 267 74 295
diningtable 0.0012 279 183 291 197
diningtable 0.0012 284 183 294 196
diningtable 0.0011 318 202 336 249
diningtable 0.0010 -2 216 82 291
diningtable 0.0010 310 189 324 198
tvmonitor 0.9139 143 207 210 258
tvmonitor 0.0029 231 189 246 211
tvmonitor 0.0020 321 181 332 192
