person 0.0039 124 93 173 128
person 0.0037 5 125 17 136
person 0.0033 220 55 229 79
person 0.0022 24 84 478 310
person 0.0020 17 125 25 137
bicycle 0.0020 4 125 19 136
car 0.9149 25 76 476 314
car 0.0128 115 103 414 144
car 0.0121 5 125 17 136
car 0.0067 33 122 61 144
car 0.0029 32 92 103 145
car 0.0020 29 121 62 229
car 0.0017 58 74 364 131
car 0.0010 50 86 132 139
car 0.0010 52 78 209 141
bus 0.0122 32 91 102 144
bus 0.0120 24 84 478 310
boat 0.0014 148 105 448 141
chair 0.0022 2 125 18 135
chair 0.0015 33 122 60 144
pottedplant 0.0027 153 51 175 77
