person 0.8954 145 159 238 315
person 0.8631 223 126 301 266
person 0.7612 169 116 216 164
person 0.6888 210 106 263 156
person 0.6539 341 103 429 225
person 0.2644 471 102 499 138
person 0.2174 426 176 499 319
person 0.1544 476 87 499 129
person 0.1032 370 103 429 184
person 0.0730 469 98 499 201
person 0.0481 455 85 499 294
person 0.0316 227 106 248 130
person 0.0262 485 87 499 111
person 0.0174 480 139 499 260
person 0.0162 483 97 499 132
person 0.0065 210 136 227 151
person 0.0061 204 135 227 158
person 0.0060 162 144 245 214
person 0.0053 441 101 499 187
person 0.0049 474 121 494 137
person 0.0040 445 59 458 71
person 0.0036 484 182 499 259
person 0.0033 424 60 433 72
person 0.0027 424 58 457 72
person 0.0022 438 149 498 239
person 0.0020 218 152 347 311
person 0.0015 201 147 224 160
person 0.0012 474 102 496 123
person 0.0012 212 123 232 151
person 0.0011 471 130 499 161
person 0.0011 487 146 499 220
person 0.0010 197 164 247 230
person 0.0010 203 135 217 153
cat 0.0016 143 276 172 306
cat 0.0014 425 176 499 323
cat 0.0011 417 103 454 121
dog 0.0052 143 274 173 306
dog 0.0019 417 103 453 121
dog 0.0016 144 273 210 308
dog 0.0014 425 178 501 322
bottle 0.0105 424 59 434 72
bottle 0.0038 316 141 329 153
bottle 0.0035 330 141 338 152
bottle 0.0022 227 213 239 239
bottle 0.0014 240 194 251 219
bottle 0.0013 68 278 103 312
bottle 0.0012 445 59 458 71
bottle 0.0012 73 289 89 311
bottle 0.0011 121 204 135 216
chair 0.1219 337 179 432 262
chair 0.1027 237 269 280 350
chair 0.0423 235 231 334 305
chair 0.0375 304 129 325 142
chair 0.0230 426 177 499 321
chair 0.0195 445 59 458 71
chair 0.0156 484 184 499 260
chair 0.0142 425 59 460 72
chair 0.0135 444 164 493 226
chair 0.0119 469 90 499 173
chair 0.0110 440 145 499 255
chair 0.0091 326 114 391 143
chair 0.0090 234 261 304 304
chair 0.0090 214 186 240 199
chair 0.0087 472 102 498 138
chair 0.0082 469 123 500 161
chair 0.0075 106 223 284 359
chair 0.0070 471 138 499 197
chair 0.0068 481 87 499 117
chair 0.0066 385 180 429 241
chair 0.0065 211 136 227 152
chair 0.0065 439 111 499 187
chair 0.0059 471 141 499 163
chair 0.0058 238 269 276 295
chair 0.0054 201 147 224 160
chair 0.0050 480 139 499 260
chair 0.0048 270 267 304 305
chair 0.0044 61 283 276 372
chair 0.0044 204 135 227 158
chair 0.0039 466 175 499 258
chair 0.0039 211 189 228 205
chair 0.0036 475 95 492 120
chair 0.0035 284 268 303 301
chair 0.0031 424 59 434 72
chair 0.0031 169 140 184 155
chair 0.0029 144 257 234 307
chair 0.0028 450 59 474 82
chair 0.0025 438 156 493 184
chair 0.0024 417 149 430 182
chair 0.0024 470 123 485 142
chair 0.0024 469 118 485 159
chair 0.0022 413 57 473 95
chair 0.0022 456 58 475 71
chair 0.0022 140 156 174 185
chair 0.0022 302 111 436 246
chair 0.0022 148 175 322 349
chair 0.0021 415 117 454 177
chair 0.0021 296 137 319 147
chair 0.0020 336 180 351 199
chair 0.0019 211 186 243 207
chair 0.0018 355 143 380 151
chair 0.0018 344 65 468 170
chair 0.0018 478 185 499 220
chair 0.0018 473 131 499 153
chair 0.0017 484 139 499 209
chair 0.0017 388 200 415 235
chair 0.0016 210 189 227 219
chair 0.0016 298 177 352 221
chair 0.0016 475 129 499 142
chair 0.0015 173 151 195 164
chair 0.0015 196 136 222 164
chair 0.0013 490 193 499 262
chair 0.0013 144 273 210 308
chair 0.0012 412 60 443 73
chair 0.0012 144 204 237 310
chair 0.0012 289 203 301 218
chair 0.0011 350 177 413 193
chair 0.0011 311 126 349 152
chair 0.0011 380 50 405 75
chair 0.0011 226 211 238 238
chair 0.0011 410 62 472 149
chair 0.0011 195 158 244 184
chair 0.0011 289 142 386 220
chair 0.0010 199 146 240 170
chair 0.0010 227 106 247 130
sofa 0.0363 426 178 499 318
sofa 0.0291 328 67 468 149
sofa 0.0080 470 97 499 160
sofa 0.0054 471 130 499 161
sofa 0.0044 437 152 499 239
sofa 0.0034 482 183 499 260
sofa 0.0033 328 115 391 143
sofa 0.0032 467 88 499 228
sofa 0.0027 441 101 499 187
sofa 0.0026 413 57 473 95
sofa 0.0024 471 138 499 197
sofa 0.0017 425 59 460 72
sofa 0.0015 455 85 499 294
sofa 0.0015 472 102 498 138
pottedplant 0.0017 423 57 457 72
pottedplant 0.0012 426 211 499 317
diningtable 0.3975 36 185 171 334
diningtable 0.3563 288 141 386 219
diningtable 0.3393 238 221 353 310
diningtable 0.3371 53 277 276 370
diningtable 0.0877 438 156 493 181
diningtable 0.0776 476 130 499 143
diningtable 0.0679 438 153 498 226
diningtable 0.0430 471 130 499 160
diningtable 0.0395 85 184 247 254
diningtable 0.0379 194 143 379 211
diningtable 0.0303 325 68 468 156
diningtable 0.0266 82 174 271 223
diningtable 0.0198 141 160 242 202
diningtable 0.0187 193 159 242 191
diningtable 0.0179 38 230 161 307
diningtable 0.0113 337 183 428 211
diningtable 0.0108 255 144 325 170
diningtable 0.0099 78 177 282 325
diningtable 0.0090 101 182 159 206
diningtable 0.0068 441 101 499 187
diningtable 0.0068 337 181 428 261
diningtable 0.0067 105 207 168 248
diningtable 0.0060 196 158 241 173
diningtable 0.0053 202 151 222 161
diningtable 0.0051 477 127 493 137
diningtable 0.0050 470 93 499 215
diningtable 0.0037 259 140 313 160
diningtable 0.0036 106 223 284 359
diningtable 0.0034 435 80 497 327
diningtable 0.0033 199 169 245 185
diningtable 0.0029 40 194 118 234
diningtable 0.0028 268 142 339 160
diningtable 0.0027 203 168 243 202
diningtable 0.0027 40 232 116 269
diningtable 0.0026 260 146 292 159
diningtable 0.0026 311 113 433 258
diningtable 0.0023 299 146 384 189
diningtable 0.0022 470 138 499 190
diningtable 0.0019 211 186 243 207
diningtable 0.0019 212 144 367 308
diningtable 0.0019 197 160 229 170
diningtable 0.0019 34 215 70 240
diningtable 0.0018 214 186 240 199
diningtable 0.0016 259 154 298 166
diningtable 0.0015 167 129 238 189
diningtable 0.0014 244 133 293 159
diningtable 0.0013 49 193 117 214
diningtable 0.0011 345 63 468 97
diningtable 0.0010 408 58 471 94
diningtable 0.0010 485 124 499 134
tvmonitor 0.1643 350 47 386 75
tvmonitor 0.0284 329 67 468 148
tvmonitor 0.0192 382 51 405 73
tvmonitor 0.0102 335 90 394 118
tvmonitor 0.0070 326 90 397 143
tvmonitor 0.0061 423 57 455 72
tvmonitor 0.0056 328 115 391 143
tvmonitor 0.0022 378 50 392 74
tvmonitor 0.0018 443 58 458 71
tvmonitor 0.0017 372 48 386 73
tvmonitor 0.0017 423 60 433 72
tvmonitor 0.0012 434 50 449 58
tvmonitor 0.0011 196 159 240 173
tvmonitor 0.0010 346 52 418 89
tvmonitor 0.0010 344 62 367 74
