person 0.2350 384 174 499 244
person 0.1026 18 25 415 373
person 0.0531 260 337 398 373
person 0.0289 374 17 499 243
person 0.0090 379 178 501 374
person 0.0030 0 9 148 366
person 0.0027 261 268 496 366
person 0.0016 51 302 371 372
person 0.0011 166 2 500 371
bicycle 0.0125 364 3 499 243
bicycle 0.0038 161 -10 499 365
bicycle 0.0023 2 0 420 375
car 0.0012 -9 -7 505 375
bird 0.5958 45 27 405 369
bird 0.0055 3 287 108 359
bird 0.0033 49 288 103 346
bird 0.0027 0 5 149 338
cat 0.0401 30 18 418 367
cat 0.0086 0 11 149 360
dog 0.0208 31 27 411 371
dog 0.0027 261 335 406 374
cow 0.0074 260 337 406 373
cow 0.0012 2 0 420 375
chair 0.0371 2 -8 433 377
chair 0.0187 353 4 499 239
chair 0.0049 0 280 106 370
chair 0.0034 404 23 497 101
chair 0.0010 260 0 499 300
sofa 0.0071 -1 -9 497 375
sofa 0.0025 260 337 406 373
pottedplant 0.0012 2 0 420 375
