person 0.9176 1 169 119 373
person 0.8927 288 164 417 368
person 0.8721 114 161 227 371
person 0.0372 329 97 360 127
person 0.0113 113 217 150 304
person 0.0088 333 97 352 121
person 0.0062 0 193 36 362
person 0.0057 111 169 164 298
person 0.0049 190 95 209 114
person 0.0049 75 220 121 372
person 0.0041 113 228 134 293
person 0.0039 0 212 16 366
person 0.0035 178 95 209 129
person 0.0033 252 87 270 108
person 0.0031 370 110 389 124
person 0.0028 105 223 136 363
person 0.0024 309 83 326 112
person 0.0023 315 172 334 213
person 0.0017 220 242 249 313
person 0.0017 257 246 275 286
person 0.0015 2 175 244 372
person 0.0015 31 170 86 231
person 0.0015 182 84 228 128
person 0.0012 253 84 291 113
person 0.0011 94 194 158 260
person 0.0010 1 172 89 249
person 0.0010 289 84 316 122
car 0.0046 0 211 34 267
car 0.0024 0 188 37 237
car 0.0022 1 211 35 237
car 0.0013 0 192 36 357
car 0.0013 99 121 261 230
aeroplane 0.8789 5 62 499 330
aeroplane 0.1531 0 107 271 260
aeroplane 0.0586 205 74 488 282
aeroplane 0.0021 17 64 491 204
aeroplane 0.0011 0 111 47 259
train 0.0041 5 61 500 327
train 0.0024 0 111 50 240
boat 0.0018 0 111 50 240
