person 0.9364 323 96 374 228
person 0.9219 95 142 136 216
person 0.0205 54 105 61 113
person 0.0059 117 145 137 193
person 0.0058 69 100 75 109
person 0.0037 128 98 144 105
person 0.0010 95 148 110 212
bicycle 0.0014 68 100 75 109
bicycle 0.0013 54 105 61 113
bird 0.0924 19 194 28 205
bird 0.0134 241 169 247 177
bird 0.0073 96 240 104 248
bird 0.0050 128 98 142 105
bird 0.0035 53 105 61 113
bird 0.0028 470 186 477 197
bird 0.0019 206 176 215 182
bird 0.0018 138 220 147 232
bird 0.0017 68 100 75 109
bird 0.0011 216 215 224 221
dog 0.0176 54 105 62 113
dog 0.0131 128 98 142 105
dog 0.0040 68 100 75 109
horse 0.0483 54 105 62 113
horse 0.0100 128 98 142 105
horse 0.0063 68 100 75 109
sheep 0.1688 54 105 61 113
sheep 0.0640 130 98 143 105
sheep 0.0148 68 100 75 109
sheep 0.0022 137 220 147 232
sheep 0.0022 65 101 74 111
sheep 0.0015 20 195 27 204
sheep 0.0010 43 107 56 114
cow 0.0893 54 105 62 113
cow 0.0641 130 98 143 105
cow 0.0104 68 100 75 109
cow 0.0011 65 101 74 111
bottle 0.0180 297 238 307 254
bottle 0.0048 138 220 147 232
bottle 0.0017 216 215 224 221
bottle 0.0015 365 159 373 173
bottle 0.0013 96 240 104 248
