person 0.8706 61 285 129 372
person 0.7772 30 317 68 373
person 0.7515 136 151 233 341
person 0.5960 183 15 410 373
person 0.5604 249 166 476 372
person 0.4540 123 302 208 373
person 0.4478 0 209 37 372
person 0.3677 258 270 408 373
person 0.2837 107 316 126 351
person 0.2759 120 302 168 370
person 0.2460 28 292 51 326
person 0.2432 119 319 153 370
person 0.0887 141 336 208 374
person 0.0875 158 307 232 373
person 0.0750 57 306 73 317
person 0.0412 449 275 498 373
person 0.0352 52 316 71 331
person 0.0327 201 330 235 373
person 0.0296 335 164 449 321
person 0.0287 367 178 477 371
person 0.0228 26 293 51 358
person 0.0144 55 306 75 327
person 0.0131 36 313 71 332
person 0.0128 0 221 13 293
person 0.0122 145 302 170 342
person 0.0110 145 302 169 321
person 0.0110 42 300 57 318
person 0.0102 251 267 327 372
person 0.0088 0 206 31 296
person 0.0086 231 5 351 197
person 0.0085 121 320 143 348
person 0.0081 398 307 464 373
person 0.0073 147 153 229 248
person 0.0066 171 251 397 371
person 0.0065 107 313 132 366
person 0.0062 197 320 275 374
person 0.0059 204 35 228 86
person 0.0058 164 307 209 353
person 0.0053 124 319 142 336
person 0.0051 123 343 152 372
person 0.0041 1 202 41 228
person 0.0040 172 219 274 363
person 0.0037 457 316 497 372
person 0.0034 156 98 180 144
person 0.0031 415 104 438 143
person 0.0030 392 73 408 102
person 0.0028 140 302 179 359
person 0.0028 369 54 377 77
person 0.0026 321 121 384 179
person 0.0025 209 103 228 131
person 0.0022 404 70 420 98
person 0.0020 475 302 499 369
person 0.0020 30 316 51 351
person 0.0018 65 72 94 121
person 0.0018 -1 208 129 370
person 0.0016 197 87 239 209
person 0.0015 378 92 408 132
person 0.0015 468 93 499 141
person 0.0014 361 53 381 105
person 0.0014 2 170 52 229
person 0.0013 175 187 198 229
person 0.0013 399 65 430 140
person 0.0012 160 304 187 349
person 0.0011 195 189 204 202
person 0.0011 463 110 491 141
person 0.0011 307 79 390 180
car 0.0017 2 170 52 228
cat 0.0019 231 12 349 187
dog 0.0365 210 10 392 363
dog 0.0158 231 10 347 203
dog 0.0055 258 270 406 372
dog 0.0032 145 340 205 373
dog 0.0020 303 48 351 118
dog 0.0012 323 119 387 176
horse 0.2452 165 213 410 370
horse 0.1715 164 223 271 370
horse 0.0774 158 307 234 374
horse 0.0715 163 290 332 372
horse 0.0373 170 12 456 374
horse 0.0283 254 269 392 372
horse 0.0250 131 303 209 374
horse 0.0139 141 336 208 374
horse 0.0109 164 220 224 353
horse 0.0059 135 151 233 349
horse 0.0050 194 323 234 374
horse 0.0044 197 319 276 374
horse 0.0030 162 284 216 353
horse 0.0021 229 267 326 372
horse 0.0015 228 6 358 200
horse 0.0014 253 172 471 372
horse 0.0013 72 314 220 370
horse 0.0010 220 160 379 315
cow 0.0078 231 5 351 197
cow 0.0071 209 10 387 361
bottle 0.0076 444 239 475 298
bottle 0.0074 445 239 464 271
bottle 0.0021 358 289 387 307
bottle 0.0015 334 182 355 202
bottle 0.0015 441 237 495 352
bottle 0.0012 457 316 498 370
chair 0.0024 72 275 133 342
chair 0.0023 145 340 205 374
chair 0.0011 454 312 498 373
chair 0.0011 250 324 274 367
chair 0.0010 67 277 131 297
sofa 0.0026 159 163 485 372
sofa 0.0012 254 283 472 372
