person 0.8830 117 69 251 315
person 0.8523 231 117 498 332
person 0.8509 97 81 186 249
person 0.8059 124 176 348 329
person 0.6189 240 184 339 296
person 0.0492 292 188 387 267
person 0.0229 331 206 387 265
person 0.0169 114 243 291 331
person 0.0124 241 216 302 270
person 0.0087 284 187 345 248
person 0.0071 300 191 354 287
person 0.0068 280 215 297 233
person 0.0067 367 118 500 330
person 0.0065 328 208 353 259
person 0.0055 265 216 301 252
person 0.0048 284 220 302 237
person 0.0045 77 -2 471 332
person 0.0038 282 199 310 235
person 0.0031 305 188 346 227
person 0.0027 122 83 185 186
person 0.0026 100 168 120 183
person 0.0022 331 207 352 236
person 0.0021 379 209 397 242
person 0.0019 139 298 210 332
person 0.0015 96 149 129 261
person 0.0015 141 208 326 294
person 0.0013 305 222 339 288
person 0.0012 382 193 399 239
train 0.0011 0 -21 466 317
cat 0.0177 0 245 77 313
dog 0.2875 0 245 76 313
dog 0.0089 114 244 291 331
dog 0.0011 127 127 169 182
bottle 0.0204 44 118 55 164
bottle 0.0057 241 163 254 226
bottle 0.0052 152 161 171 207
bottle 0.0045 242 195 252 221
bottle 0.0041 15 132 48 164
bottle 0.0037 242 179 252 205
bottle 0.0035 282 215 297 231
bottle 0.0032 143 131 161 141
bottle 0.0019 284 220 302 237
bottle 0.0018 165 176 177 195
bottle 0.0014 160 160 170 171
bottle 0.0013 269 260 286 276
bottle 0.0011 135 132 163 162
bottle 0.0010 243 161 255 204
chair 0.1959 0 179 115 295
chair 0.0998 330 207 387 265
chair 0.0363 131 167 173 264
chair 0.0335 398 284 499 331
chair 0.0142 304 234 333 289
chair 0.0132 117 176 351 329
chair 0.0099 242 185 254 221
chair 0.0082 118 167 197 312
chair 0.0074 240 130 257 228
chair 0.0070 139 170 158 236
chair 0.0064 114 244 291 331
chair 0.0061 198 180 250 256
chair 0.0056 240 233 297 269
chair 0.0056 134 174 191 240
chair 0.0050 398 179 500 330
chair 0.0044 142 171 177 222
chair 0.0040 172 206 205 246
chair 0.0040 14 131 50 167
chair 0.0037 252 264 300 308
chair 0.0034 117 138 493 330
chair 0.0033 93 167 126 264
chair 0.0033 119 65 250 321
chair 0.0032 231 241 497 330
chair 0.0031 230 187 335 315
chair 0.0030 243 130 256 176
chair 0.0029 165 176 177 195
chair 0.0029 246 128 259 203
chair 0.0028 250 208 277 222
chair 0.0026 242 179 252 205
chair 0.0026 313 259 356 293
chair 0.0025 247 203 278 230
chair 0.0025 348 235 384 265
chair 0.0025 100 168 120 183
chair 0.0025 328 209 354 259
chair 0.0023 299 190 388 266
chair 0.0023 242 202 251 223
chair 0.0022 232 261 255 273
chair 0.0022 230 127 259 206
chair 0.0021 182 203 206 228
chair 0.0021 130 228 148 281
chair 0.0021 152 161 171 207
chair 0.0020 240 236 272 262
chair 0.0020 231 262 255 283
chair 0.0020 98 152 150 266
chair 0.0018 184 203 207 217
chair 0.0018 311 236 333 265
chair 0.0017 160 173 176 199
chair 0.0016 141 208 326 294
chair 0.0014 238 200 254 235
chair 0.0014 200 260 279 330
chair 0.0014 0 246 76 313
chair 0.0012 -6 209 118 258
chair 0.0011 351 250 379 267
chair 0.0011 365 231 386 258
chair 0.0011 131 175 146 238
sofa 0.0975 117 181 446 331
sofa 0.0514 331 208 387 265
sofa 0.0077 114 233 333 330
sofa 0.0073 -1 161 122 290
sofa 0.0070 119 65 250 321
sofa 0.0064 240 220 299 269
sofa 0.0056 299 190 388 266
sofa 0.0049 117 243 233 330
sofa 0.0045 229 113 499 331
sofa 0.0043 204 271 490 329
sofa 0.0028 230 187 335 315
sofa 0.0024 141 208 326 294
sofa 0.0015 202 260 302 329
sofa 0.0012 240 236 272 262
sofa 0.0011 396 164 499 330
sofa 0.0011 138 297 211 332
sofa 0.0010 401 284 499 331
pottedplant 0.0064 16 132 48 164
pottedplant 0.0017 250 207 276 227
pottedplant 0.0012 248 218 279 237
diningtable 0.2405 0 166 124 294
diningtable 0.0497 248 219 279 237
diningtable 0.0349 244 211 286 243
diningtable 0.0081 1 162 124 226
diningtable 0.0075 243 208 306 265
diningtable 0.0067 172 208 303 265
diningtable 0.0050 49 160 124 254
diningtable 0.0047 141 208 326 294
diningtable 0.0044 3 166 120 195
diningtable 0.0040 241 263 368 331
diningtable 0.0034 240 226 285 263
diningtable 0.0033 85 164 126 262
diningtable 0.0025 247 203 278 230
diningtable 0.0018 252 263 300 307
diningtable 0.0016 123 242 508 327
diningtable 0.0014 250 208 277 222
diningtable 0.0013 197 259 307 327
diningtable 0.0011 244 223 280 246
diningtable 0.0010 230 187 335 315
