person 0.9179 59 103 380 410
person 0.0026 382 55 418 109
person 0.0026 423 278 498 334
person 0.0020 133 174 143 184
dog 0.0056 57 352 159 411
dog 0.0012 382 55 418 109
bottle 0.0882 413 322 436 354
bottle 0.0053 414 322 433 337
bottle 0.0040 406 325 438 371
bottle 0.0022 437 345 466 385
bottle 0.0016 205 299 254 313
bottle 0.0015 406 350 437 371
bottle 0.0014 224 302 254 313
bottle 0.0013 366 318 376 335
bottle 0.0012 477 329 499 355
bottle 0.0011 476 291 499 398
chair 0.6114 20 185 161 410
chair 0.2279 19 180 337 409
chair 0.0319 57 352 159 411
chair 0.0107 425 277 490 329
chair 0.0049 211 194 257 221
chair 0.0046 425 278 454 324
chair 0.0045 284 323 341 344
chair 0.0021 41 299 380 408
chair 0.0020 234 199 256 220
chair 0.0015 478 291 499 378
chair 0.0012 212 193 245 206
chair 0.0011 272 250 304 278
sofa 0.1162 35 184 400 409
sofa 0.0546 20 184 156 410
sofa 0.0018 15 181 286 353
sofa 0.0014 41 299 380 408
sofa 0.0010 425 276 490 327
pottedplant 0.2206 413 92 489 291
pottedplant 0.1370 412 0 496 71
pottedplant 0.0322 461 78 499 139
pottedplant 0.0054 413 98 472 201
pottedplant 0.0044 376 0 409 20
pottedplant 0.0016 382 54 418 110
pottedplant 0.0014 457 94 477 135
diningtable 0.6579 201 323 500 411
diningtable 0.0129 33 302 519 412
diningtable 0.0060 415 331 499 407
diningtable 0.0047 211 355 387 411
diningtable 0.0022 425 277 491 328
diningtable 0.0017 197 337 325 390
diningtable 0.0011 156 354 248 411
diningtable 0.0010 211 194 257 222
