aeroplane 0.0067 69 -1 424 368
boat 0.0013 197 312 268 349
bottle 0.0013 226 305 239 323
chair 0.1431 133 34 395 364
chair 0.0922 70 138 183 240
chair 0.0379 154 175 317 369
chair 0.0346 72 144 189 319
chair 0.0078 329 124 396 146
chair 0.0061 194 165 394 222
chair 0.0056 170 0 317 99
chair 0.0039 36 68 70 314
chair 0.0019 324 213 404 365
chair 0.0019 328 105 428 144
chair 0.0017 406 98 422 139
chair 0.0015 5 229 182 373
chair 0.0014 468 193 499 254
chair 0.0014 139 155 409 292
chair 0.0011 467 133 499 155
chair 0.0010 150 48 275 266
chair 0.0010 478 137 498 155
sofa 0.0016 74 136 167 230
diningtable 0.0149 138 84 402 365
diningtable 0.0039 221 165 399 226
diningtable 0.0015 179 290 313 344
tvmonitor 0.0198 173 0 307 96
tvmonitor 0.0137 70 137 167 237
tvmonitor 0.0069 198 221 304 299
tvmonitor 0.0027 139 143 398 316
tvmonitor 0.0022 148 164 400 222
tvmonitor 0.0010 176 218 316 346
