person 0.0011 18 287 58 336
person 0.0010 143 321 170 360
bicycle 0.9281 42 80 379 353
bicycle 0.0066 133 322 205 373
bicycle 0.0058 0 63 201 348
bicycle 0.0051 223 76 375 298
bicycle 0.0028 80 281 213 370
bicycle 0.0025 40 169 217 354
bicycle 0.0013 215 152 253 186
car 0.0020 133 339 162 359
car 0.0011 352 213 500 371
car 0.0010 133 320 204 368
car 0.0010 246 111 262 127
motorbike 0.0019 35 77 377 356
motorbike 0.0010 134 323 205 373
bus 0.0012 37 67 378 362
boat 0.0040 112 333 148 351
boat 0.0027 133 340 160 358
boat 0.0019 133 322 205 371
boat 0.0011 133 340 148 357
bottle 0.1961 107 104 130 150
bottle 0.0283 65 108 73 151
bottle 0.0130 237 269 267 313
bottle 0.0102 63 108 72 136
bottle 0.0079 261 107 276 126
bottle 0.0047 246 111 262 127
bottle 0.0034 215 89 227 113
bottle 0.0032 75 135 89 152
bottle 0.0031 251 103 275 125
bottle 0.0030 66 134 75 152
bottle 0.0018 255 38 268 67
bottle 0.0017 215 57 226 73
bottle 0.0014 224 57 233 74
bottle 0.0012 89 130 106 152
bottle 0.0010 249 269 274 305
bottle 0.0010 228 58 237 74
chair 0.0763 352 213 500 371
chair 0.0058 219 109 256 128
chair 0.0033 212 92 250 128
chair 0.0014 215 90 230 121
chair 0.0013 133 318 204 371
chair 0.0011 132 291 235 366
chair 0.0010 0 103 211 347
sofa 0.9177 352 212 499 368
pottedplant 0.2069 0 77 69 230
pottedplant 0.0299 1 73 175 326
pottedplant 0.0274 0 79 58 165
pottedplant 0.0181 0 68 89 336
pottedplant 0.0079 0 174 52 259
pottedplant 0.0070 20 133 64 165
pottedplant 0.0033 10 97 109 207
pottedplant 0.0024 87 129 108 152
pottedplant 0.0023 0 147 75 244
pottedplant 0.0020 0 78 44 132
pottedplant 0.0017 16 205 45 238
pottedplant 0.0016 5 178 97 273
pottedplant 0.0011 38 131 60 159
pottedplant 0.0010 19 184 76 217
diningtable 0.0012 40 169 217 354
diningtable 0.0010 351 213 502 372
tvmonitor 0.0011 466 359 499 374
