person 0.9046 214 54 320 223
person 0.8693 0 62 69 234
person 0.8187 130 92 169 207
person 0.0457 0 8 8 44
person 0.0451 130 93 164 134
person 0.0239 0 12 10 67
person 0.0133 1 11 38 222
person 0.0107 0 11 21 143
person 0.0057 0 121 11 214
person 0.0041 38 75 66 96
person 0.0035 0 66 68 150
person 0.0034 0 69 15 131
person 0.0032 205 144 222 166
person 0.0026 58 88 168 209
person 0.0025 0 8 40 111
person 0.0014 174 35 193 69
person 0.0013 465 138 499 187
person 0.0012 204 129 232 165
person 0.0010 0 80 26 239
person 0.0010 2 67 45 95
person 0.0010 427 141 484 188
person 0.0010 93 97 118 127
bicycle 0.9247 192 126 350 252
bicycle 0.7920 0 138 119 268
bicycle 0.0250 52 146 135 208
bicycle 0.0067 194 136 271 251
bicycle 0.0027 162 142 222 206
bicycle 0.0016 188 140 253 210
bicycle 0.0014 55 165 122 203
bicycle 0.0013 44 136 218 206
bicycle 0.0012 424 139 499 188
car 0.0040 179 158 211 172
car 0.0020 54 142 180 207
car 0.0019 56 90 170 140
car 0.0016 166 168 212 202
car 0.0012 456 128 499 138
car 0.0012 174 167 211 182
car 0.0011 49 86 168 201
car 0.0010 424 127 499 140
motorbike 0.0020 161 143 218 206
bus 0.0012 2 34 154 155
dog 0.0014 130 94 163 134
chair 0.0029 0 136 119 269
chair 0.0022 54 142 180 207
chair 0.0016 452 139 499 187
chair 0.0012 164 154 181 180
pottedplant 0.0055 467 -1 499 74
pottedplant 0.0013 420 52 453 73
diningtable 0.0122 372 133 496 149
diningtable 0.0087 298 130 490 152
diningtable 0.0046 373 126 498 141
diningtable 0.0041 46 130 168 207
diningtable 0.0040 379 143 499 181
diningtable 0.0023 300 131 468 193
diningtable 0.0018 306 126 438 147
diningtable 0.0012 48 126 144 154
