person 0.9185 74 -3 314 372
person 0.8877 0 120 37 300
person 0.8703 51 121 99 266
person 0.4883 7 98 34 164
person 0.1182 5 84 20 117
person 0.0119 0 115 17 163
person 0.0074 6 139 20 161
person 0.0035 68 125 100 203
person 0.0028 1 115 31 177
person 0.0027 89 -2 296 177
person 0.0024 88 156 100 185
person 0.0023 269 80 313 332
person 0.0023 63 121 84 145
person 0.0018 71 126 122 370
person 0.0015 70 280 98 371
person 0.0013 54 120 87 180
person 0.0011 71 276 181 371
bicycle 0.0022 71 282 99 373
car 0.0069 24 129 468 369
car 0.0034 38 240 390 369
car 0.0012 6 139 20 161
bus 0.0040 0 8 77 254
bus 0.0013 45 120 83 178
train 0.0026 310 122 401 164
train 0.0026 1 9 77 260
boat 0.0383 53 162 469 370
boat 0.0066 38 240 390 369
boat 0.0011 298 173 499 368
bottle 0.0030 269 78 314 311
bottle 0.0016 142 97 159 125
bottle 0.0010 24 167 37 176
chair 0.0053 6 139 31 162
chair 0.0041 70 280 100 373
chair 0.0030 89 153 101 180
chair 0.0018 19 125 33 155
chair 0.0017 18 141 31 156
chair 0.0016 72 312 113 374
chair 0.0016 6 142 20 162
chair 0.0015 72 332 88 374
chair 0.0015 72 285 89 346
chair 0.0013 6 110 34 162
chair 0.0011 72 279 136 374
chair 0.0010 92 153 106 174
diningtable 0.0015 72 283 89 347
