person 0.0439 38 180 48 192
person 0.0173 70 170 78 191
person 0.0161 60 250 69 256
person 0.0114 35 170 44 191
person 0.0108 56 180 64 193
person 0.0096 101 120 119 132
person 0.0085 333 219 346 229
person 0.0064 110 120 119 131
person 0.0055 408 219 417 228
person 0.0042 32 167 42 192
person 0.0040 49 182 56 192
person 0.0039 104 121 129 160
person 0.0036 90 154 99 162
person 0.0032 82 186 90 195
person 0.0028 57 165 65 192
person 0.0028 192 222 203 229
person 0.0023 396 219 407 230
person 0.0022 337 218 348 227
person 0.0019 188 223 201 231
person 0.0016 114 122 126 133
person 0.0010 170 224 182 233
car 0.0358 337 218 348 227
car 0.0147 492 209 499 218
car 0.0040 191 222 202 230
car 0.0031 344 219 355 227
car 0.0026 486 213 498 224
car 0.0023 348 207 379 228
car 0.0020 321 219 332 229
car 0.0020 482 211 496 222
car 0.0017 331 219 376 231
car 0.0011 382 226 405 233
bus 0.0421 347 207 380 227
bus 0.0027 337 217 348 227
bus 0.0016 0 213 31 241
train 0.0031 347 207 380 229
boat 0.7695 212 111 323 246
boat 0.5909 15 119 215 250
boat 0.1800 0 210 31 241
boat 0.1648 95 219 214 250
boat 0.1224 384 226 408 233
boat 0.0988 321 207 388 240
boat 0.0846 218 193 327 247
boat 0.0414 0 225 30 242
boat 0.0353 321 223 388 238
boat 0.0345 381 212 412 234
boat 0.0176 0 179 32 240
boat 0.0166 342 221 418 236
boat 0.0157 60 250 69 256
boat 0.0124 333 219 346 229
boat 0.0118 373 200 497 239
boat 0.0115 407 220 416 230
boat 0.0114 373 219 498 241
boat 0.0108 388 220 408 232
boat 0.0099 81 149 229 250
boat 0.0076 16 211 218 251
boat 0.0075 403 222 424 233
boat 0.0071 322 231 389 243
boat 0.0051 98 122 117 133
boat 0.0046 396 219 407 230
boat 0.0039 17 192 130 251
boat 0.0037 491 210 499 220
boat 0.0036 436 172 498 224
boat 0.0033 472 212 492 223
boat 0.0031 180 147 241 242
boat 0.0029 331 173 499 245
boat 0.0026 0 204 25 220
boat 0.0025 330 216 371 235
boat 0.0023 148 190 157 204
boat 0.0023 379 213 395 230
boat 0.0023 399 214 427 229
boat 0.0021 321 219 332 230
boat 0.0019 460 213 483 225
boat 0.0018 486 213 498 224
boat 0.0018 335 203 417 233
boat 0.0018 347 207 379 228
boat 0.0018 189 223 202 232
boat 0.0017 106 223 149 236
boat 0.0016 338 218 348 227
boat 0.0014 201 243 222 250
boat 0.0014 400 226 502 240
boat 0.0013 49 239 101 251
boat 0.0012 480 215 496 224
boat 0.0011 1 233 18 242
boat 0.0011 464 217 488 226
boat 0.0011 428 221 440 228
boat 0.0010 240 194 288 228
bird 0.0128 99 121 118 132
bird 0.0068 60 250 69 256
bird 0.0025 110 120 119 131
