person 0.8522 385 67 421 132
person 0.8265 0 168 80 281
person 0.8158 427 75 456 141
person 0.8118 462 58 499 184
person 0.7955 0 53 76 233
person 0.7240 318 65 340 97
person 0.7107 338 74 357 107
person 0.5788 451 79 469 140
person 0.5531 361 84 378 116
person 0.5133 389 60 406 90
person 0.4960 376 83 390 108
person 0.4262 364 83 388 113
person 0.4201 1 67 29 102
person 0.2262 7 67 29 89
person 0.2048 0 251 87 330
person 0.1534 0 73 14 102
person 0.1090 460 76 475 145
person 0.1013 111 102 153 133
person 0.0909 361 76 374 108
person 0.0880 463 78 474 93
person 0.0787 353 75 367 113
person 0.0614 479 76 499 192
person 0.0608 453 82 464 107
person 0.0522 268 91 292 129
person 0.0479 462 78 474 108
person 0.0457 146 236 178 258
person 0.0435 0 70 12 86
person 0.0429 425 81 435 90
person 0.0426 218 75 284 130
person 0.0411 417 80 429 92
person 0.0383 235 81 268 113
person 0.0373 440 77 456 108
person 0.0340 115 235 178 258
person 0.0334 109 238 149 256
person 0.0291 340 74 354 90
person 0.0283 70 62 95 99
person 0.0236 0 63 27 168
person 0.0221 360 74 373 94
person 0.0190 94 77 146 132
person 0.0189 282 83 303 111
person 0.0187 415 80 431 101
person 0.0179 239 86 280 130
person 0.0179 0 71 16 140
person 0.0158 77 80 104 105
person 0.0155 50 80 60 95
person 0.0141 413 78 426 113
person 0.0133 279 82 319 123
person 0.0130 72 63 91 71
person 0.0123 413 78 426 94
person 0.0119 466 75 474 87
person 0.0116 386 69 402 101
person 0.0114 85 80 117 106
person 0.0111 474 71 483 84
person 0.0111 275 86 299 119
person 0.0110 322 65 338 84
person 0.0100 149 81 191 131
person 0.0092 51 48 107 132
person 0.0088 41 67 77 229
person 0.0084 240 82 253 101
person 0.0069 50 57 71 103
person 0.0061 64 69 157 131
person 0.0056 108 95 195 137
person 0.0056 223 77 256 108
person 0.0054 286 82 299 102
person 0.0048 50 213 90 264
person 0.0048 0 215 12 254
person 0.0046 398 70 422 98
person 0.0045 442 76 455 92
person 0.0044 415 87 436 109
person 0.0043 454 106 467 141
person 0.0043 406 69 424 92
person 0.0043 47 77 64 144
person 0.0042 124 238 148 252
person 0.0042 455 75 467 94
person 0.0041 423 84 437 98
person 0.0041 91 75 156 109
person 0.0040 75 77 126 132
person 0.0040 46 62 60 97
person 0.0039 5 69 20 82
person 0.0039 435 85 448 105
person 0.0038 374 82 384 99
person 0.0037 26 57 40 70
person 0.0036 8 62 64 170
person 0.0034 238 74 333 130
person 0.0032 270 97 311 129
person 0.0029 28 55 47 76
person 0.0028 270 90 284 108
person 0.0025 141 165 183 259
person 0.0022 226 0 272 27
person 0.0021 109 107 128 131
person 0.0020 28 56 56 84
person 0.0018 479 112 499 233
person 0.0018 38 58 59 88
person 0.0018 418 84 441 128
person 0.0018 465 59 499 318
person 0.0017 371 97 388 118
person 0.0017 95 141 203 262
person 0.0017 55 64 82 137
person 0.0015 245 79 281 108
person 0.0015 54 69 87 275
bicycle 0.0026 364 106 387 121
bicycle 0.0023 186 113 218 147
bicycle 0.0015 424 0 500 45
bicycle 0.0015 167 106 219 144
bicycle 0.0013 139 97 216 149
bicycle 0.0010 121 50 188 78
bicycle 0.0010 167 -1 216 22
car 0.4593 9 55 495 323
car 0.1116 120 51 197 79
car 0.0806 416 89 437 121
car 0.0597 55 63 220 258
car 0.0582 158 47 331 77
car 0.0379 120 50 273 81
car 0.0212 49 47 109 72
car 0.0162 198 65 304 78
car 0.0156 120 51 205 130
car 0.0127 64 69 157 131
car 0.0097 49 47 110 130
car 0.0086 83 43 341 95
car 0.0084 169 47 265 72
car 0.0055 100 97 217 149
car 0.0054 0 68 10 83
car 0.0044 415 80 431 101
car 0.0044 232 66 297 76
car 0.0043 477 0 499 14
car 0.0043 457 0 498 19
car 0.0042 121 50 288 129
car 0.0038 46 23 337 80
car 0.0037 105 83 193 134
car 0.0033 62 93 164 157
car 0.0033 421 91 459 120
car 0.0030 205 66 328 98
car 0.0024 72 94 213 196
car 0.0023 222 75 365 134
car 0.0021 218 75 286 131
car 0.0020 372 89 439 123
car 0.0018 445 0 499 42
car 0.0018 69 122 192 244
car 0.0016 488 27 499 40
car 0.0015 315 79 361 120
car 0.0015 62 0 116 10
car 0.0015 188 41 275 56
car 0.0015 0 252 84 331
car 0.0014 145 86 191 132
car 0.0014 170 68 495 221
car 0.0012 121 55 148 76
car 0.0012 364 106 387 121
car 0.0011 77 106 107 131
motorbike 0.0220 416 92 436 126
motorbike 0.0209 363 106 388 124
motorbike 0.0043 415 87 436 109
motorbike 0.0027 362 103 378 118
motorbike 0.0015 371 97 388 118
motorbike 0.0015 348 103 390 129
motorbike 0.0011 456 113 467 142
motorbike 0.0010 0 252 84 331
bus 0.0099 50 48 109 72
bus 0.0034 48 48 109 117
bus 0.0029 162 35 340 84
bus 0.0018 2 38 110 70
train 0.0052 0 38 109 77
train 0.0012 137 39 344 87
boat 0.0054 150 37 348 81
boat 0.0012 416 89 437 121
dog 0.0031 0 251 85 331
horse 0.0954 0 252 88 331
cow 0.0452 0 252 85 331
bottle 0.0030 478 96 498 122
bottle 0.0014 51 99 62 143
chair 0.0054 0 251 85 331
chair 0.0030 111 102 153 133
chair 0.0023 51 288 88 332
chair 0.0020 77 106 108 131
chair 0.0011 0 215 12 254
chair 0.0010 49 48 108 71
sofa 0.0919 1 252 87 331
tvmonitor 0.0809 419 41 460 85
tvmonitor 0.0075 49 48 106 72
tvmonitor 0.0014 274 37 333 84
tvmonitor 0.0012 370 56 410 92
