person 0.0032 237 164 243 183
car 0.6996 402 177 421 187
car 0.6696 339 174 387 190
car 0.4999 371 175 400 189
car 0.3912 390 176 403 187
car 0.3745 155 164 203 195
car 0.3391 435 181 453 189
car 0.3033 85 167 134 196
car 0.1284 57 175 86 193
car 0.1250 422 179 438 187
car 0.0631 454 190 467 197
car 0.0598 49 163 138 196
car 0.0439 477 191 492 197
car 0.0264 40 172 58 181
car 0.0258 31 153 69 179
car 0.0228 268 182 293 189
car 0.0209 188 179 217 193
car 0.0172 446 177 466 185
car 0.0141 416 172 433 183
car 0.0104 57 167 97 193
car 0.0099 194 184 220 194
car 0.0093 51 163 85 183
car 0.0092 296 238 331 248
car 0.0080 336 175 358 188
car 0.0078 313 183 335 189
car 0.0048 334 181 347 190
car 0.0044 95 161 205 195
car 0.0044 17 187 39 195
car 0.0041 436 179 457 187
car 0.0034 468 190 485 198
car 0.0032 93 158 160 185
car 0.0031 191 176 204 186
car 0.0026 421 177 449 188
car 0.0024 89 163 116 174
car 0.0019 1 185 22 195
car 0.0018 193 176 208 185
car 0.0018 33 162 54 177
car 0.0015 57 175 77 186
car 0.0015 264 178 293 187
car 0.0013 1 160 38 174
car 0.0011 317 223 349 232
car 0.0010 87 164 100 173
car 0.0010 481 188 498 199
car 0.0010 286 160 349 188
car 0.0010 0 154 7 175
aeroplane 0.0123 32 154 85 179
aeroplane 0.0027 447 175 466 182
aeroplane 0.0023 315 223 349 232
aeroplane 0.0022 296 238 331 248
aeroplane 0.0020 290 223 335 247
aeroplane 0.0017 337 174 387 190
aeroplane 0.0011 281 161 396 190
bus 0.1695 92 157 161 185
bus 0.0867 91 159 204 194
bus 0.0424 52 153 170 187
bus 0.0101 285 159 351 188
bus 0.0039 429 180 452 189
bus 0.0039 155 164 200 194
bus 0.0037 55 162 135 195
bus 0.0026 35 156 87 179
bus 0.0025 322 160 358 178
bus 0.0025 401 177 422 187
bus 0.0020 447 175 466 182
bus 0.0016 416 172 433 183
bus 0.0014 32 157 63 179
bus 0.0012 97 161 135 176
bus 0.0011 423 180 436 188
bus 0.0010 289 167 332 185
train 0.0085 95 157 162 185
train 0.0021 84 158 202 195
train 0.0014 25 146 202 192
boat 0.0175 454 191 467 197
boat 0.0070 295 237 330 248
boat 0.0051 32 155 67 178
boat 0.0037 194 184 220 194
boat 0.0033 477 190 494 197
boat 0.0032 317 223 350 230
boat 0.0026 290 222 330 248
boat 0.0024 447 175 466 182
boat 0.0023 449 177 466 185
boat 0.0016 189 179 216 193
boat 0.0015 269 182 294 189
boat 0.0013 468 190 485 198
boat 0.0010 92 157 161 183
horse 0.0018 57 176 86 193
cow 0.0027 57 176 86 193
cow 0.0023 49 163 138 196
