person 0.8997 80 96 242 310
person 0.8581 217 41 295 300
person 0.7835 311 12 374 373
person 0.7721 284 14 359 305
person 0.7232 0 193 97 320
person 0.6806 34 107 105 201
person 0.0830 339 0 374 79
person 0.0641 327 25 374 258
person 0.0323 107 120 127 166
person 0.0178 290 21 358 136
person 0.0156 97 119 127 191
person 0.0107 2 111 109 254
person 0.0069 269 103 295 213
person 0.0067 265 80 295 284
person 0.0066 333 0 372 170
person 0.0059 330 32 365 131
person 0.0042 285 99 340 298
person 0.0040 359 50 374 87
person 0.0039 102 117 149 228
person 0.0033 80 189 221 308
person 0.0030 16 107 32 125
person 0.0024 340 70 360 121
person 0.0023 0 168 35 216
person 0.0023 160 4 191 99
person 0.0021 251 160 293 298
person 0.0020 112 121 125 154
person 0.0020 -3 170 152 309
person 0.0020 53 166 76 218
person 0.0017 1 197 63 267
person 0.0017 0 196 19 240
person 0.0017 177 66 373 416
person 0.0016 96 151 124 221
person 0.0015 107 151 343 423
person 0.0015 315 185 335 223
person 0.0014 291 22 338 93
person 0.0013 216 106 227 130
person 0.0012 309 222 373 368
person 0.0011 325 13 362 74
person 0.0010 28 248 67 276
bottle 0.8058 53 167 75 219
bottle 0.0351 209 310 309 494
bottle 0.0251 97 175 112 213
bottle 0.0104 299 95 315 119
bottle 0.0096 75 205 90 221
bottle 0.0062 164 264 233 404
bottle 0.0054 67 203 76 219
bottle 0.0049 71 305 173 497
bottle 0.0038 170 340 212 404
bottle 0.0033 17 198 31 213
bottle 0.0033 299 99 314 131
bottle 0.0032 90 183 108 215
bottle 0.0030 302 104 313 123
bottle 0.0026 89 196 101 208
bottle 0.0023 46 76 77 138
bottle 0.0021 158 192 171 224
bottle 0.0020 89 209 105 221
bottle 0.0019 82 207 102 221
bottle 0.0018 145 208 164 228
bottle 0.0016 144 220 171 250
bottle 0.0013 77 197 97 219
bottle 0.0012 144 216 159 230
bottle 0.0011 149 328 218 493
bottle 0.0010 315 187 334 224
bottle 0.0010 50 77 72 116
chair 0.6159 0 305 68 352
chair 0.2858 124 195 170 230
chair 0.2807 222 203 252 297
chair 0.1556 107 198 251 304
chair 0.0433 94 192 171 243
chair 0.0395 0 329 45 353
chair 0.0391 123 193 168 213
chair 0.0360 96 175 112 213
chair 0.0176 11 171 115 316
chair 0.0168 1 113 112 250
chair 0.0154 1 340 71 378
chair 0.0062 189 201 249 284
chair 0.0048 241 176 291 299
chair 0.0042 160 192 172 222
chair 0.0041 59 200 108 225
chair 0.0036 2 117 53 219
chair 0.0033 145 208 164 228
chair 0.0028 0 342 74 492
chair 0.0023 3 302 166 363
chair 0.0022 117 174 228 240
chair 0.0021 109 169 308 354
chair 0.0021 80 102 245 311
chair 0.0020 19 219 64 268
chair 0.0018 -1 236 75 350
chair 0.0017 314 217 334 277
chair 0.0016 5 262 120 318
chair 0.0015 68 157 107 201
chair 0.0014 223 110 248 163
chair 0.0014 217 106 229 133
chair 0.0013 21 223 34 248
chair 0.0011 271 160 295 236
chair 0.0011 324 19 344 47
chair 0.0010 82 233 227 308
chair 0.0010 57 214 117 262
chair 0.0010 34 182 116 275
chair 0.0010 291 373 374 499
sofa 0.0235 73 190 268 306
sofa 0.0049 100 193 170 243
diningtable 0.5956 4 334 373 496
diningtable 0.1331 6 180 121 239
diningtable 0.1084 47 193 115 251
diningtable 0.0590 0 116 117 249
diningtable 0.0481 59 200 108 225
diningtable 0.0373 9 166 119 283
diningtable 0.0302 58 214 115 231
diningtable 0.0163 4 349 77 499
diningtable 0.0096 134 372 373 497
diningtable 0.0074 56 213 116 262
diningtable 0.0057 125 193 170 220
diningtable 0.0043 0 341 72 378
diningtable 0.0038 57 180 277 308
diningtable 0.0030 1 266 121 351
diningtable 0.0029 152 381 220 496
diningtable 0.0022 63 185 176 248
diningtable 0.0022 0 199 113 319
diningtable 0.0016 81 234 223 308
diningtable 0.0012 29 167 340 446
diningtable 0.0010 300 375 375 498
diningtable 0.0010 40 95 240 310
tvmonitor 0.0038 2 113 110 250
tvmonitor 0.0022 97 175 112 213
