person 0.7833 141 20 402 366
person 0.6255 89 62 253 297
person 0.4497 88 64 213 213
person 0.4131 9 54 269 355
person 0.0448 354 14 392 56
person 0.0290 2 41 136 357
person 0.0281 136 151 264 302
person 0.0268 105 63 201 155
person 0.0148 354 15 399 111
person 0.0124 76 21 114 84
person 0.0096 137 215 250 309
person 0.0060 67 30 117 149
person 0.0058 353 15 435 122
person 0.0044 145 236 220 284
person 0.0034 134 14 167 44
person 0.0031 101 11 166 48
person 0.0030 112 117 299 206
person 0.0020 125 0 200 25
person 0.0018 38 211 68 255
person 0.0015 131 101 203 202
person 0.0012 84 125 187 207
person 0.0012 168 131 284 230
person 0.0011 373 41 499 274
bottle 0.0160 199 335 241 366
bottle 0.0035 135 47 149 64
bottle 0.0032 193 339 225 369
bottle 0.0030 192 337 215 361
bottle 0.0013 75 48 97 80
chair 0.6350 63 145 267 372
chair 0.3628 4 57 115 272
chair 0.1540 5 41 277 360
chair 0.0541 370 43 498 209
chair 0.0493 2 41 115 172
chair 0.0489 157 20 265 143
chair 0.0341 36 10 485 350
chair 0.0198 0 35 49 159
chair 0.0180 214 101 412 370
chair 0.0142 74 67 116 146
chair 0.0128 0 36 49 79
chair 0.0074 59 58 88 122
chair 0.0062 142 178 262 308
chair 0.0054 100 10 166 71
chair 0.0053 74 18 287 238
chair 0.0052 0 37 68 255
chair 0.0049 251 223 393 371
chair 0.0048 191 37 492 237
chair 0.0036 393 43 457 105
chair 0.0033 94 56 220 226
chair 0.0033 108 14 460 171
chair 0.0032 53 126 156 331
chair 0.0025 365 89 500 291
chair 0.0025 51 45 117 150
chair 0.0021 64 172 457 373
chair 0.0020 388 43 495 134
chair 0.0019 0 337 14 373
chair 0.0018 79 268 263 372
chair 0.0018 134 40 171 67
chair 0.0017 77 135 100 181
chair 0.0016 0 110 50 254
chair 0.0013 75 134 111 205
chair 0.0013 257 33 280 73
chair 0.0013 38 211 68 255
chair 0.0013 135 13 168 44
chair 0.0012 78 19 121 80
chair 0.0012 58 139 102 203
chair 0.0012 0 191 42 250
chair 0.0010 101 26 141 64
sofa 0.2197 134 32 492 371
sofa 0.2045 365 47 498 365
sofa 0.0901 221 20 403 368
sofa 0.0367 369 42 499 209
sofa 0.0274 143 15 265 144
sofa 0.0214 41 11 386 332
sofa 0.0051 1 39 106 263
sofa 0.0044 191 37 492 237
sofa 0.0034 74 18 287 238
sofa 0.0030 0 39 53 181
sofa 0.0026 81 13 479 165
sofa 0.0023 68 48 117 152
sofa 0.0014 94 56 220 226
sofa 0.0014 388 43 495 134
pottedplant 0.0011 354 14 387 39
diningtable 0.0075 77 186 265 373
diningtable 0.0018 22 151 496 372
diningtable 0.0015 155 16 265 142
tvmonitor 0.0039 85 37 113 72
