person 0.8622 2 0 43 93
person 0.8329 38 0 75 84
person 0.8325 113 -1 136 76
person 0.8150 73 9 95 79
person 0.6068 164 0 203 53
person 0.5885 97 5 114 75
person 0.3758 104 5 118 69
person 0.3438 85 0 112 75
person 0.0576 162 0 180 49
person 0.0433 404 14 431 38
person 0.0121 476 25 499 116
person 0.0080 105 0 116 20
person 0.0080 58 5 74 77
person 0.0077 75 18 93 47
person 0.0075 84 0 108 31
person 0.0066 381 18 390 35
person 0.0066 134 0 148 12
person 0.0065 106 8 116 35
person 0.0065 452 0 498 106
person 0.0058 434 16 450 61
person 0.0058 152 0 163 14
person 0.0057 467 0 499 30
person 0.0055 3 7 18 46
person 0.0054 410 52 432 95
person 0.0049 458 29 482 102
person 0.0048 404 17 420 37
person 0.0047 369 56 399 87
person 0.0044 34 3 53 55
person 0.0040 63 11 78 71
person 0.0039 433 1 459 66
person 0.0038 428 1 456 36
person 0.0034 432 26 483 108
person 0.0034 0 0 10 22
person 0.0033 0 0 14 47
person 0.0033 382 19 396 36
person 0.0032 458 61 477 100
person 0.0029 398 12 437 95
person 0.0025 392 0 430 38
person 0.0024 65 1 74 22
person 0.0023 428 81 442 98
person 0.0022 373 17 395 87
person 0.0021 5 23 17 46
person 0.0021 69 0 86 16
person 0.0021 378 17 395 62
person 0.0019 363 83 492 120
person 0.0018 123 0 136 15
person 0.0017 370 56 425 92
person 0.0016 68 7 77 50
person 0.0016 369 86 418 107
person 0.0015 468 1 499 75
person 0.0014 75 8 90 27
person 0.0014 32 40 50 82
person 0.0012 440 3 454 33
person 0.0012 21 1 39 34
person 0.0012 436 1 475 78
person 0.0012 150 0 166 41
person 0.0011 116 2 134 43
person 0.0011 398 0 456 43
person 0.0011 377 90 435 113
person 0.0010 133 1 152 21
person 0.0010 392 82 465 115
bicycle 0.0231 133 0 150 13
bicycle 0.0074 131 0 143 12
bicycle 0.0022 108 47 119 72
bicycle 0.0018 36 39 49 54
bicycle 0.0016 131 0 154 27
bicycle 0.0014 150 0 162 14
bicycle 0.0012 32 37 48 67
bicycle 0.0011 163 28 175 46
car 0.9545 24 37 496 313
car 0.0055 363 82 492 126
car 0.0048 134 0 148 12
car 0.0033 109 38 383 137
car 0.0019 152 1 162 14
car 0.0016 133 1 152 21
car 0.0012 355 78 500 231
car 0.0010 376 90 434 112
motorbike 0.0034 133 0 150 13
chair 0.0029 369 56 398 87
chair 0.0013 431 58 463 96
chair 0.0011 413 39 437 67
