person 0.0097 391 0 498 254
person 0.0030 116 67 180 297
person 0.0023 206 -1 497 274
person 0.0011 415 165 437 221
cat 0.0018 413 0 500 253
dog 0.9495 203 0 485 291
dog 0.2006 413 0 500 253
horse 0.0071 419 0 499 250
horse 0.0011 204 -2 488 301
sheep 0.0060 420 0 499 249
sheep 0.0014 195 -1 481 318
cow 0.0501 419 0 499 250
cow 0.0046 203 -1 486 291
bottle 0.9153 116 64 181 296
bottle 0.0056 173 120 196 196
bottle 0.0024 177 223 194 281
bottle 0.0017 167 122 186 182
bottle 0.0014 180 141 195 193
bottle 0.0010 414 166 439 220
chair 0.0121 417 1 499 251
chair 0.0040 415 168 437 220
chair 0.0028 206 -1 497 274
chair 0.0010 409 166 420 221
sofa 0.0087 424 1 499 251
sofa 0.0017 2 11 504 327
pottedplant 0.0015 415 168 437 220
pottedplant 0.0011 418 151 443 175
pottedplant 0.0010 477 145 499 205
diningtable 0.0866 -3 34 510 330
diningtable 0.0124 -1 221 489 331
diningtable 0.0021 -1 152 267 325
diningtable 0.0016 7 262 260 328
diningtable 0.0015 187 243 458 331
diningtable 0.0012 111 313 260 329
