cat 0.9309 144 176 224 270
cat 0.4779 117 182 147 217
cat 0.0030 99 253 132 302
cat 0.0023 109 183 148 247
cat 0.0021 146 177 185 233
bottle 0.0046 118 183 147 217
chair 0.8396 35 368 188 498
chair 0.7545 195 188 272 271
chair 0.5942 181 190 294 467
chair 0.1205 265 305 306 459
chair 0.0362 99 337 261 473
chair 0.0212 69 263 276 492
chair 0.0200 244 247 306 459
chair 0.0193 199 185 280 361
chair 0.0146 177 465 279 499
chair 0.0121 109 367 194 464
chair 0.0095 143 120 270 272
chair 0.0055 68 384 279 497
chair 0.0030 360 179 374 282
chair 0.0025 48 458 276 497
chair 0.0024 107 370 191 404
chair 0.0020 99 253 132 306
chair 0.0018 239 293 275 488
chair 0.0016 228 51 367 476
chair 0.0015 39 74 280 483
chair 0.0012 276 348 303 457
sofa 0.0035 29 342 300 498
pottedplant 0.8041 94 124 135 241
pottedplant 0.2924 118 181 147 217
pottedplant 0.0293 97 170 128 241
pottedplant 0.0287 99 253 132 306
pottedplant 0.0102 98 203 128 239
pottedplant 0.0036 -9 -15 136 505
pottedplant 0.0021 67 253 134 318
pottedplant 0.0016 153 173 280 469
pottedplant 0.0015 5 1 105 360
pottedplant 0.0015 -39 -9 292 509
pottedplant 0.0011 223 4 240 90
diningtable 0.8091 69 261 275 491
diningtable 0.0759 37 427 287 496
diningtable 0.0244 51 458 289 498
diningtable 0.0231 177 464 279 498
diningtable 0.0099 266 301 306 460
diningtable 0.0046 30 366 270 497
diningtable 0.0015 240 -13 372 490
diningtable 0.0015 244 247 306 459
tvmonitor 0.0019 360 179 374 284
