person 0.9328 175 34 358 325
person 0.6560 128 0 189 26
person 0.6127 259 -1 367 47
person 0.5985 99 0 141 19
person 0.4561 188 0 236 31
person 0.4074 234 0 272 34
person 0.3427 360 13 429 55
person 0.1296 56 0 96 12
person 0.0917 45 0 82 10
person 0.0553 236 0 322 41
person 0.0461 125 0 161 21
person 0.0402 468 4 499 64
person 0.0123 313 0 365 46
person 0.0113 11 0 39 7
person 0.0099 85 1 108 14
person 0.0048 9 -1 60 8
person 0.0028 150 171 228 207
person 0.0026 357 0 397 48
person 0.0026 6 0 82 14
person 0.0025 399 2 438 54
person 0.0024 356 14 384 49
person 0.0021 93 1 114 15
person 0.0016 179 0 195 21
person 0.0014 232 210 270 261
person 0.0013 209 -5 389 174
person 0.0013 370 38 385 49
person 0.0011 178 164 273 272
person 0.0010 232 206 335 310
bicycle 0.9231 102 171 374 331
bus 0.0035 101 170 375 331
bottle 0.0065 257 292 266 302
bottle 0.0020 235 216 260 267
bottle 0.0014 236 241 261 271
bottle 0.0014 280 292 293 304
bottle 0.0010 223 262 235 281
chair 0.0048 115 171 375 332
chair 0.0022 163 171 278 259
chair 0.0015 231 207 280 266
chair 0.0010 242 209 268 218
diningtable 0.0011 242 209 268 218
