person 0.1195 171 226 227 250
person 0.0152 80 117 113 140
person 0.0102 462 60 498 148
person 0.0035 0 244 129 372
person 0.0028 429 284 465 353
person 0.0019 410 294 432 324
person 0.0015 172 237 209 250
person 0.0013 81 118 98 138
person 0.0013 156 222 239 262
car 0.0015 80 117 113 140
bird 0.0013 199 226 229 245
cat 0.1528 198 226 229 245
cat 0.0553 172 226 227 251
cat 0.0059 172 237 209 250
cat 0.0051 262 267 307 290
cat 0.0016 253 266 314 310
cat 0.0012 406 292 433 325
cat 0.0011 169 320 194 337
dog 0.0629 178 226 230 251
dog 0.0441 199 226 228 245
dog 0.0025 262 267 307 290
dog 0.0023 172 235 208 251
dog 0.0012 169 320 198 337
bottle 0.0114 412 293 430 318
bottle 0.0085 418 294 428 309
bottle 0.0048 450 184 460 198
bottle 0.0038 445 129 454 141
bottle 0.0027 240 164 260 189
bottle 0.0026 436 182 448 195
bottle 0.0026 449 291 463 303
bottle 0.0023 459 128 470 143
bottle 0.0023 362 118 374 133
bottle 0.0023 421 293 433 310
bottle 0.0019 429 118 439 138
bottle 0.0018 363 174 374 184
bottle 0.0017 429 284 465 353
bottle 0.0017 248 325 270 353
bottle 0.0016 228 329 247 344
bottle 0.0016 356 117 366 131
bottle 0.0016 279 175 292 190
bottle 0.0015 343 112 359 133
bottle 0.0015 382 110 396 134
bottle 0.0014 420 184 428 195
bottle 0.0013 406 296 433 324
bottle 0.0012 185 88 197 110
chair 0.4969 279 190 341 276
chair 0.0892 123 258 193 323
chair 0.0333 296 190 340 247
chair 0.0084 116 286 168 366
chair 0.0058 241 188 299 241
chair 0.0048 123 286 167 326
chair 0.0047 139 302 201 344
chair 0.0041 0 251 151 372
chair 0.0039 429 288 464 353
chair 0.0035 1 281 97 373
chair 0.0032 100 224 281 315
chair 0.0020 403 284 435 316
chair 0.0016 428 285 498 368
chair 0.0016 2 175 286 355
chair 0.0012 106 341 205 374
chair 0.0010 252 267 313 309
sofa 0.8716 2 178 288 351
sofa 0.0341 0 249 145 372
sofa 0.0060 1 181 250 269
sofa 0.0049 96 223 279 311
sofa 0.0037 126 258 194 322
sofa 0.0020 44 255 127 297
sofa 0.0018 6 289 286 372
sofa 0.0012 35 255 209 316
sofa 0.0010 429 285 466 357
pottedplant 0.8611 330 70 387 134
pottedplant 0.4573 240 165 259 191
pottedplant 0.2442 462 60 499 147
pottedplant 0.1042 83 285 163 373
pottedplant 0.0477 279 175 292 190
pottedplant 0.0420 21 281 153 374
pottedplant 0.0122 470 114 498 148
pottedplant 0.0061 406 292 433 325
pottedplant 0.0058 267 156 278 183
pottedplant 0.0031 449 291 463 303
pottedplant 0.0031 139 302 201 344
pottedplant 0.0030 430 270 465 352
pottedplant 0.0028 266 169 277 186
pottedplant 0.0028 169 320 194 337
pottedplant 0.0018 142 319 199 342
pottedplant 0.0018 403 284 435 316
pottedplant 0.0017 459 128 475 144
pottedplant 0.0016 123 287 165 329
pottedplant 0.0015 209 163 221 178
pottedplant 0.0015 347 116 364 133
pottedplant 0.0014 123 285 187 355
pottedplant 0.0012 357 154 385 185
diningtable 0.1815 124 316 310 373
diningtable 0.0224 238 184 299 243
diningtable 0.0136 233 315 316 373
diningtable 0.0063 358 178 493 225
diningtable 0.0038 96 222 279 317
diningtable 0.0034 334 178 498 324
diningtable 0.0032 254 184 282 194
diningtable 0.0026 77 233 273 278
diningtable 0.0024 368 180 480 203
diningtable 0.0024 126 258 194 322
diningtable 0.0012 241 180 293 208
diningtable 0.0012 143 319 201 351
diningtable 0.0010 111 299 481 373
tvmonitor 0.1103 80 114 115 145
tvmonitor 0.0837 73 111 146 190
tvmonitor 0.0239 79 112 144 154
tvmonitor 0.0054 0 114 16 198
tvmonitor 0.0048 45 24 139 116
tvmonitor 0.0028 436 20 497 131
tvmonitor 0.0023 0 150 7 168
tvmonitor 0.0018 81 118 97 138
tvmonitor 0.0016 480 188 499 206
tvmonitor 0.0011 0 151 10 177
tvmonitor 0.0010 175 112 224 181
