person 0.4996 381 174 392 194
person 0.0826 247 166 255 178
person 0.0255 233 166 239 180
person 0.0122 371 173 381 185
person 0.0058 454 158 463 176
person 0.0048 252 168 265 178
person 0.0027 63 54 83 73
person 0.0022 0 170 11 182
person 0.0017 158 168 169 181
person 0.0014 342 167 351 184
person 0.0013 137 158 145 172
person 0.0013 360 174 380 184
person 0.0013 125 158 132 175
bicycle 0.1824 381 174 392 194
bicycle 0.0170 358 174 378 184
bicycle 0.0167 371 173 381 185
bicycle 0.0130 156 168 168 181
bicycle 0.0104 168 173 185 183
bicycle 0.0075 159 169 171 182
bicycle 0.0015 359 165 386 181
bicycle 0.0011 342 170 350 184
car 0.9032 444 176 499 203
car 0.8507 78 170 109 186
car 0.8297 38 169 67 184
car 0.6208 9 171 24 183
car 0.5946 232 165 325 204
car 0.2679 0 170 11 182
car 0.1738 25 170 39 178
car 0.0832 11 161 30 171
car 0.0618 8 163 26 180
car 0.0438 32 171 49 182
car 0.0187 2 160 24 176
car 0.0172 172 173 185 183
car 0.0153 442 181 465 201
car 0.0150 360 165 385 175
car 0.0115 25 165 36 175
car 0.0096 442 185 455 201
car 0.0065 338 179 348 187
car 0.0054 2 158 12 168
car 0.0040 158 167 170 181
car 0.0039 360 174 380 184
car 0.0030 341 167 352 181
car 0.0026 341 163 385 183
car 0.0025 489 189 499 203
car 0.0024 360 162 387 171
car 0.0016 452 175 471 183
car 0.0015 66 166 78 176
car 0.0014 343 167 361 183
car 0.0013 336 174 349 186
car 0.0012 443 190 455 206
car 0.0010 154 169 166 182
car 0.0010 330 166 350 184
motorbike 0.0029 381 174 392 194
motorbike 0.0014 168 173 185 183
motorbike 0.0012 159 169 171 182
motorbike 0.0011 156 168 168 181
bus 0.0119 10 161 28 173
bus 0.0071 2 160 24 176
bus 0.0061 233 166 323 205
bus 0.0052 0 163 11 182
bus 0.0029 2 158 12 168
bus 0.0022 360 162 387 171
bus 0.0018 359 165 386 179
bus 0.0018 8 163 26 180
bus 0.0011 8 171 24 183
bird 0.0025 235 94 246 103
dog 0.0034 380 176 392 194
horse 0.0012 380 176 392 194
pottedplant 0.0017 442 186 455 202
pottedplant 0.0012 342 167 351 184
pottedplant 0.0011 455 158 463 175
