person 0.9017 0 144 57 258
person 0.0190 32 187 56 203
person 0.0118 31 189 55 240
person 0.0059 2 144 55 198
person 0.0032 27 170 58 202
person 0.0020 28 158 36 172
person 0.0013 30 161 38 173
person 0.0012 284 180 294 197
person 0.0010 18 178 32 198
bicycle 0.9051 0 194 89 286
bicycle 0.0043 34 196 90 254
bicycle 0.0035 0 235 38 285
bicycle 0.0010 141 176 159 196
car 0.0013 284 180 294 197
motorbike 0.0397 0 193 89 283
dog 0.0010 32 187 56 203
bottle 0.0018 31 187 55 204
pottedplant 0.0013 47 171 61 193
pottedplant 0.0012 284 177 294 197
