person 0.0188 328 200 346 235
person 0.0057 440 36 480 96
person 0.0035 356 150 364 158
person 0.0029 43 191 109 249
person 0.0013 311 159 327 178
bicycle 0.0032 328 199 346 237
bird 0.0078 122 40 164 50
bird 0.0034 60 261 96 293
bird 0.0032 39 191 108 249
bird 0.0026 10 216 49 228
bird 0.0024 126 258 138 283
bird 0.0022 2 217 32 235
bird 0.0020 82 193 102 208
bird 0.0018 355 149 364 159
bird 0.0016 55 209 93 244
cat 0.0084 317 278 343 306
cat 0.0049 328 200 346 235
cat 0.0040 355 150 365 159
dog 0.0748 317 277 343 305
dog 0.0102 328 200 346 234
horse 0.0031 328 200 346 235
horse 0.0015 365 129 388 159
bottle 0.0671 0 110 29 156
bottle 0.0233 127 258 138 286
bottle 0.0209 61 102 90 150
bottle 0.0182 1 17 25 126
bottle 0.0141 356 150 364 159
bottle 0.0133 4 131 29 156
bottle 0.0103 0 112 22 140
bottle 0.0085 27 99 50 158
bottle 0.0072 19 35 79 152
bottle 0.0054 0 131 8 156
bottle 0.0027 0 47 30 165
bottle 0.0023 380 99 389 127
bottle 0.0011 444 324 461 367
bottle 0.0011 65 102 81 126
chair 0.9189 320 183 432 318
chair 0.9182 209 170 280 242
chair 0.7241 111 195 231 314
chair 0.2254 397 343 458 374
chair 0.0896 328 200 346 235
chair 0.0365 1 271 160 372
chair 0.0206 298 253 328 297
chair 0.0085 395 319 461 373
chair 0.0077 299 200 343 303
chair 0.0076 327 209 346 251
chair 0.0073 318 277 342 306
chair 0.0069 108 129 128 195
chair 0.0031 386 165 420 191
chair 0.0022 401 181 433 303
chair 0.0022 0 190 128 362
chair 0.0019 445 325 463 366
chair 0.0016 303 264 321 296
chair 0.0016 413 204 431 303
chair 0.0011 419 210 431 283
chair 0.0011 223 220 241 258
chair 0.0010 318 275 397 314
sofa 0.7098 110 190 232 313
sofa 0.2367 210 169 280 243
sofa 0.0402 318 180 432 315
sofa 0.0279 0 190 159 368
sofa 0.0066 397 344 456 374
sofa 0.0028 197 166 310 278
sofa 0.0020 333 190 417 249
pottedplant 0.5846 384 76 426 114
pottedplant 0.2731 0 192 119 338
pottedplant 0.2132 128 102 210 223
pottedplant 0.0970 364 98 389 159
pottedplant 0.0422 369 82 405 165
pottedplant 0.0411 365 128 388 159
pottedplant 0.0272 0 243 52 330
pottedplant 0.0256 356 148 364 159
pottedplant 0.0078 380 99 389 127
pottedplant 0.0078 61 2 99 153
pottedplant 0.0076 381 77 428 181
pottedplant 0.0052 0 184 222 368
pottedplant 0.0049 12 190 109 253
pottedplant 0.0034 370 146 386 159
pottedplant 0.0022 21 22 95 163
pottedplant 0.0019 444 325 462 366
pottedplant 0.0017 329 200 345 233
pottedplant 0.0017 44 195 116 300
pottedplant 0.0016 46 251 114 304
pottedplant 0.0015 408 77 426 109
pottedplant 0.0014 364 137 374 152
pottedplant 0.0013 363 141 373 158
pottedplant 0.0013 363 149 370 159
pottedplant 0.0011 76 254 115 297
pottedplant 0.0011 312 86 427 177
diningtable 0.2263 0 200 161 372
diningtable 0.0095 397 344 456 374
diningtable 0.0050 316 197 431 311
diningtable 0.0043 298 253 328 296
diningtable 0.0012 109 195 231 314
tvmonitor 0.0282 346 160 388 240
tvmonitor 0.0014 310 148 328 178
