person 0.0031 127 118 143 129
person 0.0030 405 195 416 205
person 0.0029 432 180 441 189
person 0.0024 406 193 419 201
person 0.0019 51 127 60 135
person 0.0016 379 194 417 214
person 0.0012 335 272 342 280
person 0.0010 44 128 58 137
person 0.0010 395 198 414 214
bicycle 0.0019 395 198 414 214
bicycle 0.0013 382 195 414 214
car 0.9107 66 206 108 240
car 0.6808 168 155 182 167
car 0.6309 379 194 414 215
car 0.3951 0 132 14 146
car 0.1858 120 117 135 130
car 0.1827 418 188 449 205
car 0.1407 9 129 36 140
car 0.0781 395 198 414 214
car 0.0684 127 118 143 129
car 0.0467 406 193 419 201
car 0.0083 40 129 56 137
car 0.0073 492 208 499 226
car 0.0069 433 193 450 203
car 0.0066 403 187 427 200
car 0.0055 51 127 61 135
car 0.0055 489 202 499 223
car 0.0040 458 190 468 202
car 0.0037 77 128 93 136
car 0.0032 478 201 499 211
car 0.0031 334 270 342 280
car 0.0025 487 202 499 213
car 0.0024 300 249 314 263
car 0.0023 0 130 12 141
car 0.0021 57 129 73 136
car 0.0017 405 195 416 205
car 0.0012 84 128 96 135
car 0.0012 391 170 427 198
car 0.0012 12 133 39 147
car 0.0011 56 134 70 142
car 0.0011 30 133 43 143
motorbike 0.0638 382 195 414 214
motorbike 0.0315 395 198 414 214
motorbike 0.0021 119 117 138 131
motorbike 0.0015 126 117 143 129
motorbike 0.0010 406 193 419 201
aeroplane 0.0121 469 200 499 211
aeroplane 0.0081 281 138 294 146
aeroplane 0.0057 290 142 322 153
aeroplane 0.0052 464 194 498 224
aeroplane 0.0037 418 188 450 205
aeroplane 0.0030 413 134 424 145
aeroplane 0.0021 271 135 294 146
aeroplane 0.0021 285 139 296 148
aeroplane 0.0021 127 118 143 129
aeroplane 0.0020 51 128 61 135
aeroplane 0.0020 486 202 499 213
aeroplane 0.0017 9 129 37 145
aeroplane 0.0017 489 202 499 223
aeroplane 0.0014 44 128 58 137
aeroplane 0.0013 299 249 314 263
aeroplane 0.0013 120 117 135 129
aeroplane 0.0012 305 145 320 153
aeroplane 0.0010 57 129 73 136
bus 0.0153 10 129 35 143
bus 0.0116 418 188 449 205
bus 0.0095 379 195 410 214
bus 0.0073 120 117 135 129
bus 0.0070 168 155 182 168
bus 0.0062 131 117 143 129
bus 0.0032 0 132 14 146
bus 0.0023 492 205 499 226
bus 0.0020 470 200 499 211
bus 0.0018 391 170 427 198
boat 0.0055 414 134 425 146
boat 0.0047 120 117 135 129
boat 0.0021 131 117 143 129
boat 0.0018 434 99 456 203
boat 0.0014 299 249 314 263
boat 0.0011 282 138 294 147
boat 0.0010 470 200 499 211
bird 0.0022 334 272 342 280
horse 0.0031 130 117 143 129
horse 0.0015 121 116 142 130
cow 0.0115 130 117 143 129
cow 0.0032 121 116 142 130
chair 0.0013 458 190 467 200
