person 0.5042 30 29 405 388
person 0.3038 34 22 238 268
person 0.0039 26 62 239 427
person 0.0013 167 110 231 205
person 0.0012 120 137 143 199
bicycle 0.0011 42 310 380 495
motorbike 0.0012 49 47 406 483
chair 0.3794 37 101 389 428
chair 0.0973 32 117 164 426
chair 0.0403 33 113 138 302
chair 0.0100 58 304 391 492
chair 0.0083 184 324 385 480
chair 0.0039 311 308 376 364
chair 0.0035 101 144 140 247
chair 0.0014 32 24 225 277
chair 0.0013 222 174 414 479
sofa 0.0059 31 113 170 429
sofa 0.0042 33 113 138 302
sofa 0.0036 224 311 385 474
sofa 0.0033 79 45 403 393
sofa 0.0012 101 144 140 247
sofa 0.0011 55 310 387 496
