person 0.0708 2 156 10 166
person 0.0161 190 153 203 177
person 0.0070 188 163 200 177
person 0.0054 205 155 219 175
person 0.0046 386 173 399 216
person 0.0024 177 159 188 175
person 0.0017 389 173 400 183
person 0.0017 159 148 168 171
person 0.0015 168 159 178 173
person 0.0010 153 153 163 171
car 0.0074 3 156 12 164
aeroplane 0.0092 0 0 172 134
bus 0.0018 9 107 385 278
train 0.9263 12 107 386 276
train 0.8652 383 158 499 222
train 0.0020 3 156 11 165
train 0.0020 384 162 413 183
train 0.0013 362 168 385 260
train 0.0010 365 168 384 223
boat 0.0030 0 0 172 134
pottedplant 0.0012 3 156 10 165
