person 0.8201 176 44 497 354
person 0.0097 227 57 410 115
person 0.0040 255 222 283 251
person 0.0019 199 56 428 159
person 0.0016 242 172 357 264
bicycle 0.0011 168 32 500 361
car 0.0019 160 199 442 372
car 0.0011 189 -3 497 187
bottle 0.0071 250 163 313 257
bottle 0.0020 237 160 356 266
bottle 0.0013 249 204 303 252
chair 0.0089 156 47 499 368
chair 0.0021 160 199 427 372
chair 0.0016 160 199 273 362
sofa 0.0043 34 26 489 347
sofa 0.0010 160 199 427 372
tvmonitor 0.0581 151 31 500 369
tvmonitor 0.0325 160 199 453 373
tvmonitor 0.0064 336 286 461 372
tvmonitor 0.0035 158 202 300 364
tvmonitor 0.0011 201 -5 499 183
tvmonitor 0.0010 360 -1 499 84
