person 0.9058 1 17 347 497
person 0.3030 204 333 241 392
person 0.3028 130 356 160 397
person 0.2858 158 353 198 396
person 0.2676 177 316 206 355
person 0.2180 203 308 230 348
person 0.1922 198 351 230 393
person 0.1429 148 320 172 374
person 0.0545 129 326 158 370
person 0.0412 152 320 171 353
person 0.0393 197 350 217 378
person 0.0262 178 322 213 369
person 0.0211 147 320 194 383
person 0.0203 103 312 255 405
person 0.0202 201 304 241 355
person 0.0171 137 324 154 356
person 0.0141 216 333 237 364
person 0.0127 163 298 228 389
person 0.0105 126 337 207 396
person 0.0074 0 259 238 486
person 0.0072 191 339 213 371
person 0.0058 125 349 228 431
person 0.0055 236 337 262 387
person 0.0046 193 327 208 350
person 0.0039 111 334 258 452
person 0.0031 198 358 217 394
person 0.0029 223 359 239 390
person 0.0023 158 367 171 392
person 0.0023 211 354 237 391
person 0.0017 119 248 244 396
person 0.0014 0 261 109 411
person 0.0013 180 378 198 395
person 0.0011 238 339 257 369
person 0.0011 -7 0 146 286
person 0.0010 188 319 205 346
dog 0.0080 200 349 236 393
chair 0.0202 3 19 352 504
chair 0.0029 6 362 360 497
chair 0.0017 308 240 373 309
chair 0.0016 184 375 373 497
chair 0.0015 0 288 29 324
chair 0.0012 305 294 335 383
chair 0.0012 0 471 47 499
chair 0.0011 -9 7 320 291
sofa 0.0278 36 325 376 495
sofa 0.0103 -2 114 367 497
sofa 0.0099 296 305 374 495
sofa 0.0066 186 367 376 497
sofa 0.0026 269 379 370 496
sofa 0.0012 -9 7 320 291
sofa 0.0011 3 429 359 498
diningtable 0.0025 188 375 375 496
diningtable 0.0024 303 382 375 496
diningtable 0.0012 195 473 336 498
diningtable 0.0011 0 471 46 498
diningtable 0.0011 3 429 359 498
tvmonitor 0.0019 119 248 244 396
tvmonitor 0.0016 0 289 29 323
