person 0.8278 -1 193 388 373
person 0.3366 2 4 341 371
person 0.1024 0 80 204 368
person 0.0392 2 184 56 252
person 0.0079 318 310 444 375
person 0.0059 14 192 55 238
person 0.0055 0 186 152 372
person 0.0030 1 192 59 302
person 0.0028 303 211 498 373
person 0.0021 296 197 375 258
person 0.0019 291 209 344 260
person 0.0017 318 218 369 248
person 0.0010 1 87 68 288
bicycle 0.0032 303 211 498 373
car 0.1062 -2 -9 495 373
car 0.0039 309 213 497 372
car 0.0027 244 5 500 371
car 0.0023 2 169 394 371
motorbike 0.0074 303 211 498 373
motorbike 0.0033 -9 207 495 373
motorbike 0.0019 197 -2 499 373
motorbike 0.0013 1 -7 405 373
boat 0.0022 0 -1 494 369
bird 0.0010 10 11 295 242
cat 0.0021 27 8 291 231
dog 0.2335 12 10 297 242
dog 0.0355 -1 -2 377 371
horse 0.2207 0 -1 303 243
horse 0.0116 -13 -5 480 342
sheep 0.0111 10 11 295 242
sheep 0.0018 -13 -5 480 342
cow 0.0504 0 2 327 367
cow 0.0018 27 8 291 231
chair 0.7332 390 224 498 372
chair 0.0747 351 211 402 251
chair 0.0365 341 212 434 346
chair 0.0266 396 213 432 271
chair 0.0159 301 209 498 373
chair 0.0151 -15 206 484 373
chair 0.0141 313 312 442 375
chair 0.0127 391 275 454 369
chair 0.0097 306 311 375 375
chair 0.0088 393 274 441 322
chair 0.0080 439 225 499 264
chair 0.0053 349 211 403 306
chair 0.0020 382 214 402 248
chair 0.0018 0 -1 298 228
chair 0.0017 0 -6 447 374
chair 0.0017 396 266 422 290
chair 0.0016 352 219 374 237
chair 0.0015 382 210 410 274
chair 0.0013 358 12 498 188
chair 0.0013 456 301 499 364
chair 0.0010 394 238 427 293
chair 0.0010 301 331 334 375
chair 0.0010 317 218 375 254
sofa 0.0055 -15 206 484 373
sofa 0.0038 -5 0 472 381
sofa 0.0014 1 0 292 248
diningtable 0.0010 -7 14 484 377
tvmonitor 0.0352 350 212 401 249
tvmonitor 0.0038 226 -2 499 231
tvmonitor 0.0022 254 9 365 124
tvmonitor 0.0011 3 -3 498 360
