person 0.0052 -1 146 35 373
person 0.0037 103 0 186 30
person 0.0023 41 59 374 486
person 0.0020 53 0 220 73
cat 0.7680 186 139 267 187
cat 0.0010 107 5 147 34
dog 0.9211 95 284 233 464
dog 0.3813 186 139 268 186
dog 0.0012 1 87 372 494
bottle 0.0537 76 95 97 123
bottle 0.0094 74 82 110 124
bottle 0.0063 38 83 110 133
bottle 0.0053 89 83 109 114
bottle 0.0026 189 4 198 14
bottle 0.0014 179 115 196 129
chair 0.2601 0 151 40 272
chair 0.0313 41 59 374 486
chair 0.0131 53 0 224 75
chair 0.0070 0 153 20 210
chair 0.0059 -1 146 35 373
chair 0.0046 227 45 370 108
chair 0.0016 0 143 42 191
chair 0.0010 186 49 371 207
chair 0.0010 11 210 40 260
sofa 0.7192 19 65 375 488
sofa 0.0504 48 0 222 71
sofa 0.0074 227 45 370 106
sofa 0.0046 26 150 163 248
sofa 0.0035 177 45 372 197
sofa 0.0026 -1 146 35 373
sofa 0.0020 10 397 377 497
sofa 0.0019 0 150 40 268
sofa 0.0017 131 43 372 344
sofa 0.0015 202 180 375 472
sofa 0.0014 103 0 184 31
sofa 0.0012 0 153 20 210
sofa 0.0010 92 0 208 43
diningtable 0.0014 9 411 374 498
diningtable 0.0013 0 151 39 313
diningtable 0.0012 0 143 42 199
tvmonitor 0.0051 0 152 18 206
tvmonitor 0.0017 48 0 225 72
tvmonitor 0.0014 0 152 39 275
