person 0.0361 102 55 117 81
person 0.0317 274 35 282 50
person 0.0118 42 56 52 75
person 0.0109 266 95 329 134
person 0.0082 104 51 114 63
person 0.0047 310 41 319 52
person 0.0041 254 44 266 53
person 0.0027 97 59 125 82
person 0.0027 312 36 321 50
person 0.0026 104 38 113 55
person 0.0016 265 39 274 49
person 0.0013 104 55 116 69
person 0.0013 41 56 51 67
person 0.0013 254 39 268 51
person 0.0010 122 41 139 50
bicycle 0.0077 97 69 124 83
bicycle 0.0067 74 71 120 83
bicycle 0.0040 101 55 124 83
bicycle 0.0031 253 44 266 54
bicycle 0.0030 68 58 120 82
car 0.7096 166 38 196 57
car 0.6648 39 50 476 376
car 0.6629 114 42 177 63
car 0.3441 253 44 266 54
car 0.1933 219 46 237 54
car 0.1810 121 41 140 50
car 0.1532 220 33 239 53
car 0.0899 288 40 304 49
car 0.0584 256 41 271 51
car 0.0336 78 58 101 65
car 0.0335 239 39 257 49
car 0.0257 265 39 274 49
car 0.0249 205 34 238 54
car 0.0237 78 60 97 67
car 0.0213 105 49 125 62
car 0.0202 100 53 432 149
car 0.0198 71 59 112 81
car 0.0187 251 38 268 50
car 0.0159 237 44 266 54
car 0.0154 181 32 212 50
car 0.0153 73 59 105 68
car 0.0147 205 45 238 56
car 0.0126 186 30 232 53
car 0.0112 216 45 263 55
car 0.0090 164 41 180 58
car 0.0087 215 49 236 57
car 0.0083 237 37 252 48
car 0.0037 104 51 114 63
car 0.0034 306 43 315 51
car 0.0033 277 38 286 49
car 0.0033 71 70 121 83
car 0.0030 205 42 220 52
car 0.0030 310 37 323 50
car 0.0028 371 44 385 55
car 0.0026 73 73 105 83
car 0.0026 458 36 476 45
car 0.0025 337 22 377 30
car 0.0023 320 23 395 45
car 0.0023 100 53 111 63
car 0.0022 43 56 51 68
car 0.0019 37 55 51 65
car 0.0019 102 53 124 82
car 0.0018 201 49 217 59
car 0.0018 310 41 319 52
car 0.0018 104 55 116 69
car 0.0017 292 34 317 51
car 0.0017 317 37 344 45
car 0.0016 275 35 282 50
car 0.0016 203 46 216 56
car 0.0016 178 39 202 55
car 0.0016 59 60 104 71
car 0.0014 384 111 413 134
car 0.0014 98 66 122 82
car 0.0014 197 45 212 57
car 0.0012 2 56 15 67
car 0.0011 372 42 388 51
car 0.0011 315 38 332 51
car 0.0010 97 50 110 62
car 0.0010 289 29 305 48
motorbike 0.0284 100 58 124 82
motorbike 0.0247 254 44 266 54
motorbike 0.0052 101 70 125 82
motorbike 0.0051 74 71 120 83
motorbike 0.0024 265 40 274 49
motorbike 0.0017 68 58 120 82
bus 0.0115 219 33 239 53
bus 0.0102 289 24 404 52
bus 0.0013 219 43 238 54
bus 0.0012 316 36 342 45
train 0.0015 288 24 403 51
boat 0.0054 289 24 404 52
boat 0.0030 322 22 396 44
boat 0.0029 330 22 394 31
dog 0.0057 272 95 331 133
horse 0.0086 288 40 304 49
horse 0.0015 371 44 385 55
sheep 0.0050 370 44 385 55
cow 0.0512 288 40 304 49
cow 0.0053 371 44 385 55
cow 0.0033 306 43 315 51
cow 0.0017 292 34 317 51
chair 0.0170 40 58 52 74
chair 0.0044 21 59 52 75
chair 0.0036 43 56 51 68
chair 0.0022 37 55 51 65
chair 0.0011 2 63 52 78
pottedplant 0.0012 90 35 107 60
diningtable 0.0068 14 61 51 75
diningtable 0.0010 2 63 53 80
