person 0.8752 218 64 315 311
person 0.1120 119 171 136 187
person 0.0276 100 170 138 220
person 0.0190 11 196 44 229
person 0.0113 0 198 27 240
person 0.0020 40 202 88 225
person 0.0017 370 253 479 316
person 0.0012 197 67 392 313
person 0.0011 222 102 236 127
person 0.0011 410 283 432 294
person 0.0010 97 182 224 233
person 0.0010 206 169 226 202
car 0.3321 370 259 479 317
car 0.2427 97 183 229 231
car 0.0116 53 168 436 244
car 0.0059 37 108 231 216
car 0.0053 42 111 448 231
car 0.0045 21 147 474 299
car 0.0037 97 171 138 220
car 0.0031 10 196 44 228
car 0.0026 365 206 480 316
car 0.0023 463 206 479 239
car 0.0013 393 264 467 293
car 0.0013 171 67 328 312
motorbike 0.0156 39 156 471 316
motorbike 0.0017 367 245 479 316
aeroplane 0.0012 39 156 471 316
bus 0.0361 96 182 229 230
bus 0.0183 37 108 231 216
bus 0.0144 28 105 446 217
bus 0.0037 53 168 436 244
bus 0.0029 21 147 474 299
bus 0.0019 210 65 320 312
train 0.0628 32 109 435 213
train 0.0026 77 69 377 286
train 0.0015 37 108 231 216
boat 0.0016 24 100 456 201
horse 0.8755 26 163 476 316
horse 0.5983 0 195 92 238
horse 0.2986 35 202 92 230
horse 0.2325 0 197 28 241
horse 0.1459 0 213 262 316
horse 0.0695 352 172 479 314
horse 0.0309 367 258 479 316
horse 0.0161 8 196 45 231
horse 0.0139 0 229 132 313
horse 0.0063 86 183 223 234
horse 0.0045 454 204 479 299
horse 0.0033 0 195 29 306
horse 0.0015 8 171 244 247
cow 0.0174 40 202 88 226
cow 0.0082 0 196 93 234
cow 0.0042 0 198 28 239
cow 0.0016 39 156 471 316
cow 0.0012 367 245 479 316
bottle 0.0039 257 175 273 199
bottle 0.0018 208 171 229 195
bottle 0.0010 257 187 274 199
chair 0.0206 97 184 229 231
chair 0.0040 262 121 319 191
chair 0.0033 264 108 323 279
sofa 0.0017 93 185 229 229
tvmonitor 0.0015 96 182 229 230
