person 0.0221 388 256 498 315
person 0.0033 2 18 360 269
person 0.0016 82 -4 400 178
person 0.0014 427 168 469 203
car 0.0071 127 1 401 180
car 0.0020 427 169 469 203
bird 0.0016 388 256 498 315
bird 0.0010 427 168 469 203
cat 0.0238 388 256 498 315
cat 0.0091 271 233 411 330
cat 0.0046 169 216 415 330
cat 0.0039 1 26 321 303
cat 0.0037 427 168 470 203
dog 0.9637 0 1 350 302
dog 0.7732 165 174 432 338
dog 0.4679 389 256 499 315
dog 0.0481 427 170 469 203
dog 0.0322 273 235 411 330
dog 0.0047 1 59 213 295
sheep 0.0052 389 256 498 315
cow 0.0040 389 255 498 316
bottle 0.0050 464 151 474 166
bottle 0.0038 450 150 462 166
bottle 0.0015 456 150 476 166
chair 0.0044 72 149 134 216
chair 0.0037 12 8 360 235
chair 0.0030 127 1 401 180
chair 0.0023 442 155 499 196
sofa 0.0205 12 8 360 235
sofa 0.0019 -12 69 512 296
sofa 0.0017 127 1 401 180
sofa 0.0011 387 258 498 313
pottedplant 0.2388 93 197 131 217
pottedplant 0.0083 65 190 133 223
pottedplant 0.0067 79 151 135 227
pottedplant 0.0015 427 168 470 203
diningtable 0.0015 445 151 500 197
tvmonitor 0.8199 321 0 399 124
tvmonitor 0.0558 189 -1 400 119
tvmonitor 0.0013 82 -4 400 178
