person 0.1401 48 193 77 229
person 0.1291 55 179 66 197
person 0.0836 52 177 71 219
person 0.0572 22 177 43 232
person 0.0431 212 199 227 223
person 0.0077 25 176 39 211
person 0.0050 29 191 43 227
person 0.0033 49 197 60 222
person 0.0024 154 175 183 250
person 0.0023 0 257 53 336
person 0.0022 79 180 99 225
person 0.0018 37 249 57 267
person 0.0016 136 208 158 238
person 0.0015 158 176 173 202
person 0.0015 72 247 84 276
person 0.0014 441 320 498 351
person 0.0011 212 200 239 238
person 0.0010 199 210 219 241
person 0.0010 453 38 486 85
person 0.0010 54 185 69 210
bird 0.0013 55 179 66 197
cat 0.0019 48 193 76 229
cat 0.0012 22 177 43 232
cat 0.0010 233 263 276 293
cat 0.0010 53 179 66 199
dog 0.0012 233 263 276 293
horse 0.0114 22 182 43 232
bottle 0.0036 212 199 227 222
bottle 0.0032 53 179 66 199
bottle 0.0032 246 207 259 232
bottle 0.0024 23 176 43 233
bottle 0.0015 70 250 82 278
bottle 0.0013 79 180 99 225
chair 0.9204 137 281 243 373
chair 0.9133 0 266 87 373
chair 0.8804 102 243 173 367
chair 0.7975 199 211 241 268
chair 0.6309 56 245 102 320
chair 0.6221 181 205 201 250
chair 0.5321 437 320 499 373
chair 0.4817 155 206 185 261
chair 0.4795 135 208 168 263
chair 0.2887 240 209 278 264
chair 0.2341 24 268 62 326
chair 0.1755 238 225 263 264
chair 0.1495 350 285 489 372
chair 0.1253 247 208 262 232
chair 0.0989 246 208 277 235
chair 0.0643 213 206 236 239
chair 0.0621 102 243 162 306
chair 0.0521 100 202 124 222
chair 0.0509 211 200 229 228
chair 0.0409 0 245 32 271
chair 0.0397 24 265 64 298
chair 0.0343 477 325 499 373
chair 0.0308 8 255 30 273
chair 0.0266 279 205 298 233
chair 0.0260 4 261 24 274
chair 0.0244 29 287 56 327
chair 0.0219 39 249 56 266
chair 0.0210 0 263 61 337
chair 0.0209 491 326 499 374
chair 0.0202 349 284 400 373
chair 0.0199 242 208 257 236
chair 0.0187 221 218 246 239
chair 0.0178 135 209 157 243
chair 0.0178 360 339 424 374
chair 0.0166 257 231 277 261
chair 0.0161 244 207 256 227
chair 0.0154 441 320 497 347
chair 0.0141 239 220 253 238
chair 0.0126 199 210 220 242
chair 0.0120 203 240 236 268
chair 0.0115 244 207 305 267
chair 0.0113 436 242 499 371
chair 0.0113 83 245 97 272
chair 0.0105 201 232 224 266
chair 0.0105 278 200 314 233
chair 0.0101 215 235 241 267
chair 0.0099 26 251 53 268
chair 0.0098 229 221 249 239
chair 0.0097 256 226 279 243
chair 0.0097 11 267 29 286
chair 0.0091 225 215 495 354
chair 0.0086 230 218 245 235
chair 0.0084 0 291 10 359
chair 0.0084 10 253 43 271
chair 0.0076 0 254 47 301
chair 0.0072 246 219 279 242
chair 0.0069 0 255 8 271
chair 0.0069 9 249 32 265
chair 0.0068 232 220 254 266
chair 0.0067 15 268 32 303
chair 0.0065 220 226 236 240
chair 0.0062 228 202 241 224
chair 0.0061 255 213 277 232
chair 0.0060 118 299 181 350
chair 0.0057 107 314 157 373
chair 0.0055 253 224 278 234
chair 0.0054 285 210 445 246
chair 0.0054 6 329 89 373
chair 0.0053 27 274 46 304
chair 0.0051 332 211 409 240
chair 0.0045 155 234 184 261
chair 0.0045 9 254 38 287
chair 0.0045 57 247 76 279
chair 0.0040 279 211 486 300
chair 0.0039 357 331 487 374
chair 0.0038 0 243 16 262
chair 0.0034 181 204 198 227
chair 0.0033 422 340 484 373
chair 0.0032 0 259 25 331
chair 0.0032 155 202 180 239
chair 0.0031 64 246 80 276
chair 0.0030 10 352 79 373
chair 0.0029 0 269 18 363
chair 0.0028 376 297 471 333
chair 0.0027 252 283 383 363
chair 0.0025 95 251 109 312
chair 0.0025 49 194 77 229
chair 0.0022 94 246 106 278
chair 0.0022 35 257 68 279
chair 0.0022 80 246 91 272
chair 0.0021 51 251 72 271
chair 0.0020 16 258 64 284
chair 0.0020 74 247 84 274
chair 0.0020 204 248 222 267
chair 0.0019 1 260 27 284
chair 0.0019 77 245 108 269
chair 0.0019 252 206 262 228
chair 0.0018 200 210 215 228
chair 0.0017 476 342 494 374
chair 0.0017 157 325 178 348
sofa 0.7887 233 216 497 360
sofa 0.0360 352 295 496 372
sofa 0.0131 199 211 241 268
sofa 0.0090 372 294 487 333
sofa 0.0064 129 283 245 371
sofa 0.0057 53 213 448 376
sofa 0.0042 0 244 32 273
sofa 0.0037 101 244 162 302
sofa 0.0036 161 212 249 258
sofa 0.0024 182 205 200 249
sofa 0.0021 57 271 100 319
sofa 0.0020 257 211 482 302
sofa 0.0018 438 282 499 373
sofa 0.0017 212 200 234 227
sofa 0.0017 0 267 89 372
sofa 0.0013 285 210 445 246
sofa 0.0012 25 265 63 323
sofa 0.0012 109 36 516 374
sofa 0.0012 156 203 185 254
pottedplant 0.1910 272 60 438 233
pottedplant 0.0517 273 90 360 234
pottedplant 0.0270 281 195 321 234
pottedplant 0.0233 278 200 307 231
pottedplant 0.0222 380 78 499 234
pottedplant 0.0153 234 64 320 230
pottedplant 0.0131 275 160 327 233
pottedplant 0.0091 341 104 451 231
pottedplant 0.0087 136 208 158 238
pottedplant 0.0084 384 80 496 143
pottedplant 0.0060 23 176 43 233
pottedplant 0.0060 307 58 421 180
pottedplant 0.0055 200 40 341 285
pottedplant 0.0044 156 201 185 246
pottedplant 0.0038 348 163 445 234
pottedplant 0.0037 245 206 258 229
pottedplant 0.0034 243 165 262 227
pottedplant 0.0029 279 171 362 234
pottedplant 0.0028 287 66 370 170
pottedplant 0.0028 101 21 361 316
pottedplant 0.0027 396 153 498 236
pottedplant 0.0025 212 199 227 223
pottedplant 0.0024 445 122 499 231
pottedplant 0.0021 157 177 174 209
pottedplant 0.0020 53 179 66 199
pottedplant 0.0019 49 182 74 229
pottedplant 0.0019 335 72 488 182
pottedplant 0.0018 241 106 284 233
pottedplant 0.0017 181 205 201 251
pottedplant 0.0016 246 204 305 266
pottedplant 0.0015 79 182 99 225
pottedplant 0.0014 252 206 262 228
pottedplant 0.0014 274 173 307 219
pottedplant 0.0014 440 183 497 235
pottedplant 0.0013 213 200 241 235
pottedplant 0.0013 453 38 486 85
pottedplant 0.0013 71 136 108 224
pottedplant 0.0013 312 67 358 110
pottedplant 0.0012 154 174 180 239
pottedplant 0.0011 254 56 501 349
pottedplant 0.0010 26 175 38 202
diningtable 0.1026 22 265 63 324
diningtable 0.0739 246 217 278 234
diningtable 0.0654 240 213 278 263
diningtable 0.0608 3 220 136 287
diningtable 0.0591 17 261 63 298
diningtable 0.0437 252 226 278 257
diningtable 0.0391 15 221 135 248
diningtable 0.0342 253 224 278 234
diningtable 0.0273 22 266 63 282
diningtable 0.0244 256 226 279 243
diningtable 0.0240 120 299 181 320
diningtable 0.0218 122 289 249 373
diningtable 0.0201 116 298 182 352
diningtable 0.0190 203 224 267 266
diningtable 0.0189 2 259 25 274
diningtable 0.0144 221 218 246 239
diningtable 0.0116 65 220 131 231
diningtable 0.0111 229 221 249 239
diningtable 0.0110 8 255 30 273
diningtable 0.0097 0 254 47 301
diningtable 0.0088 57 271 100 319
diningtable 0.0084 258 234 276 255
diningtable 0.0076 31 249 56 267
diningtable 0.0073 232 220 254 266
diningtable 0.0068 5 262 27 285
diningtable 0.0065 53 213 448 376
diningtable 0.0058 219 227 242 266
diningtable 0.0055 441 320 498 351
diningtable 0.0055 0 242 33 272
diningtable 0.0054 9 254 38 287
diningtable 0.0054 230 219 497 337
diningtable 0.0054 190 212 254 260
diningtable 0.0051 239 231 270 265
diningtable 0.0045 343 289 494 372
diningtable 0.0042 214 209 238 239
diningtable 0.0035 15 266 31 290
diningtable 0.0031 156 201 187 255
diningtable 0.0029 141 218 276 266
diningtable 0.0028 77 245 108 269
diningtable 0.0027 220 227 238 248
diningtable 0.0026 35 257 68 279
diningtable 0.0025 101 244 162 302
diningtable 0.0024 10 253 43 271
diningtable 0.0022 239 220 253 238
diningtable 0.0021 26 256 50 268
diningtable 0.0021 220 226 236 240
diningtable 0.0021 438 282 499 373
diningtable 0.0019 199 210 219 241
diningtable 0.0019 16 269 37 312
diningtable 0.0018 63 274 95 285
diningtable 0.0017 1 252 97 331
diningtable 0.0016 86 215 125 226
diningtable 0.0016 99 203 123 222
diningtable 0.0016 242 208 257 236
diningtable 0.0015 230 218 245 235
diningtable 0.0013 175 212 336 267
diningtable 0.0012 0 270 92 373
diningtable 0.0011 424 320 495 373
diningtable 0.0010 62 205 127 226
diningtable 0.0010 357 331 487 374
