person 0.8206 2 52 358 370
person 0.8178 184 84 501 359
person 0.2838 123 -2 241 126
person 0.0692 4 1 241 308
person 0.0224 125 0 294 240
person 0.0223 88 -1 416 307
person 0.0058 398 172 499 316
person 0.0046 273 13 317 105
person 0.0040 206 69 304 115
person 0.0030 1 120 48 285
person 0.0024 132 13 326 124
person 0.0022 0 1 247 149
person 0.0019 397 175 424 265
person 0.0019 0 107 37 197
person 0.0011 234 34 315 108
bottle 0.0057 284 13 298 37
bottle 0.0022 284 12 307 49
bottle 0.0015 283 11 317 98
bottle 0.0010 417 231 456 268
chair 0.4348 397 171 500 301
chair 0.0541 235 35 316 108
chair 0.0414 318 68 330 95
chair 0.0414 316 93 387 192
chair 0.0363 317 94 378 141
chair 0.0274 51 -1 475 381
chair 0.0219 398 175 424 264
chair 0.0140 125 13 388 256
chair 0.0116 230 29 383 221
chair 0.0069 344 135 387 184
chair 0.0069 120 5 324 134
chair 0.0060 240 34 299 52
chair 0.0046 323 112 381 243
chair 0.0039 278 15 316 105
chair 0.0036 410 175 482 265
chair 0.0032 398 173 422 221
chair 0.0031 351 175 424 263
chair 0.0026 3 16 278 371
chair 0.0023 294 34 317 104
chair 0.0021 336 125 413 261
chair 0.0020 402 218 417 262
chair 0.0018 318 67 346 95
chair 0.0016 275 48 376 148
chair 0.0015 355 214 405 261
chair 0.0014 118 0 239 224
chair 0.0012 392 260 496 336
chair 0.0011 196 75 498 360
chair 0.0011 304 46 330 99
sofa 0.1135 397 172 499 313
sofa 0.1060 51 -1 475 381
sofa 0.0125 3 16 278 371
sofa 0.0103 119 -1 241 235
sofa 0.0086 235 36 318 108
sofa 0.0048 317 92 379 142
sofa 0.0038 0 57 90 195
sofa 0.0036 116 2 304 120
sofa 0.0035 105 2 391 240
sofa 0.0026 -1 172 508 368
sofa 0.0023 0 59 82 132
sofa 0.0021 1 59 120 320
sofa 0.0019 0 4 243 214
sofa 0.0013 351 195 418 261
sofa 0.0010 212 110 501 368
diningtable 0.0127 318 93 378 142
diningtable 0.0012 398 172 499 316
