person 0.8981 344 32 498 332
person 0.8838 256 115 446 329
person 0.8764 22 63 203 329
person 0.8591 0 31 94 325
person 0.6566 172 176 286 330
person 0.0095 81 98 108 191
person 0.0055 360 -1 483 44
person 0.0046 39 62 359 329
person 0.0020 65 64 109 193
person 0.0018 363 -1 420 35
person 0.0014 357 0 394 35
person 0.0012 41 95 107 239
person 0.0010 250 24 375 127
person 0.0010 149 186 189 327
bicycle 0.0013 356 -1 480 46
bicycle 0.0010 247 18 368 125
motorbike 0.0013 358 -1 481 46
bird 0.0495 84 97 111 118
bird 0.0045 248 25 315 121
bird 0.0037 181 93 206 110
bird 0.0029 82 96 112 178
bird 0.0013 183 93 210 141
bird 0.0011 188 122 210 143
bird 0.0010 362 0 394 35
dog 0.0090 172 178 283 329
horse 0.0013 83 97 108 190
sheep 0.0011 172 178 284 329
bottle 0.0011 403 0 451 37
chair 0.0433 25 265 43 331
chair 0.0085 189 177 232 196
chair 0.0027 2 262 40 332
chair 0.0022 24 266 92 331
chair 0.0015 40 318 93 332
chair 0.0015 152 278 177 332
sofa 0.0022 62 189 490 329
