person 0.0073 83 184 103 193
person 0.0044 255 173 279 196
person 0.0030 85 183 112 197
person 0.0026 58 196 73 205
person 0.0026 488 111 499 171
person 0.0024 77 183 114 204
person 0.0014 41 196 73 207
person 0.0012 216 174 249 202
person 0.0011 241 174 268 193
person 0.0010 233 174 260 194
bicycle 0.0351 78 183 113 204
bicycle 0.0175 85 183 111 196
bicycle 0.0022 41 196 73 207
bicycle 0.0018 46 182 114 209
bicycle 0.0014 85 183 102 192
car 0.6874 19 152 457 288
car 0.0879 41 196 73 207
car 0.0523 83 184 103 193
car 0.0448 85 183 112 197
car 0.0265 57 195 74 205
car 0.0138 46 182 114 209
car 0.0089 77 183 114 204
car 0.0061 40 197 57 206
car 0.0058 432 179 445 189
car 0.0057 39 187 72 206
car 0.0023 425 172 444 188
car 0.0011 52 185 65 195
car 0.0010 52 186 71 203
car 0.0010 66 181 102 194
motorbike 0.0455 81 183 115 202
motorbike 0.0145 46 182 114 209
motorbike 0.0126 85 183 102 192
motorbike 0.0102 57 195 74 205
motorbike 0.0051 41 196 73 207
motorbike 0.0047 82 184 106 197
bus 0.0061 33 153 463 290
horse 0.0016 74 184 112 204
bottle 0.0017 49 339 58 354
chair 0.0049 369 168 388 182
chair 0.0042 486 201 499 218
chair 0.0026 482 200 499 231
pottedplant 0.0059 412 104 446 187
