person 0.8892 197 24 246 152
person 0.8636 246 28 286 150
person 0.8148 360 40 408 157
person 0.8124 302 31 344 156
person 0.1213 345 82 357 96
person 0.1160 195 26 222 137
person 0.1083 411 25 463 152
person 0.0540 334 84 344 96
person 0.0252 27 128 39 141
person 0.0202 1 126 27 152
person 0.0161 180 81 193 128
person 0.0142 297 92 343 154
person 0.0131 357 36 387 78
person 0.0105 23 124 43 143
person 0.0102 350 79 366 97
person 0.0072 362 35 386 53
person 0.0067 1 122 41 179
person 0.0065 146 9 170 57
person 0.0063 20 123 36 138
person 0.0051 63 199 96 259
person 0.0047 411 28 460 90
person 0.0044 10 126 33 149
person 0.0042 309 93 326 134
person 0.0042 274 110 287 153
person 0.0037 249 31 283 69
person 0.0036 193 17 246 88
person 0.0033 190 25 204 60
person 0.0028 191 43 200 61
person 0.0027 200 45 217 118
person 0.0025 359 81 370 97
person 0.0025 18 120 66 147
person 0.0024 194 19 214 59
person 0.0022 97 174 107 182
person 0.0022 0 130 13 152
person 0.0020 335 29 344 57
person 0.0017 358 48 375 77
person 0.0017 371 62 404 144
person 0.0017 336 29 343 45
person 0.0017 0 252 8 308
person 0.0014 416 52 434 87
person 0.0013 238 63 258 110
person 0.0013 411 32 425 66
person 0.0012 234 51 251 111
person 0.0011 420 42 460 113
person 0.0011 264 105 289 154
person 0.0011 220 38 244 118
person 0.0010 295 109 325 154
bicycle 0.0264 268 104 289 154
bicycle 0.0219 248 103 288 154
bicycle 0.0160 357 36 385 75
bicycle 0.0086 464 91 498 147
bicycle 0.0069 411 31 428 70
bicycle 0.0044 411 29 459 76
bicycle 0.0039 283 111 303 138
bicycle 0.0036 272 100 314 155
bicycle 0.0032 412 32 473 154
bicycle 0.0027 358 48 375 77
bicycle 0.0024 274 106 298 142
bicycle 0.0022 287 100 338 155
bicycle 0.0018 416 52 434 87
bicycle 0.0017 356 44 371 64
bicycle 0.0016 366 108 403 149
bicycle 0.0015 275 114 288 154
bicycle 0.0015 295 109 325 154
bicycle 0.0013 415 97 448 155
bicycle 0.0012 361 35 386 57
bicycle 0.0011 466 91 489 121
car 0.8860 0 115 120 181
car 0.8616 280 76 430 139
car 0.1985 1 122 41 179
car 0.1490 345 69 429 134
car 0.1013 280 90 367 133
car 0.0456 82 103 128 126
car 0.0220 1 114 31 122
car 0.0176 0 114 44 124
car 0.0112 102 104 127 123
car 0.0110 281 93 308 133
car 0.0093 84 104 105 125
car 0.0043 283 110 304 133
car 0.0032 0 115 47 149
car 0.0026 78 134 152 179
car 0.0021 300 38 347 146
car 0.0021 357 36 387 78
car 0.0020 166 68 393 142
car 0.0020 249 70 289 153
car 0.0019 466 91 497 129
car 0.0014 361 35 386 57
car 0.0013 80 134 152 156
car 0.0012 411 30 474 146
car 0.0011 12 88 134 131
motorbike 0.0339 412 29 462 129
motorbike 0.0177 357 36 387 78
motorbike 0.0034 411 32 428 72
motorbike 0.0029 411 29 459 76
motorbike 0.0022 361 35 386 57
motorbike 0.0017 416 52 434 87
motorbike 0.0012 417 68 430 88
motorbike 0.0011 280 74 430 141
motorbike 0.0011 356 44 371 64
bird 0.0310 174 358 192 374
bird 0.0043 86 227 96 261
bird 0.0033 304 31 344 148
bird 0.0030 73 200 80 212
bird 0.0011 63 200 95 257
bird 0.0010 71 200 83 215
cat 0.0013 304 32 344 148
dog 0.0290 411 26 464 153
dog 0.0079 303 33 344 152
dog 0.0069 274 110 287 153
dog 0.0046 62 199 96 260
dog 0.0040 264 105 289 154
dog 0.0012 306 37 342 85
dog 0.0011 249 70 289 153
horse 0.0037 412 29 462 129
sheep 0.0017 411 27 466 153
sheep 0.0017 174 358 192 374
cow 0.0028 411 29 462 139
bottle 0.0043 63 200 95 257
bottle 0.0010 85 228 96 261
chair 0.0033 463 91 498 150
chair 0.0031 412 32 473 154
chair 0.0027 361 35 386 57
chair 0.0011 454 96 480 139
chair 0.0010 357 36 387 78
pottedplant 0.0156 4 213 146 343
pottedplant 0.0029 146 9 171 58
pottedplant 0.0017 191 43 200 61
pottedplant 0.0012 1 185 237 369
