person 0.8935 441 37 498 371
person 0.8358 200 85 333 287
person 0.6543 200 83 408 368
person 0.0243 64 0 189 104
person 0.0012 291 254 418 372
bottle 0.8617 82 187 111 251
bottle 0.6338 123 175 140 226
bottle 0.0102 12 212 28 257
bottle 0.0082 146 221 165 244
bottle 0.0075 123 191 141 244
bottle 0.0049 27 174 89 237
bottle 0.0044 124 173 136 202
bottle 0.0025 112 223 140 248
bottle 0.0011 124 221 140 242
chair 0.0087 380 309 395 323
chair 0.0055 486 270 499 313
chair 0.0050 198 87 415 371
chair 0.0031 290 251 419 371
chair 0.0030 330 257 342 269
chair 0.0019 406 331 450 373
chair 0.0016 484 270 499 352
chair 0.0016 369 306 421 371
chair 0.0013 0 276 8 312
chair 0.0013 447 267 499 372
chair 0.0013 12 205 28 256
sofa 0.0032 291 254 418 372
pottedplant 0.6321 0 107 148 263
pottedplant 0.0183 65 0 185 105
pottedplant 0.0033 58 122 156 199
pottedplant 0.0032 9 143 105 260
pottedplant 0.0031 27 174 89 237
pottedplant 0.0031 88 129 154 161
pottedplant 0.0023 60 116 154 164
pottedplant 0.0010 13 195 73 264
diningtable 0.8162 -1 211 395 371
diningtable 0.0070 290 253 417 373
diningtable 0.0016 11 323 244 374
diningtable 0.0012 -2 126 201 272
