person 0.0132 224 262 233 269
person 0.0021 137 248 156 261
person 0.0021 210 262 225 269
person 0.0014 49 316 72 332
car 0.9173 105 244 168 290
car 0.8944 384 241 423 269
car 0.8671 87 249 115 279
car 0.8367 186 256 204 269
car 0.1340 211 261 231 269
car 0.0390 223 262 233 269
car 0.0161 172 260 187 270
car 0.0136 161 257 169 273
car 0.0123 208 262 219 269
car 0.0114 177 258 197 269
car 0.0111 165 259 178 270
car 0.0051 227 260 241 268
car 0.0028 158 257 169 281
car 0.0024 22 256 34 264
car 0.0016 162 256 173 269
car 0.0012 163 261 174 278
car 0.0011 428 296 500 331
motorbike 0.0010 64 297 101 331
bus 0.0050 428 296 499 331
