person 0.0051 2 188 393 332
person 0.0028 9 83 455 279
car 0.0010 417 260 495 299
cat 0.7208 15 82 428 278
cat 0.0045 239 151 390 257
cat 0.0031 299 160 398 251
dog 0.0262 20 89 371 283
chair 0.0326 -2 36 508 316
chair 0.0134 27 122 99 212
chair 0.0015 29 249 495 329
chair 0.0012 237 45 499 308
sofa 0.2850 4 37 499 320
sofa 0.1072 238 43 499 254
sofa 0.0454 0 266 373 329
sofa 0.0447 2 188 393 332
sofa 0.0035 1 206 108 311
sofa 0.0021 149 201 258 272
diningtable 0.0018 74 266 371 330
diningtable 0.0015 2 30 494 313
tvmonitor 0.0033 373 82 500 247
