person 0.2189 372 148 393 185
person 0.0047 206 20 214 37
person 0.0019 80 175 106 215
person 0.0012 94 175 104 195
person 0.0011 92 227 114 254
bicycle 0.0026 168 186 308 275
bicycle 0.0011 61 173 141 297
car 0.9409 331 126 498 355
car 0.0035 419 109 498 135
car 0.0022 397 110 498 148
car 0.0010 393 127 496 150
motorbike 0.9138 171 184 307 275
motorbike 0.8803 60 174 141 297
motorbike 0.0097 170 173 224 272
motorbike 0.0020 301 224 349 253
motorbike 0.0018 68 176 109 218
motorbike 0.0015 171 171 211 241
bus 0.0057 331 124 498 357
boat 0.0026 168 186 308 275
bird 0.0014 206 20 214 37
bird 0.0011 304 224 326 234
horse 0.0013 372 148 393 184
cow 0.0010 372 147 392 184
bottle 0.0603 208 170 218 191
bottle 0.0089 213 170 226 190
bottle 0.0077 202 169 229 212
bottle 0.0016 50 175 59 189
pottedplant 0.0150 141 213 171 231
pottedplant 0.0035 300 224 351 253
pottedplant 0.0032 304 224 326 234
pottedplant 0.0018 50 175 59 189
tvmonitor 0.0015 397 113 447 148
tvmonitor 0.0010 332 115 497 361
