person 0.9072 117 162 374 494
person 0.8921 36 21 220 461
person 0.7214 100 214 265 428
person 0.4506 -3 335 31 495
person 0.4224 15 201 314 490
person 0.1214 351 176 374 254
person 0.0325 352 175 374 212
person 0.0233 317 183 374 469
person 0.0202 323 192 371 255
person 0.0068 0 334 17 371
person 0.0054 210 179 231 231
person 0.0044 248 170 375 485
person 0.0027 42 364 372 496
person 0.0024 26 69 87 389
person 0.0019 0 50 386 458
person 0.0019 36 75 64 112
person 0.0019 311 188 373 342
person 0.0018 39 29 215 254
person 0.0015 30 103 65 261
person 0.0015 208 176 250 290
person 0.0013 171 172 242 304
person 0.0013 250 268 276 316
person 0.0012 315 341 374 499
person 0.0011 26 421 332 497
person 0.0010 327 440 374 499
person 0.0010 38 75 51 98
bicycle 0.0067 40 350 371 494
dog 0.0011 35 77 77 114
horse 0.0035 35 77 77 114
cow 0.0017 0 354 31 492
bottle 0.0035 28 200 39 228
bottle 0.0018 25 410 62 455
bottle 0.0016 0 333 17 371
bottle 0.0015 32 435 60 454
chair 0.5106 312 349 375 498
chair 0.2348 34 342 370 496
chair 0.1890 352 176 374 213
chair 0.0888 350 175 374 253
chair 0.0518 72 408 127 445
chair 0.0348 113 353 148 408
chair 0.0331 0 362 31 490
chair 0.0270 16 211 345 497
chair 0.0267 24 421 344 497
chair 0.0140 68 352 147 448
chair 0.0102 349 174 371 191
chair 0.0097 64 381 193 446
chair 0.0085 117 362 131 406
chair 0.0057 249 160 268 172
chair 0.0049 113 341 170 405
chair 0.0048 361 208 374 254
chair 0.0041 366 217 374 255
chair 0.0040 248 267 290 315
chair 0.0039 357 440 374 498
chair 0.0033 26 389 220 498
chair 0.0033 0 334 17 371
chair 0.0031 325 190 374 255
chair 0.0022 367 232 375 255
chair 0.0022 331 440 374 499
chair 0.0019 70 337 209 444
chair 0.0017 212 180 226 227
chair 0.0017 24 410 62 457
chair 0.0016 309 194 377 501
chair 0.0014 115 384 213 440
chair 0.0013 7 335 61 471
chair 0.0012 317 351 372 389
chair 0.0011 260 276 289 309
chair 0.0011 171 248 186 292
chair 0.0010 214 180 223 212
sofa 0.0609 18 208 366 496
sofa 0.0147 350 174 374 214
sofa 0.0094 28 419 334 497
sofa 0.0069 350 175 374 253
sofa 0.0048 65 383 207 445
sofa 0.0031 0 354 31 492
sofa 0.0012 72 408 127 444
pottedplant 0.5433 132 0 210 125
pottedplant 0.3650 0 201 62 397
pottedplant 0.2986 136 5 241 191
pottedplant 0.0552 92 69 109 94
pottedplant 0.0491 188 106 238 190
pottedplant 0.0236 163 65 241 191
pottedplant 0.0205 85 80 106 96
pottedplant 0.0123 189 106 223 145
pottedplant 0.0076 83 84 100 98
pottedplant 0.0064 14 338 61 424
pottedplant 0.0062 29 200 39 228
pottedplant 0.0043 20 56 88 406
pottedplant 0.0039 43 29 231 217
pottedplant 0.0029 153 33 222 150
pottedplant 0.0028 202 110 221 138
pottedplant 0.0024 0 333 17 370
pottedplant 0.0023 16 200 57 292
pottedplant 0.0023 214 148 236 187
pottedplant 0.0023 195 107 208 121
pottedplant 0.0020 0 288 17 373
pottedplant 0.0020 34 68 82 115
pottedplant 0.0017 250 268 276 316
pottedplant 0.0015 172 74 207 122
pottedplant 0.0014 83 3 210 156
pottedplant 0.0011 204 129 237 219
pottedplant 0.0010 215 124 235 182
diningtable 0.0286 25 419 324 497
diningtable 0.0016 111 384 212 440
