person 0.0015 0 94 11 128
bicycle 0.8825 237 376 362 464
bicycle 0.0076 321 377 357 425
bicycle 0.0024 338 376 356 425
bicycle 0.0019 234 421 300 464
car 0.0042 230 287 242 300
car 0.0027 0 94 11 128
boat 0.0012 230 277 244 300
pottedplant 0.1158 9 112 244 447
pottedplant 0.0106 212 449 375 498
pottedplant 0.0081 1 71 44 145
pottedplant 0.0040 15 66 158 277
pottedplant 0.0032 33 76 148 154
pottedplant 0.0022 311 424 375 497
pottedplant 0.0019 3 21 352 481
pottedplant 0.0017 28 82 65 151
pottedplant 0.0013 0 86 11 130
pottedplant 0.0013 0 81 61 176
pottedplant 0.0011 10 123 47 161
pottedplant 0.0010 23 128 48 155
pottedplant 0.0010 16 88 78 282
diningtable 0.0014 10 3 367 482
