person 0.8795 6 76 455 370
person 0.8020 368 156 497 370
person 0.2028 70 26 108 76
person 0.0380 72 25 148 89
person 0.0083 62 18 143 265
person 0.0080 72 28 136 151
person 0.0035 311 103 328 116
person 0.0031 70 24 193 106
person 0.0030 102 69 175 101
person 0.0023 104 58 130 79
person 0.0021 403 156 465 239
person 0.0018 381 113 402 138
person 0.0017 334 98 348 108
person 0.0017 375 119 401 142
person 0.0015 350 108 374 149
person 0.0014 76 34 130 78
person 0.0013 0 330 9 372
person 0.0011 194 159 505 367
dog 0.0011 217 97 409 187
bottle 0.8626 219 96 410 186
bottle 0.7719 52 257 69 293
bottle 0.6809 21 262 47 345
bottle 0.0279 208 144 272 187
bottle 0.0148 43 266 53 297
bottle 0.0095 104 58 130 79
bottle 0.0072 0 226 15 368
bottle 0.0057 30 263 45 290
bottle 0.0043 210 123 325 186
bottle 0.0034 56 257 66 280
bottle 0.0031 0 228 8 263
bottle 0.0027 34 263 44 281
bottle 0.0026 0 239 9 294
bottle 0.0026 29 262 40 279
bottle 0.0023 320 240 327 248
bottle 0.0017 1 332 22 372
bottle 0.0016 0 291 13 363
bottle 0.0015 45 259 57 290
bottle 0.0014 38 268 51 323
bottle 0.0012 295 110 308 122
bottle 0.0011 0 235 15 305
bottle 0.0010 458 303 471 325
bottle 0.0010 0 329 9 373
bottle 0.0010 41 2 55 34
chair 0.0254 321 160 499 371
chair 0.0184 0 293 14 366
chair 0.0128 2 215 485 370
chair 0.0074 188 214 239 247
chair 0.0067 321 317 421 371
chair 0.0061 71 267 102 283
chair 0.0061 0 226 15 368
chair 0.0057 10 315 23 347
chair 0.0028 0 319 11 374
chair 0.0022 229 198 317 252
chair 0.0018 336 318 496 373
chair 0.0016 13 273 167 370
chair 0.0015 1 333 21 374
chair 0.0014 486 251 499 283
chair 0.0013 191 218 223 242
chair 0.0011 222 193 369 260
sofa 0.0131 4 180 458 372
sofa 0.0067 230 197 340 255
sofa 0.0062 321 160 499 371
sofa 0.0017 334 305 498 372
sofa 0.0012 350 336 494 373
pottedplant 0.1745 23 0 74 47
pottedplant 0.0321 52 22 74 46
pottedplant 0.0237 25 0 53 27
pottedplant 0.0141 70 29 107 75
diningtable 0.0031 348 332 473 373
tvmonitor 0.0280 6 206 113 258
tvmonitor 0.0231 448 162 496 251
tvmonitor 0.0023 3 207 115 309
