person 0.2122 1 330 94 417
person 0.0015 0 22 354 492
person 0.0010 0 76 106 446
car 0.0059 4 433 364 497
cat 0.8460 13 308 351 476
cat 0.1621 221 312 372 436
cat 0.0197 16 356 254 468
cat 0.0038 4 175 373 490
dog 0.0185 10 306 354 476
dog 0.0049 17 353 261 468
bottle 0.0020 12 149 56 192
chair 0.0049 0 331 53 416
chair 0.0027 3 8 369 501
sofa 0.0029 0 330 95 417
sofa 0.0013 0 42 366 499
sofa 0.0012 0 373 370 490
pottedplant 0.2880 3 8 371 483
pottedplant 0.0010 12 149 56 192
diningtable 0.0110 3 0 379 487
diningtable 0.0053 3 439 354 497
tvmonitor 0.0010 0 413 371 496
