person 0.8859 208 150 259 273
person 0.8658 56 175 121 325
person 0.8154 297 156 377 326
person 0.7872 260 149 300 278
person 0.3982 289 163 321 276
person 0.0582 75 158 104 199
person 0.0198 314 204 358 326
person 0.0058 47 135 311 328
person 0.0040 85 159 104 181
person 0.0033 474 113 492 139
person 0.0027 309 133 333 173
person 0.0017 310 205 332 276
person 0.0016 341 163 377 321
person 0.0014 311 153 331 174
person 0.0012 97 261 136 325
person 0.0012 231 156 264 241
cat 0.0187 286 268 321 329
cat 0.0070 97 260 136 326
dog 0.8626 98 261 136 326
dog 0.8456 286 268 321 329
dog 0.0059 316 209 367 327
dog 0.0018 329 268 349 320
dog 0.0014 269 270 292 282
horse 0.0010 97 261 136 325
sheep 0.0011 97 261 136 325
cow 0.0213 99 262 135 326
cow 0.0018 286 271 321 328
