person 0.0261 0 0 58 15
person 0.0201 286 218 342 256
person 0.0177 284 218 352 303
person 0.0053 409 0 469 56
person 0.0053 427 150 499 304
person 0.0036 440 197 461 212
person 0.0033 1 262 498 368
person 0.0024 318 117 381 175
person 0.0024 241 241 316 305
person 0.0021 76 223 148 312
person 0.0020 410 21 427 46
person 0.0019 443 172 497 212
person 0.0017 187 0 223 22
person 0.0017 112 228 143 272
person 0.0016 0 -6 75 243
person 0.0015 92 238 125 273
person 0.0014 273 124 327 165
person 0.0014 427 163 464 215
person 0.0014 438 0 469 54
person 0.0013 216 0 253 24
person 0.0013 446 172 466 211
person 0.0013 293 225 405 307
person 0.0013 185 0 265 24
person 0.0012 107 201 125 233
person 0.0010 280 241 308 265
person 0.0010 358 118 386 164
person 0.0010 457 180 493 209
car 0.8935 3 4 504 354
car 0.0406 1 237 196 370
car 0.0105 0 262 501 370
car 0.0039 272 -2 482 52
car 0.0028 409 0 469 56
car 0.0028 449 364 499 373
car 0.0015 244 18 497 142
bus 0.0157 1 237 196 370
train 0.0117 0 238 195 371
dog 0.7978 102 114 321 310
dog 0.0019 73 91 465 314
chair 0.0147 449 365 498 374
chair 0.0033 431 207 498 305
chair 0.0014 272 -2 482 52
chair 0.0013 286 218 342 258
chair 0.0010 17 132 56 256
diningtable 0.0012 1 239 197 371
tvmonitor 0.0013 -1 239 195 371
