person 0.4492 39 3 467 401
person 0.1164 253 182 416 404
person 0.0271 62 9 333 266
person 0.0141 298 191 427 299
person 0.0131 134 66 384 382
person 0.0062 158 -2 354 61
person 0.0061 238 31 500 409
person 0.0050 158 149 335 254
cat 0.1094 256 188 436 393
cat 0.0599 297 191 430 298
cat 0.0131 137 0 238 55
cat 0.0094 141 -2 325 74
cat 0.0049 144 -1 299 41
dog 0.0134 250 184 414 391
dog 0.0081 295 191 430 302
dog 0.0073 137 0 238 55
dog 0.0064 69 17 301 208
dog 0.0037 140 0 320 69
dog 0.0027 41 -2 451 390
bottle 0.0052 278 314 302 342
chair 0.0116 302 0 366 43
chair 0.0089 273 31 499 404
chair 0.0058 9 -2 150 130
chair 0.0032 151 -3 369 51
chair 0.0023 278 5 351 40
chair 0.0022 14 13 503 405
chair 0.0014 0 332 117 410
sofa 0.4584 9 -5 500 407
sofa 0.2187 225 53 500 410
sofa 0.0076 8 0 149 126
sofa 0.0059 61 1 363 309
sofa 0.0022 158 -2 354 61
sofa 0.0020 30 -1 486 207
sofa 0.0017 274 -1 365 43
tvmonitor 0.0028 233 5 311 79
