person 0.8681 379 8 499 376
person 0.7231 334 17 403 370
person 0.6796 82 0 316 133
person 0.0457 132 0 256 40
person 0.0213 347 19 397 219
person 0.0187 38 -1 326 227
person 0.0083 133 0 178 25
person 0.0077 313 0 369 69
person 0.0067 23 30 368 356
person 0.0057 361 252 391 372
person 0.0046 352 111 396 369
person 0.0035 347 94 365 120
person 0.0031 375 0 407 21
person 0.0020 47 -1 235 86
person 0.0014 360 243 429 375
person 0.0014 213 -2 434 353
car 0.0039 0 0 132 70
car 0.0037 0 2 185 202
car 0.0014 2 -2 290 131
car 0.0014 0 3 64 74
car 0.0010 2 0 193 96
motorbike 0.8417 15 37 380 368
motorbike 0.0677 2 0 329 166
motorbike 0.0117 0 2 185 202
motorbike 0.0108 29 53 342 215
motorbike 0.0064 0 1 174 77
motorbike 0.0010 279 43 362 121
bottle 0.0013 405 359 414 374
bottle 0.0013 317 218 357 263
