person 0.1597 0 0 509 337
person 0.0196 214 73 499 300
person 0.0149 1 290 141 354
person 0.0126 257 197 498 295
person 0.0109 5 0 348 189
person 0.0082 111 -2 498 148
person 0.0063 329 233 498 295
person 0.0037 264 259 375 300
person 0.0032 0 0 121 327
person 0.0026 83 171 389 273
person 0.0026 458 249 500 294
cat 0.0083 167 73 466 294
cat 0.0057 32 14 429 292
cat 0.0032 326 -2 499 43
cat 0.0018 47 203 188 314
dog 0.7599 57 17 461 302
dog 0.0337 82 7 298 209
dog 0.0015 1 290 146 356
dog 0.0014 47 201 200 333
dog 0.0014 324 -2 501 45
sheep 0.0167 4 291 141 355
sheep 0.0021 47 203 188 314
sheep 0.0016 50 206 125 301
bottle 0.0190 76 173 376 270
bottle 0.0160 68 173 271 249
bottle 0.0081 219 209 503 290
bottle 0.0018 111 180 211 232
chair 0.1743 11 -1 489 345
chair 0.0752 0 3 116 330
chair 0.0681 1 0 239 347
chair 0.0067 291 -1 498 271
chair 0.0043 138 0 322 106
chair 0.0025 7 0 331 145
chair 0.0019 338 -2 501 45
chair 0.0013 11 158 209 341
chair 0.0012 83 -1 496 148
sofa 0.5770 4 0 501 344
sofa 0.0190 293 0 498 266
sofa 0.0166 111 -2 498 148
sofa 0.0022 0 -2 109 337
sofa 0.0015 7 0 331 145
pottedplant 0.0055 8 291 141 356
diningtable 0.0727 0 1 113 338
diningtable 0.0199 -1 -5 500 348
diningtable 0.0017 7 197 500 354
