person 0.9169 92 137 253 357
person 0.2173 27 119 49 206
person 0.1191 49 144 68 221
person 0.0619 53 147 65 170
person 0.0609 33 125 61 218
person 0.0458 29 119 46 167
person 0.0434 33 118 45 148
person 0.0352 52 145 70 189
person 0.0271 117 190 126 221
person 0.0256 49 147 64 194
person 0.0170 96 122 121 169
person 0.0161 2 167 21 202
person 0.0155 35 130 50 187
person 0.0105 100 184 109 210
person 0.0102 42 125 64 183
person 0.0094 1 186 25 215
person 0.0079 117 190 126 205
person 0.0066 10 120 66 217
person 0.0066 6 186 24 202
person 0.0066 2 122 31 205
person 0.0066 99 191 125 224
person 0.0057 0 181 26 239
person 0.0057 40 136 48 151
person 0.0055 86 120 124 225
person 0.0045 28 147 39 202
person 0.0041 37 139 52 209
person 0.0040 100 134 121 152
person 0.0037 0 169 11 204
person 0.0033 110 191 122 205
person 0.0030 96 152 109 168
person 0.0022 11 186 36 208
person 0.0017 1 182 49 244
person 0.0016 135 246 240 381
person 0.0013 44 141 61 162
person 0.0012 29 120 69 179
person 0.0012 49 135 64 168
person 0.0012 93 144 115 207
person 0.0011 16 140 28 187
person 0.0010 40 137 58 158
person 0.0010 20 151 38 204
person 0.0010 37 162 46 198
person 0.0010 25 147 35 184
bicycle 0.0019 1 182 55 245
bicycle 0.0017 66 152 130 227
bicycle 0.0012 309 209 333 239
bicycle 0.0012 0 181 26 239
bicycle 0.0011 2 176 23 206
bicycle 0.0010 99 191 125 224
car 0.0029 1 218 27 245
car 0.0018 63 152 123 227
car 0.0014 310 208 336 239
car 0.0013 0 190 57 249
bird 0.0087 33 118 45 148
bird 0.0017 162 82 179 94
bird 0.0015 86 425 107 452
horse 0.8567 83 250 221 497
horse 0.0017 2 176 23 206
cow 0.0151 78 263 224 500
bottle 0.0046 117 190 126 207
bottle 0.0010 221 330 239 383
chair 0.0087 125 198 136 224
chair 0.0067 97 192 128 225
chair 0.0059 117 190 126 221
chair 0.0037 310 208 336 239
chair 0.0030 1 215 27 246
chair 0.0027 1 185 25 220
chair 0.0017 108 202 127 224
chair 0.0015 110 191 122 205
pottedplant 0.6926 279 196 302 237
pottedplant 0.0725 333 191 373 254
pottedplant 0.0232 280 223 299 237
pottedplant 0.0190 255 243 309 263
pottedplant 0.0137 248 161 280 223
pottedplant 0.0098 366 184 374 201
pottedplant 0.0081 308 234 338 259
pottedplant 0.0075 271 206 284 228
pottedplant 0.0069 359 203 374 250
pottedplant 0.0066 341 186 372 209
pottedplant 0.0043 254 244 278 260
pottedplant 0.0036 209 210 230 219
pottedplant 0.0036 365 217 374 251
pottedplant 0.0035 309 210 333 240
pottedplant 0.0024 252 236 338 266
pottedplant 0.0020 1 185 54 245
pottedplant 0.0014 275 216 290 235
diningtable 0.0032 97 192 128 225
