person 0.7302 104 185 228 325
person 0.2464 307 123 326 168
person 0.2056 61 266 92 320
person 0.1731 69 281 91 319
person 0.0928 9 287 52 347
person 0.0732 279 158 325 203
person 0.0479 9 292 32 349
person 0.0378 305 146 325 169
person 0.0334 285 122 303 148
person 0.0321 279 124 310 171
person 0.0221 230 167 253 197
person 0.0212 151 138 167 166
person 0.0187 176 114 188 139
person 0.0184 187 112 282 202
person 0.0172 11 285 33 316
person 0.0170 248 117 315 178
person 0.0157 25 305 53 346
person 0.0145 191 144 220 183
person 0.0142 177 82 232 143
person 0.0126 281 158 315 182
person 0.0113 232 57 261 100
person 0.0108 59 265 80 297
person 0.0107 80 291 93 312
person 0.0103 71 298 91 319
person 0.0094 200 148 241 184
person 0.0089 304 22 313 43
person 0.0081 32 289 66 333
person 0.0080 11 284 28 304
person 0.0078 190 146 208 174
person 0.0074 277 162 297 179
person 0.0070 159 201 254 328
person 0.0068 12 288 42 326
person 0.0068 9 293 24 336
person 0.0068 282 168 309 207
person 0.0059 192 79 226 118
person 0.0058 29 264 89 324
person 0.0056 221 65 248 105
person 0.0053 186 115 223 186
person 0.0049 292 160 312 177
person 0.0048 311 123 325 151
person 0.0047 8 291 36 388
person 0.0043 297 154 313 174
person 0.0043 263 170 292 210
person 0.0042 269 128 321 202
person 0.0040 224 69 238 89
person 0.0039 9 307 23 346
person 0.0038 314 103 326 149
person 0.0038 185 51 324 194
person 0.0037 195 153 214 184
person 0.0036 105 186 203 269
person 0.0035 208 92 233 118
person 0.0035 60 265 76 285
person 0.0035 221 152 243 192
person 0.0030 136 135 163 172
person 0.0029 267 44 290 72
person 0.0029 303 147 326 191
person 0.0028 34 288 63 315
person 0.0027 28 323 50 346
person 0.0026 68 301 81 321
person 0.0026 269 163 297 199
person 0.0025 44 298 70 332
person 0.0024 106 187 146 286
person 0.0024 82 286 105 308
person 0.0023 88 291 103 305
person 0.0023 9 315 29 353
person 0.0022 193 93 213 116
person 0.0022 43 309 63 332
person 0.0022 8 320 20 358
person 0.0021 308 30 316 44
person 0.0021 8 312 23 387
person 0.0019 221 44 290 101
person 0.0019 140 153 157 171
person 0.0019 51 308 69 332
person 0.0019 225 76 240 104
person 0.0018 179 92 214 128
person 0.0017 303 7 326 45
person 0.0017 70 274 99 311
person 0.0016 231 80 322 177
person 0.0015 189 143 202 157
person 0.0014 48 266 80 315
person 0.0014 303 100 326 153
person 0.0014 299 21 310 43
person 0.0014 294 34 308 54
person 0.0014 136 154 161 194
person 0.0013 309 160 325 188
person 0.0013 183 88 270 174
person 0.0012 295 26 307 46
person 0.0011 267 44 282 64
person 0.0011 227 159 280 205
person 0.0011 128 119 168 169
person 0.0011 284 177 324 207
person 0.0011 261 47 283 75
person 0.0011 183 111 219 144
person 0.0010 170 94 198 134
person 0.0010 33 293 54 320
person 0.0010 239 53 276 83
bicycle 0.0039 195 148 218 182
bicycle 0.0038 187 117 285 209
bicycle 0.0033 200 148 240 185
bicycle 0.0021 280 163 325 205
bicycle 0.0016 197 157 235 200
bicycle 0.0015 96 20 258 218
bicycle 0.0013 107 262 135 297
bicycle 0.0013 9 290 65 346
bicycle 0.0010 220 69 256 105
bicycle 0.0010 219 180 257 218
car 0.2650 187 117 286 207
car 0.0968 9 289 64 346
car 0.0692 274 159 325 206
car 0.0655 266 128 321 197
car 0.0390 30 292 67 333
car 0.0343 276 129 314 178
car 0.0305 28 264 94 324
car 0.0280 226 124 315 182
car 0.0231 69 283 92 320
car 0.0213 218 155 291 207
car 0.0120 185 114 220 145
car 0.0103 71 298 91 319
car 0.0088 145 136 167 167
car 0.0070 184 87 319 195
car 0.0061 179 81 232 145
car 0.0055 44 298 70 332
car 0.0055 305 124 326 169
car 0.0049 201 147 242 186
car 0.0047 58 268 85 322
car 0.0043 221 44 292 102
car 0.0041 81 293 93 316
car 0.0039 236 77 257 101
car 0.0039 306 147 325 169
car 0.0037 11 290 43 340
car 0.0037 291 168 325 202
car 0.0036 88 291 103 305
car 0.0036 247 110 306 169
car 0.0027 34 288 63 315
car 0.0025 43 309 63 332
car 0.0025 211 43 327 178
car 0.0025 222 59 267 103
car 0.0023 208 94 232 118
car 0.0022 230 168 259 202
car 0.0022 57 297 76 325
car 0.0021 82 286 105 308
car 0.0020 278 159 311 179
car 0.0020 128 129 168 171
car 0.0020 201 129 274 182
car 0.0019 93 32 299 216
car 0.0019 187 104 250 148
car 0.0018 221 65 248 105
car 0.0017 165 87 210 123
car 0.0016 284 125 305 153
car 0.0016 147 44 231 126
car 0.0014 196 126 266 158
car 0.0013 277 162 297 179
car 0.0013 106 272 132 297
car 0.0013 68 301 81 321
car 0.0011 25 307 60 346
car 0.0011 12 288 35 317
car 0.0010 56 302 70 330
car 0.0010 228 80 250 104
car 0.0010 267 42 293 70
car 0.0010 151 56 203 96
motorbike 0.8782 105 192 287 389
motorbike 0.1076 187 108 291 208
motorbike 0.0320 15 265 97 337
motorbike 0.0141 106 262 134 297
motorbike 0.0129 61 269 93 319
motorbike 0.0128 9 289 63 347
motorbike 0.0126 206 254 286 351
motorbike 0.0064 105 223 143 296
motorbike 0.0057 68 290 92 319
motorbike 0.0046 103 193 182 302
motorbike 0.0041 274 162 324 206
motorbike 0.0030 67 300 86 320
motorbike 0.0025 94 24 282 228
motorbike 0.0023 186 47 327 210
motorbike 0.0023 306 147 325 169
motorbike 0.0021 22 302 51 346
motorbike 0.0016 106 245 167 307
motorbike 0.0015 88 287 106 306
motorbike 0.0015 305 124 326 169
motorbike 0.0014 105 184 227 323
motorbike 0.0011 106 274 126 297
bus 0.0010 29 264 89 324
bottle 0.0012 78 297 92 318
chair 0.0152 186 115 284 208
chair 0.0077 280 163 325 205
chair 0.0029 70 91 93 114
chair 0.0027 95 20 246 216
chair 0.0023 200 148 241 184
chair 0.0016 31 112 55 137
chair 0.0016 266 128 321 197
chair 0.0014 20 72 63 112
chair 0.0014 195 126 266 184
chair 0.0013 184 87 319 195
chair 0.0011 226 124 315 182
chair 0.0011 193 144 224 184
chair 0.0011 278 129 313 176
chair 0.0010 186 114 221 148
pottedplant 0.0053 230 167 253 197
pottedplant 0.0023 190 142 207 165
