person 0.2660 250 124 260 133
person 0.2252 244 125 260 139
person 0.0452 237 126 274 146
person 0.0094 261 130 274 144
person 0.0067 243 118 269 130
person 0.0058 238 120 264 142
person 0.0032 340 98 349 104
person 0.0022 234 130 262 144
aeroplane 0.0031 232 118 276 145
boat 0.3330 233 118 273 146
boat 0.1144 0 105 49 116
boat 0.0842 260 131 274 145
boat 0.0378 243 118 269 130
boat 0.0370 87 99 114 108
boat 0.0363 237 126 267 145
boat 0.0315 209 97 220 104
boat 0.0241 241 114 270 123
boat 0.0171 58 98 69 107
boat 0.0158 0 100 83 115
boat 0.0148 57 100 72 110
boat 0.0109 244 125 260 139
boat 0.0107 304 95 351 102
boat 0.0103 53 99 79 111
boat 0.0098 80 103 91 111
boat 0.0090 328 97 348 103
boat 0.0088 227 96 255 104
boat 0.0088 77 105 87 113
boat 0.0073 306 96 332 102
boat 0.0058 340 98 349 104
boat 0.0042 71 101 84 112
boat 0.0041 70 94 238 110
boat 0.0035 274 93 336 104
boat 0.0032 214 96 266 104
boat 0.0029 191 97 223 104
boat 0.0027 465 61 500 97
boat 0.0027 51 99 72 108
boat 0.0018 308 94 335 101
boat 0.0017 464 80 499 94
boat 0.0015 152 100 164 107
boat 0.0015 158 100 170 107
boat 0.0015 9 89 263 116
boat 0.0014 280 95 309 102
boat 0.0014 250 124 260 133
boat 0.0013 202 99 240 106
boat 0.0013 271 116 294 124
boat 0.0012 249 133 283 146
boat 0.0011 0 106 18 114
boat 0.0010 75 97 131 108
boat 0.0010 80 98 167 109
boat 0.0010 224 87 306 132
bird 0.0042 250 124 260 133
bird 0.0026 237 126 274 146
bird 0.0026 244 125 260 139
bird 0.0018 261 130 274 144
dog 0.0016 249 124 259 134
