person 0.8453 226 83 295 288
person 0.0462 357 120 369 128
person 0.0073 353 187 363 205
car 0.0020 353 186 365 205
horse 0.9423 174 105 395 284
horse 0.1469 277 115 395 252
horse 0.0075 175 102 231 278
horse 0.0041 352 122 396 234
horse 0.0016 356 119 370 129
chair 0.0347 141 178 174 217
chair 0.0253 171 176 192 214
chair 0.0077 144 192 168 215
chair 0.0036 211 221 241 244
chair 0.0034 145 199 160 215
chair 0.0031 157 179 172 214
chair 0.0018 172 177 188 193
chair 0.0012 353 186 365 205
chair 0.0011 160 196 170 214
chair 0.0011 162 188 174 213
