person 0.0717 326 164 338 172
person 0.0191 330 163 342 171
person 0.0163 340 146 348 154
person 0.0101 308 144 320 155
person 0.0069 324 161 344 172
person 0.0032 338 161 351 171
person 0.0012 464 146 471 155
person 0.0012 363 147 372 155
car 0.9174 247 155 381 201
car 0.0901 269 137 304 156
car 0.0704 307 144 320 154
car 0.0274 112 139 125 146
car 0.0206 290 140 305 155
car 0.0161 123 139 143 147
car 0.0097 89 137 109 145
car 0.0047 352 160 380 196
car 0.0044 353 160 379 170
car 0.0043 281 158 322 172
car 0.0024 308 139 336 155
car 0.0024 320 158 380 198
car 0.0023 302 141 317 154
car 0.0022 138 139 152 147
aeroplane 0.1345 0 128 95 147
aeroplane 0.0409 123 138 151 147
aeroplane 0.0364 138 139 152 147
aeroplane 0.0321 88 134 106 145
aeroplane 0.0088 112 139 126 146
aeroplane 0.0075 85 132 120 145
aeroplane 0.0050 91 137 112 145
aeroplane 0.0032 75 132 155 147
aeroplane 0.0029 199 133 329 155
aeroplane 0.0021 196 124 430 157
aeroplane 0.0019 269 136 304 155
aeroplane 0.0014 68 131 100 145
aeroplane 0.0013 142 138 190 150
aeroplane 0.0013 151 140 165 147
aeroplane 0.0010 94 137 147 149
bus 0.0098 268 137 303 156
bus 0.0046 307 139 336 154
bus 0.0036 307 144 320 154
bus 0.0031 199 132 307 157
bus 0.0018 244 155 384 201
bus 0.0016 290 140 305 155
bus 0.0016 123 139 143 147
bus 0.0012 308 136 367 154
bus 0.0011 112 139 125 146
bus 0.0011 9 131 94 146
bus 0.0010 340 146 348 154
train 0.1604 199 132 305 155
train 0.0076 196 124 430 157
train 0.0071 9 131 94 146
train 0.0032 252 157 386 201
train 0.0015 25 119 367 151
train 0.0014 268 138 303 156
train 0.0011 4 126 95 139
train 0.0011 62 131 372 158
train 0.0010 200 136 263 153
boat 0.0037 9 131 94 146
boat 0.0031 269 136 303 155
boat 0.0013 308 139 320 154
boat 0.0011 199 132 307 155
boat 0.0011 308 137 336 155
bird 0.0024 94 322 115 332
