person 0.8436 481 71 499 167
person 0.6741 417 73 432 105
person 0.5537 398 76 411 101
person 0.5473 384 73 400 101
person 0.4800 347 70 360 86
person 0.3279 409 76 420 101
person 0.3064 375 74 387 97
person 0.2829 431 77 445 106
person 0.1681 367 70 378 91
person 0.1121 370 80 384 97
person 0.0894 360 72 370 87
person 0.0592 397 71 405 83
person 0.0454 354 70 365 87
person 0.0420 361 77 370 90
person 0.0410 402 72 412 89
person 0.0395 337 70 345 80
person 0.0296 363 69 375 84
person 0.0277 387 71 396 83
person 0.0188 376 71 387 87
person 0.0168 406 82 416 101
person 0.0093 416 74 424 90
person 0.0083 422 72 432 84
person 0.0068 362 81 376 95
person 0.0049 411 90 423 104
person 0.0033 391 85 400 101
person 0.0024 345 69 357 83
person 0.0022 483 73 499 118
person 0.0019 134 75 161 104
person 0.0018 428 68 445 81
person 0.0017 331 73 372 100
person 0.0010 363 80 390 104
bicycle 0.0047 431 77 445 106
car 0.9433 18 39 488 276
car 0.0083 426 68 445 82
car 0.0081 273 59 433 127
car 0.0047 431 77 443 102
car 0.0032 45 -10 476 49
car 0.0013 226 49 402 115
car 0.0011 395 100 485 156
motorbike 0.0040 431 76 445 106
bus 0.0025 15 39 493 270
chair 0.0021 431 77 445 106
pottedplant 0.0013 431 77 445 106
tvmonitor 0.3952 399 36 437 62
tvmonitor 0.1982 399 37 415 61
tvmonitor 0.1030 417 37 437 61
tvmonitor 0.0014 428 67 443 79
tvmonitor 0.0013 353 41 367 55
