person 0.9270 123 125 273 435
person 0.9030 188 334 385 496
person 0.8802 13 235 131 412
person 0.8735 325 242 412 415
person 0.7100 249 258 362 409
person 0.6298 57 243 115 335
person 0.6002 13 411 110 495
person 0.0320 57 243 79 297
person 0.0118 255 260 341 344
person 0.0118 58 243 76 267
person 0.0078 13 294 46 424
person 0.0073 218 332 273 432
person 0.0039 60 416 104 480
person 0.0024 18 329 425 498
person 0.0023 25 400 204 496
person 0.0019 248 264 289 340
person 0.0017 44 366 119 407
person 0.0016 235 335 270 374
person 0.0015 407 361 422 420
dog 0.0018 17 403 132 467
bottle 0.0261 406 364 423 420
bottle 0.0119 14 301 46 418
bottle 0.0117 109 416 132 483
bottle 0.0037 14 358 45 417
bottle 0.0025 354 394 362 418
bottle 0.0017 376 409 404 472
bottle 0.0016 157 418 185 464
bottle 0.0013 374 408 390 440
bottle 0.0012 129 216 144 261
bottle 0.0011 44 394 72 408
bottle 0.0010 137 429 159 467
chair 0.7161 92 312 139 406
chair 0.4086 64 272 115 335
chair 0.3486 405 326 422 420
chair 0.2930 17 299 136 411
chair 0.1595 92 371 118 404
chair 0.1417 65 295 106 324
chair 0.1190 44 367 117 407
chair 0.0899 395 355 423 420
chair 0.0752 405 326 422 362
chair 0.0542 114 310 138 353
chair 0.0349 59 261 139 425
chair 0.0304 320 271 339 296
chair 0.0271 188 432 376 495
chair 0.0232 249 313 269 336
chair 0.0185 46 393 73 408
chair 0.0123 77 274 102 289
chair 0.0116 408 359 422 416
chair 0.0092 13 360 46 415
chair 0.0088 236 336 271 372
chair 0.0062 410 354 422 393
chair 0.0061 15 373 74 418
chair 0.0060 299 261 339 297
chair 0.0056 17 403 132 467
chair 0.0043 31 371 131 438
chair 0.0042 77 277 98 297
chair 0.0036 69 287 102 308
chair 0.0033 256 260 340 343
chair 0.0029 116 318 139 411
chair 0.0026 247 328 267 338
chair 0.0024 336 343 357 403
chair 0.0023 157 419 185 460
chair 0.0022 111 371 127 406
chair 0.0022 170 392 436 497
chair 0.0022 390 406 409 420
chair 0.0020 273 255 291 265
chair 0.0019 14 390 45 416
chair 0.0014 229 337 270 401
chair 0.0014 241 336 270 358
chair 0.0013 379 331 420 416
chair 0.0013 266 243 274 265
chair 0.0012 216 333 271 433
chair 0.0012 253 306 277 336
chair 0.0012 15 238 104 421
chair 0.0012 116 356 132 400
chair 0.0011 263 316 277 336
chair 0.0011 196 432 249 445
chair 0.0011 270 258 338 290
chair 0.0010 73 276 107 309
chair 0.0010 141 427 174 480
sofa 0.0144 44 366 119 407
sofa 0.0054 10 290 136 414
sofa 0.0041 405 326 422 361
sofa 0.0013 64 283 113 330
sofa 0.0011 31 371 131 438
pottedplant 0.8420 312 68 422 328
pottedplant 0.0029 318 69 422 201
diningtable 0.4757 364 407 423 497
diningtable 0.1292 29 385 426 497
diningtable 0.1031 405 326 422 362
diningtable 0.0674 74 448 191 499
diningtable 0.0540 63 411 200 497
diningtable 0.0318 141 421 399 496
diningtable 0.0237 403 327 422 412
diningtable 0.0125 14 402 145 494
diningtable 0.0109 173 334 431 495
diningtable 0.0064 13 360 46 415
diningtable 0.0053 44 368 120 405
diningtable 0.0048 407 361 422 420
diningtable 0.0021 389 356 421 420
diningtable 0.0017 377 333 422 442
diningtable 0.0014 94 431 153 496
diningtable 0.0012 31 371 131 438
diningtable 0.0012 196 432 249 445
diningtable 0.0012 308 318 417 472
