person 0.8770 275 5 498 328
person 0.8112 2 53 285 345
person 0.0205 58 4 488 341
person 0.0111 461 270 499 314
person 0.0038 277 103 375 323
person 0.0029 4 142 45 166
person 0.0013 201 53 345 277
bicycle 0.0020 244 0 439 120
chair 0.0215 1 161 145 333
chair 0.0170 0 162 41 304
chair 0.0108 203 234 224 270
chair 0.0060 461 271 499 314
chair 0.0059 0 105 295 332
chair 0.0052 131 191 206 257
chair 0.0050 166 310 208 330
chair 0.0022 15 30 473 338
chair 0.0021 -1 309 112 335
chair 0.0010 332 5 499 323
sofa 0.0626 2 158 265 339
sofa 0.0140 1 163 140 328
sofa 0.0048 15 30 473 338
sofa 0.0013 0 165 41 302
sofa 0.0010 0 242 505 374
pottedplant 0.0794 244 0 418 121
pottedplant 0.0372 239 0 410 252
pottedplant 0.0138 244 29 299 88
pottedplant 0.0127 243 19 349 114
pottedplant 0.0099 100 -10 403 331
pottedplant 0.0023 299 81 344 127
diningtable 0.3418 14 316 498 371
diningtable 0.0056 2 320 243 368
diningtable 0.0028 1 309 120 359
diningtable 0.0027 -1 267 509 371
diningtable 0.0026 45 324 354 359
diningtable 0.0025 282 328 499 372
diningtable 0.0023 298 318 495 353
diningtable 0.0017 239 320 482 341
diningtable 0.0014 2 157 275 350
diningtable 0.0013 378 313 496 329
diningtable 0.0011 444 2 499 124
diningtable 0.0011 256 311 437 335
diningtable 0.0010 112 326 233 353
diningtable 0.0010 1 309 114 334
diningtable 0.0010 3 291 305 368
tvmonitor 0.0015 -1 13 480 356
