car 0.1215 1 103 495 248
car 0.0552 -3 -96 491 29
car 0.0254 3 -46 491 244
car 0.0114 0 -13 480 38
bird 0.0010 1 35 235 227
cat 0.8060 244 21 488 214
cat 0.7813 0 31 235 243
cat 0.0022 211 21 452 140
cat 0.0019 218 24 319 120
cat 0.0015 150 23 231 100
dog 0.0287 2 43 229 245
dog 0.0018 260 25 481 148
sheep 0.0023 2 43 229 245
chair 0.0044 3 -46 491 244
chair 0.0026 330 23 406 55
chair 0.0021 419 231 500 249
chair 0.0012 -9 104 495 247
sofa 0.0041 216 27 284 74
sofa 0.0033 4 -38 492 242
pottedplant 0.0388 216 28 284 73
pottedplant 0.0244 306 23 405 54
pottedplant 0.0018 319 23 368 44
pottedplant 0.0016 308 25 334 42
pottedplant 0.0014 324 24 350 42
pottedplant 0.0014 216 30 248 70
diningtable 0.0020 -9 104 495 247
tvmonitor 0.0136 2 -98 469 25
tvmonitor 0.0033 2 37 495 249
tvmonitor 0.0023 223 -1 428 21
tvmonitor 0.0018 41 -2 429 28
