person 0.0016 229 274 240 302
car 0.0011 215 257 246 292
bottle 0.0465 264 235 308 350
bottle 0.0454 146 270 228 453
bottle 0.0141 154 224 213 305
bottle 0.0086 202 269 222 316
bottle 0.0066 242 134 313 347
bottle 0.0026 27 475 61 499
bottle 0.0021 219 270 230 296
bottle 0.0019 217 314 269 398
bottle 0.0019 146 237 222 356
bottle 0.0017 174 224 190 247
bottle 0.0013 247 142 305 269
bottle 0.0012 164 249 222 315
bottle 0.0010 214 257 246 295
diningtable 0.0399 -13 319 383 496
diningtable 0.0146 -8 162 398 491
diningtable 0.0015 368 41 434 494
diningtable 0.0012 350 359 374 392
tvmonitor 0.8518 302 36 375 341
tvmonitor 0.0039 2 305 163 488
