person 0.0051 210 0 247 70
person 0.0031 61 108 365 231
person 0.0025 212 26 234 64
person 0.0021 343 0 373 53
person 0.0014 226 97 247 136
person 0.0010 334 2 372 188
bicycle 0.0012 152 36 184 69
dog 0.0026 226 97 248 132
bottle 0.1784 147 73 193 139
bottle 0.0570 167 137 203 181
bottle 0.0125 71 3 81 23
bottle 0.0113 114 33 128 74
bottle 0.0088 46 1 55 24
bottle 0.0074 111 33 122 71
bottle 0.0057 96 105 131 135
bottle 0.0040 112 47 124 75
bottle 0.0033 49 28 64 66
bottle 0.0029 118 32 133 72
bottle 0.0027 130 34 148 71
bottle 0.0024 64 29 82 59
bottle 0.0021 136 47 147 72
bottle 0.0021 172 0 185 20
bottle 0.0019 152 134 212 173
bottle 0.0019 226 56 239 68
bottle 0.0017 110 151 139 223
bottle 0.0017 49 25 85 77
bottle 0.0015 215 59 227 69
bottle 0.0014 226 98 245 148
chair 0.8881 335 114 374 218
chair 0.8510 183 71 264 121
chair 0.8295 25 108 69 198
chair 0.8169 0 166 33 266
chair 0.0316 146 73 194 136
chair 0.0230 146 78 164 119
chair 0.0134 226 97 248 132
chair 0.0049 243 79 277 121
chair 0.0036 232 98 255 126
chair 0.0031 0 174 15 263
chair 0.0028 58 114 90 151
chair 0.0024 68 114 107 150
chair 0.0020 49 93 149 152
chair 0.0020 52 26 86 77
chair 0.0019 150 36 185 73
chair 0.0017 140 76 252 125
chair 0.0015 40 187 77 197
chair 0.0015 210 1 248 75
chair 0.0015 255 88 275 121
chair 0.0014 28 150 49 197
chair 0.0012 96 96 139 110
chair 0.0012 338 120 374 160
pottedplant 0.0043 157 133 210 176
pottedplant 0.0039 106 0 192 76
pottedplant 0.0030 150 35 185 72
pottedplant 0.0020 49 26 84 77
pottedplant 0.0020 111 30 142 75
pottedplant 0.0019 150 134 208 153
pottedplant 0.0017 96 105 131 135
pottedplant 0.0016 211 0 247 69
pottedplant 0.0015 213 0 243 21
pottedplant 0.0013 226 97 248 132
pottedplant 0.0012 107 0 145 25
pottedplant 0.0010 343 0 371 42
pottedplant 0.0010 138 16 187 75
diningtable 0.8403 7 107 382 489
diningtable 0.0044 40 106 353 222
diningtable 0.0029 143 70 262 124
diningtable 0.0018 15 335 373 494
diningtable 0.0012 4 149 144 266
diningtable 0.0011 80 145 134 187
diningtable 0.0010 174 115 227 138
