person 0.9221 74 87 197 353
person 0.9056 191 25 262 209
person 0.8916 153 188 341 492
person 0.8471 19 13 53 113
person 0.8084 329 31 375 256
person 0.0570 335 32 374 147
person 0.0057 18 31 35 100
person 0.0053 359 123 375 168
person 0.0050 339 104 356 140
person 0.0046 336 55 346 75
person 0.0035 337 55 358 77
person 0.0035 346 42 367 77
person 0.0035 20 57 33 99
person 0.0033 358 32 374 59
person 0.0031 347 60 361 79
person 0.0029 334 55 351 92
person 0.0026 332 138 374 254
person 0.0023 337 100 360 179
person 0.0023 352 35 374 77
person 0.0014 337 38 362 80
person 0.0012 180 264 316 363
person 0.0010 363 116 374 145
bicycle 0.7610 170 351 324 496
bicycle 0.7256 96 226 171 394
bicycle 0.1927 220 427 277 499
bicycle 0.0491 209 357 281 495
bicycle 0.0091 146 364 182 430
bicycle 0.0085 134 282 179 426
bicycle 0.0054 149 361 238 415
bicycle 0.0020 112 277 140 386
bicycle 0.0015 266 360 313 497
bicycle 0.0014 151 207 339 497
bicycle 0.0013 156 357 244 487
bicycle 0.0010 81 213 217 418
bicycle 0.0010 137 283 161 369
motorbike 0.0517 159 345 335 499
motorbike 0.0054 88 222 184 425
motorbike 0.0041 220 425 277 498
motorbike 0.0040 151 207 339 497
motorbike 0.0019 21 55 35 107
motorbike 0.0014 214 372 279 495
motorbike 0.0012 20 54 52 113
dog 0.0010 19 25 52 114
