person 0.8976 191 175 421 488
person 0.8414 157 213 284 492
person 0.0127 360 448 485 498
person 0.0025 71 249 90 269
person 0.0024 53 284 90 325
person 0.0020 45 339 79 371
person 0.0012 79 163 96 181
person 0.0011 64 218 101 273
person 0.0011 448 473 487 499
person 0.0010 49 208 108 337
train 0.0010 36 146 495 491
cat 0.0018 360 448 485 498
cat 0.0015 436 353 459 391
bottle 0.0095 199 353 231 399
bottle 0.0047 26 375 83 442
bottle 0.0045 193 342 256 405
bottle 0.0022 41 379 74 414
bottle 0.0016 436 352 459 391
bottle 0.0014 233 349 254 389
chair 0.0202 359 450 486 498
chair 0.0075 413 346 470 481
chair 0.0035 143 305 469 496
chair 0.0021 157 402 197 476
chair 0.0017 451 472 486 499
chair 0.0014 406 336 437 389
chair 0.0011 127 169 429 490
chair 0.0011 121 181 297 374
sofa 0.0108 143 220 461 493
sofa 0.0046 360 448 485 498
sofa 0.0010 5 84 494 443
pottedplant 0.1167 359 451 486 498
pottedplant 0.0184 88 40 247 166
pottedplant 0.0103 204 120 297 193
pottedplant 0.0037 417 298 489 318
pottedplant 0.0027 76 53 329 199
pottedplant 0.0013 101 95 240 155
pottedplant 0.0011 427 301 468 316
diningtable 0.0038 4 91 388 497
diningtable 0.0010 107 361 483 491
tvmonitor 0.0061 -1 4 11 275
tvmonitor 0.0047 -1 102 6 173
tvmonitor 0.0017 -1 0 10 108
tvmonitor 0.0012 122 183 269 344
tvmonitor 0.0010 59 162 450 489
tvmonitor 0.0010 -1 176 6 240
