person 0.9244 323 96 423 372
person 0.9085 137 133 193 302
person 0.8873 316 155 353 277
person 0.8768 229 129 279 285
person 0.8522 184 210 241 302
person 0.8032 269 147 309 278
person 0.0110 274 151 299 222
person 0.0058 183 180 200 232
person 0.0048 274 148 299 178
person 0.0040 319 158 350 199
person 0.0037 265 145 276 164
person 0.0016 201 164 245 257
person 0.0015 222 239 244 284
person 0.0013 334 184 355 271
person 0.0012 135 221 224 294
person 0.0010 342 157 353 171
person 0.0010 328 155 349 179
car 0.0017 321 155 331 164
bird 0.0019 274 149 299 173
dog 0.0175 274 149 299 177
dog 0.0048 269 147 303 271
dog 0.0035 274 148 300 210
horse 0.0074 270 146 306 258
horse 0.0030 273 147 300 176
horse 0.0012 274 148 300 210
sheep 0.0219 274 149 298 173
cow 0.0183 270 146 306 258
cow 0.0086 274 149 298 173
cow 0.0026 226 143 304 258
cow 0.0017 274 148 300 210
bottle 0.0166 235 201 253 214
bottle 0.0045 340 200 352 217
bottle 0.0022 362 208 375 217
bottle 0.0015 129 348 168 359
bottle 0.0015 223 242 239 258
bottle 0.0013 327 188 340 204
bottle 0.0012 227 231 236 243
chair 0.0047 135 221 224 294
