person 0.9004 3 285 123 497
person 0.9003 167 333 314 497
person 0.8794 195 118 274 352
person 0.8395 0 157 104 343
person 0.8229 152 275 232 344
person 0.7851 256 255 373 497
person 0.5960 254 128 347 338
person 0.0235 213 86 343 372
person 0.0114 174 135 211 187
person 0.0104 361 167 374 219
person 0.0086 19 188 27 210
person 0.0037 70 245 104 285
person 0.0035 92 147 101 167
person 0.0033 306 172 373 255
person 0.0027 86 147 95 166
person 0.0027 0 186 22 211
person 0.0026 0 289 21 368
person 0.0024 349 306 375 443
person 0.0024 73 247 102 271
person 0.0023 265 258 371 380
person 0.0022 167 121 212 244
person 0.0022 -1 304 27 493
person 0.0021 76 146 86 165
person 0.0015 -1 184 23 347
person 0.0014 0 292 26 322
person 0.0013 0 194 27 231
person 0.0012 267 392 371 498
person 0.0012 65 278 347 495
person 0.0011 64 172 104 289
person 0.0010 162 229 219 280
person 0.0010 69 140 76 165
bicycle 0.0038 360 411 374 439
train 0.0034 139 97 369 346
boat 0.0012 166 393 203 414
cat 0.0060 185 272 229 308
cat 0.0019 151 274 233 344
cat 0.0012 361 168 374 218
dog 0.0755 149 273 232 345
dog 0.0152 70 246 104 282
dog 0.0040 186 273 229 308
dog 0.0015 174 135 211 187
horse 0.0028 174 135 211 187
bottle 0.0357 69 136 76 164
bottle 0.0093 76 146 84 165
bottle 0.0047 267 358 279 372
bottle 0.0045 92 147 101 166
bottle 0.0036 86 147 94 167
bottle 0.0031 74 138 81 164
bottle 0.0024 80 135 87 146
bottle 0.0023 72 135 80 150
bottle 0.0020 19 188 27 210
bottle 0.0019 0 288 26 321
bottle 0.0013 357 304 367 315
bottle 0.0013 269 348 285 378
bottle 0.0013 111 367 133 383
bottle 0.0011 355 304 373 332
bottle 0.0010 164 329 173 343
bottle 0.0010 69 246 104 284
chair 0.2075 163 229 213 278
chair 0.1621 259 266 375 499
chair 0.0765 268 393 369 498
chair 0.0746 143 228 226 333
chair 0.0610 355 310 375 443
chair 0.0552 313 459 345 499
chair 0.0202 83 273 131 304
chair 0.0185 315 417 374 498
chair 0.0166 70 246 104 282
chair 0.0097 358 308 374 371
chair 0.0084 151 273 234 343
chair 0.0079 69 246 122 304
chair 0.0059 267 453 352 499
chair 0.0040 100 445 140 460
chair 0.0039 0 324 23 372
chair 0.0038 350 381 374 447
chair 0.0038 147 221 337 319
chair 0.0032 216 352 370 497
chair 0.0031 0 299 9 334
chair 0.0028 151 298 202 343
chair 0.0026 313 302 374 465
chair 0.0025 360 411 374 439
chair 0.0020 0 302 17 338
chair 0.0020 0 302 10 360
chair 0.0019 359 378 374 436
chair 0.0018 313 485 327 499
chair 0.0018 297 381 372 464
chair 0.0017 365 318 374 374
chair 0.0016 66 283 105 307
chair 0.0014 201 224 255 255
chair 0.0013 313 469 335 498
chair 0.0012 145 135 353 345
chair 0.0012 325 459 345 486
chair 0.0012 0 296 25 323
sofa 0.0167 259 266 375 499
sofa 0.0104 353 304 374 369
sofa 0.0076 163 229 214 280
sofa 0.0066 303 384 375 499
sofa 0.0058 352 307 375 440
sofa 0.0048 139 97 369 346
sofa 0.0033 128 181 357 313
sofa 0.0020 315 428 373 498
sofa 0.0019 325 289 371 487
sofa 0.0014 136 228 225 326
sofa 0.0014 192 105 369 252
pottedplant 0.0249 0 184 28 254
pottedplant 0.0121 361 167 374 218
pottedplant 0.0108 174 136 210 189
pottedplant 0.0090 354 305 374 368
pottedplant 0.0035 0 205 26 237
pottedplant 0.0029 0 194 24 228
pottedplant 0.0023 0 185 22 211
pottedplant 0.0021 294 380 373 498
pottedplant 0.0015 -1 171 27 351
pottedplant 0.0012 351 303 375 437
pottedplant 0.0011 0 219 23 252
pottedplant 0.0010 0 196 21 213
diningtable 0.0159 84 274 131 303
diningtable 0.0046 230 335 286 381
diningtable 0.0015 0 292 26 322
diningtable 0.0013 69 246 122 304
diningtable 0.0012 355 304 374 363
diningtable 0.0012 85 223 347 497
diningtable 0.0010 100 444 139 459
tvmonitor 0.1734 157 98 374 258
tvmonitor 0.1432 290 11 374 90
tvmonitor 0.0347 164 12 286 92
tvmonitor 0.0026 155 103 302 183
tvmonitor 0.0012 0 169 26 206
tvmonitor 0.0012 67 131 101 167
