person 0.9110 230 -3 449 331
person 0.0013 202 192 271 224
bicycle 0.9269 364 -1 499 307
bicycle 0.0414 174 -1 512 323
bicycle 0.0267 436 59 499 248
bicycle 0.0121 457 93 499 272
bicycle 0.0111 464 137 499 236
bicycle 0.0106 378 87 435 220
bicycle 0.0094 479 147 499 210
bicycle 0.0060 459 162 499 305
bicycle 0.0058 474 121 499 178
bicycle 0.0042 380 101 412 165
bicycle 0.0037 465 221 499 306
bicycle 0.0029 461 58 499 197
bicycle 0.0023 450 65 500 135
bicycle 0.0023 492 138 499 172
bicycle 0.0018 487 138 499 183
bicycle 0.0013 472 123 499 147
bicycle 0.0011 377 105 398 161
motorbike 0.0010 176 1 499 328
boat 0.0022 -1 29 377 323
bird 0.0018 215 197 271 224
dog 0.0019 201 192 271 224
bottle 0.7003 282 159 307 231
bottle 0.0103 202 192 271 224
bottle 0.0032 288 158 307 194
bottle 0.0023 290 155 302 170
bottle 0.0015 301 166 318 227
chair 0.0027 179 32 495 325
chair 0.0010 373 41 498 307
diningtable 0.0051 0 179 338 329
