person 0.1682 253 258 268 276
bird 0.0012 337 262 350 273
bird 0.0010 253 258 268 276
bird 0.0010 105 254 116 265
dog 0.0119 253 259 267 276
dog 0.0049 0 270 82 327
dog 0.0047 105 253 117 265
dog 0.0021 134 254 146 263
dog 0.0016 203 256 215 267
dog 0.0013 57 257 77 267
dog 0.0012 183 276 233 367
dog 0.0011 233 266 290 313
dog 0.0011 325 262 343 272
dog 0.0011 151 256 173 267
horse 0.0139 253 259 267 276
horse 0.0019 233 266 290 313
horse 0.0015 353 248 367 258
horse 0.0010 105 253 117 265
sheep 0.9252 182 275 233 368
sheep 0.9053 232 273 290 321
sheep 0.8906 0 268 82 327
sheep 0.8062 133 261 164 286
sheep 0.7648 268 265 288 277
sheep 0.6720 204 255 215 266
sheep 0.6702 252 258 269 277
sheep 0.6568 361 263 369 273
sheep 0.5703 300 261 310 270
sheep 0.5495 217 258 227 266
sheep 0.5195 159 260 182 281
sheep 0.5185 105 253 117 265
sheep 0.4773 311 261 322 271
sheep 0.4343 323 261 341 274
sheep 0.4183 57 256 77 268
sheep 0.3365 336 263 349 273
sheep 0.3207 143 254 159 262
sheep 0.3139 2 253 47 273
sheep 0.2478 134 254 144 263
sheep 0.0933 147 256 181 278
sheep 0.0893 151 256 173 267
sheep 0.0837 231 273 246 288
sheep 0.0581 142 258 164 273
sheep 0.0392 134 261 153 275
sheep 0.0377 322 261 332 272
sheep 0.0347 106 254 132 267
sheep 0.0227 353 248 367 258
sheep 0.0189 133 259 143 272
sheep 0.0131 358 248 372 257
sheep 0.0128 370 250 379 258
sheep 0.0118 205 274 231 299
sheep 0.0107 2 253 30 268
sheep 0.0077 132 263 145 284
sheep 0.0075 26 256 84 274
sheep 0.0056 267 270 290 287
sheep 0.0052 27 267 78 279
sheep 0.0049 32 261 74 273
sheep 0.0044 232 273 256 311
sheep 0.0043 207 271 229 287
sheep 0.0036 -1 266 83 285
sheep 0.0034 212 273 225 284
sheep 0.0029 145 250 159 260
sheep 0.0026 340 264 357 273
sheep 0.0024 30 255 46 269
sheep 0.0020 374 251 384 258
sheep 0.0014 235 259 270 281
sheep 0.0014 255 258 280 271
sheep 0.0011 42 255 77 269
sheep 0.0010 163 259 181 269
sheep 0.0010 259 260 296 285
cow 0.1304 1 269 81 327
cow 0.0610 253 259 267 276
cow 0.0319 1 253 47 273
cow 0.0189 337 262 350 273
cow 0.0162 57 257 77 267
cow 0.0162 322 261 340 275
cow 0.0146 311 261 322 271
cow 0.0145 361 263 369 273
cow 0.0144 105 253 117 265
cow 0.0135 231 274 291 320
cow 0.0128 160 260 182 281
cow 0.0123 203 256 215 267
cow 0.0103 217 258 227 266
cow 0.0096 301 261 309 269
cow 0.0092 134 261 164 286
cow 0.0078 353 248 367 258
cow 0.0061 134 254 143 262
cow 0.0052 370 250 379 258
cow 0.0041 144 254 159 262
cow 0.0032 268 265 289 278
cow 0.0019 151 256 173 267
cow 0.0018 2 253 30 268
cow 0.0017 267 270 290 287
cow 0.0013 231 273 246 288
