person 0.0100 300 0 354 38
person 0.0053 80 280 190 332
person 0.0034 322 -1 368 37
person 0.0021 0 22 46 160
person 0.0012 38 6 125 92
car 0.2881 0 -8 453 325
car 0.1030 0 24 44 159
car 0.0530 290 0 370 40
car 0.0288 0 -1 140 159
car 0.0235 326 -1 368 36
car 0.0029 0 112 39 158
car 0.0020 8 -2 401 182
motorbike 0.1036 3 -8 448 328
motorbike 0.0066 0 20 43 159
motorbike 0.0028 2 5 99 161
aeroplane 0.0071 12 -7 469 325
bus 0.0730 7 -7 450 322
train 0.0037 5 -3 465 315
bottle 0.0273 33 0 137 118
bottle 0.0042 0 23 47 161
bottle 0.0011 -4 -2 141 170
diningtable 0.0053 3 -8 456 330
