person 0.9494 55 27 270 370
person 0.9218 249 33 441 365
person 0.0155 30 34 459 364
person 0.0013 479 175 499 227
bus 0.0014 22 11 474 363
bottle 0.9213 295 184 321 273
bottle 0.2699 429 176 444 205
bottle 0.2195 449 171 458 199
bottle 0.1112 459 172 470 198
bottle 0.0971 472 170 482 196
bottle 0.0713 454 170 466 199
bottle 0.0523 199 196 229 249
bottle 0.0462 421 186 431 206
bottle 0.0455 485 172 495 191
bottle 0.0410 478 171 489 195
bottle 0.0259 480 171 499 226
bottle 0.0210 482 173 496 210
bottle 0.0174 467 171 476 197
bottle 0.0104 476 171 489 210
bottle 0.0066 297 194 320 233
bottle 0.0038 444 177 454 203
bottle 0.0035 442 181 451 204
bottle 0.0022 454 183 469 205
bottle 0.0018 489 172 497 188
bottle 0.0017 438 222 456 258
bottle 0.0011 452 167 497 259
chair 0.0420 35 254 60 281
chair 0.0079 0 275 73 341
chair 0.0053 424 185 498 258
chair 0.0037 437 233 454 258
chair 0.0036 0 325 81 374
chair 0.0028 252 323 267 373
chair 0.0022 0 250 62 319
chair 0.0010 478 185 499 227
chair 0.0010 14 55 472 367
sofa 0.0562 -22 125 494 368
sofa 0.0012 0 252 75 357
diningtable 0.0308 0 275 71 341
diningtable 0.0268 391 255 499 313
diningtable 0.0103 -20 155 495 370
diningtable 0.0057 421 183 499 257
diningtable 0.0033 -16 262 500 372
diningtable 0.0030 0 250 62 319
diningtable 0.0017 388 255 500 368
tvmonitor 0.0046 25 -10 479 355
