person 0.9380 82 56 261 369
person 0.2553 0 180 13 254
person 0.2388 193 54 211 130
person 0.1950 194 54 209 90
person 0.1145 193 53 233 137
person 0.0679 459 193 499 358
person 0.0447 336 41 369 72
person 0.0432 0 -3 29 252
person 0.0358 183 57 240 194
person 0.0288 190 92 232 135
person 0.0176 149 20 171 49
person 0.0166 325 46 378 113
person 0.0162 334 50 378 89
person 0.0143 221 101 235 161
person 0.0120 0 125 15 249
person 0.0116 149 25 159 50
person 0.0112 187 97 236 168
person 0.0105 267 7 284 49
person 0.0076 0 -3 22 114
person 0.0072 418 82 441 112
person 0.0037 337 51 369 67
person 0.0036 117 70 365 360
person 0.0033 167 57 288 346
person 0.0031 194 55 233 97
person 0.0026 175 59 212 149
person 0.0026 267 23 281 48
person 0.0025 270 9 283 34
person 0.0023 180 27 196 39
person 0.0021 132 72 248 228
person 0.0021 334 63 349 87
person 0.0021 219 101 267 201
person 0.0018 2 3 19 37
person 0.0018 486 295 499 373
person 0.0017 415 146 476 193
person 0.0017 187 124 213 196
person 0.0016 334 15 372 60
person 0.0014 1 -12 102 273
person 0.0012 457 68 501 346
person 0.0012 133 53 213 121
person 0.0012 135 68 147 86
person 0.0011 274 4 299 45
person 0.0011 193 79 207 116
person 0.0011 336 54 367 77
person 0.0010 323 54 348 86
person 0.0010 222 105 233 133
bicycle 0.4536 309 70 374 123
bicycle 0.0440 259 323 357 373
bicycle 0.0377 207 316 312 373
bicycle 0.0316 169 185 358 373
bicycle 0.0146 96 306 356 372
bicycle 0.0142 267 323 301 373
bicycle 0.0132 353 85 372 122
bicycle 0.0112 289 66 377 150
bicycle 0.0098 270 58 374 269
bicycle 0.0081 149 25 167 54
bicycle 0.0047 190 94 233 132
bicycle 0.0030 334 63 372 88
bicycle 0.0026 290 43 378 118
bicycle 0.0022 311 93 354 124
bicycle 0.0021 149 25 159 50
bicycle 0.0021 149 22 203 54
bicycle 0.0012 351 31 371 59
bicycle 0.0012 261 191 366 337
bicycle 0.0011 171 25 196 41
bicycle 0.0011 337 26 371 62
bicycle 0.0010 150 22 177 48
bicycle 0.0010 136 192 196 303
car 0.1609 0 0 25 36
car 0.1445 276 7 418 76
car 0.0526 345 16 428 58
car 0.0355 332 49 378 88
car 0.0247 276 6 364 63
car 0.0228 286 41 378 79
car 0.0178 191 93 233 130
car 0.0131 151 23 185 45
car 0.0054 268 34 279 49
car 0.0053 149 22 201 54
car 0.0053 296 12 335 40
car 0.0046 178 27 196 39
car 0.0042 277 61 373 95
car 0.0039 336 47 370 73
car 0.0036 283 43 330 72
car 0.0034 291 3 349 30
car 0.0031 294 1 337 9
car 0.0028 154 4 400 93
car 0.0026 277 27 336 57
car 0.0025 179 25 218 44
car 0.0021 267 23 281 48
car 0.0018 180 59 233 151
car 0.0016 283 36 332 54
car 0.0015 307 70 376 123
car 0.0014 276 5 310 43
car 0.0013 183 106 206 140
car 0.0012 1 0 70 39
car 0.0012 149 21 170 52
car 0.0012 373 16 422 29
car 0.0011 290 43 378 118
car 0.0011 186 97 234 161
car 0.0010 267 32 293 50
car 0.0010 294 4 325 28
car 0.0010 99 180 365 343
car 0.0010 267 5 283 50
motorbike 0.0103 307 70 376 123
motorbike 0.0060 334 50 378 89
motorbike 0.0046 110 186 361 372
motorbike 0.0035 205 316 304 373
motorbike 0.0035 325 46 378 113
motorbike 0.0013 256 322 359 373
motorbike 0.0013 149 21 170 52
motorbike 0.0011 96 306 356 372
motorbike 0.0010 288 7 413 89
bus 0.0032 276 6 412 79
boat 0.0040 150 24 216 54
boat 0.0035 276 6 412 79
boat 0.0029 123 5 392 87
boat 0.0028 155 34 197 53
boat 0.0018 333 49 378 87
boat 0.0016 281 47 375 80
boat 0.0011 347 16 427 58
bird 0.0036 120 178 340 351
bird 0.0022 418 94 437 112
bird 0.0020 418 81 440 112
bird 0.0014 361 123 370 139
bird 0.0012 362 121 388 142
bird 0.0011 194 54 209 90
cat 0.0012 362 121 388 142
dog 0.0042 418 84 440 112
dog 0.0034 117 181 357 363
dog 0.0017 193 62 233 137
dog 0.0015 417 148 466 182
dog 0.0015 415 159 487 199
dog 0.0013 362 121 388 142
dog 0.0012 418 96 436 111
dog 0.0011 135 68 147 86
dog 0.0011 189 93 235 160
horse 0.0067 149 21 170 52
horse 0.0028 149 25 158 49
sheep 0.0413 120 179 338 347
sheep 0.0012 418 84 440 112
cow 0.0017 117 181 357 363
cow 0.0014 149 22 201 54
cow 0.0013 178 27 196 39
cow 0.0012 149 22 167 53
bottle 0.0094 487 290 498 369
bottle 0.0079 490 295 499 329
bottle 0.0052 420 81 441 111
bottle 0.0032 135 68 147 86
bottle 0.0024 246 185 273 208
bottle 0.0023 192 57 209 121
bottle 0.0015 418 97 434 111
bottle 0.0014 194 54 209 90
bottle 0.0011 176 101 188 125
bottle 0.0010 194 95 206 119
bottle 0.0010 361 124 372 140
chair 0.8664 388 73 455 151
chair 0.3919 271 73 369 264
chair 0.0370 116 184 359 360
chair 0.0260 176 191 209 220
chair 0.0246 459 197 499 335
chair 0.0120 143 188 209 303
chair 0.0071 484 294 499 373
chair 0.0049 261 192 323 235
chair 0.0042 248 190 358 332
chair 0.0035 281 165 327 198
chair 0.0035 307 71 375 123
chair 0.0034 272 156 365 250
chair 0.0024 483 204 499 378
chair 0.0023 190 94 233 132
chair 0.0022 180 27 196 39
chair 0.0020 333 60 379 90
chair 0.0019 417 165 487 199
chair 0.0017 272 160 361 207
chair 0.0017 289 66 377 150
chair 0.0013 398 73 455 108
chair 0.0012 335 51 371 78
chair 0.0011 171 25 196 41
chair 0.0011 179 64 237 195
chair 0.0011 156 34 371 281
chair 0.0010 149 23 168 54
chair 0.0010 193 62 233 137
sofa 0.0394 458 193 499 336
sofa 0.0045 388 73 455 152
pottedplant 0.1048 139 298 217 373
pottedplant 0.0056 118 180 351 370
pottedplant 0.0021 336 31 371 71
pottedplant 0.0018 332 49 378 88
pottedplant 0.0013 1 0 22 37
diningtable 0.0119 275 70 375 121
diningtable 0.0111 275 160 361 195
diningtable 0.0101 388 73 455 152
diningtable 0.0097 279 160 363 176
diningtable 0.0093 117 187 358 350
diningtable 0.0072 262 192 322 234
diningtable 0.0062 277 61 373 95
diningtable 0.0051 275 75 335 104
diningtable 0.0046 270 90 365 262
diningtable 0.0035 393 73 454 114
diningtable 0.0024 260 192 364 338
diningtable 0.0014 150 24 216 54
diningtable 0.0014 281 47 375 80
diningtable 0.0012 334 65 374 89
diningtable 0.0012 118 300 334 371
diningtable 0.0010 277 75 333 91
tvmonitor 0.0021 459 196 499 333
