person 0.0042 200 166 296 273
bird 0.0026 200 166 296 273
cat 0.0018 196 165 302 286
bottle 0.8007 139 -25 355 316
bottle 0.0175 198 167 296 275
bottle 0.0066 155 123 344 351
bottle 0.0025 135 -59 350 62
bottle 0.0010 150 -62 333 -1
chair 0.0014 0 -9 504 174
sofa 0.0037 -2 -15 500 370
sofa 0.0019 0 -9 504 174
diningtable 0.6294 0 -21 519 374
diningtable 0.0242 330 11 499 371
diningtable 0.0155 0 0 168 365
diningtable 0.0073 0 -9 504 174
diningtable 0.0038 104 40 397 365
diningtable 0.0029 9 167 496 372
