person 0.0123 384 177 400 191
person 0.0058 100 232 107 242
person 0.0043 83 232 95 243
person 0.0014 7 233 14 242
person 0.0014 376 176 405 194
car 0.0523 419 196 488 230
car 0.0422 319 200 362 214
car 0.0124 419 213 486 229
car 0.0108 330 196 371 214
car 0.0054 278 207 296 214
car 0.0026 83 232 96 243
car 0.0022 43 227 56 238
car 0.0019 332 203 366 215
car 0.0014 279 205 308 214
car 0.0013 5 205 23 214
car 0.0013 473 217 487 228
aeroplane 0.9062 14 65 456 242
aeroplane 0.3400 318 198 370 214
aeroplane 0.1042 415 196 487 230
aeroplane 0.0611 1 189 54 208
aeroplane 0.0226 1 196 52 214
aeroplane 0.0165 0 183 56 200
aeroplane 0.0057 6 206 20 214
aeroplane 0.0050 337 169 438 212
aeroplane 0.0042 5 204 31 214
aeroplane 0.0041 0 191 38 201
aeroplane 0.0017 319 194 396 220
aeroplane 0.0015 11 206 58 238
aeroplane 0.0013 315 184 437 218
aeroplane 0.0011 376 176 405 194
aeroplane 0.0011 379 162 484 215
aeroplane 0.0010 84 232 96 243
aeroplane 0.0010 0 195 23 212
bus 0.0038 418 196 488 230
bus 0.0019 330 196 371 214
bus 0.0017 319 200 362 214
boat 0.0029 320 201 362 214
boat 0.0010 330 196 371 214
