person 0.0620 249 135 301 174
person 0.0291 286 144 317 176
person 0.0099 298 150 316 176
person 0.0095 202 140 246 188
person 0.0040 450 244 459 260
person 0.0038 252 140 281 172
person 0.0027 299 164 315 177
person 0.0026 280 148 300 170
person 0.0022 182 161 210 183
person 0.0021 234 134 275 175
person 0.0020 270 142 302 172
person 0.0019 138 130 178 180
person 0.0018 210 144 236 166
person 0.0014 265 160 317 181
person 0.0012 277 158 301 173
person 0.0010 180 143 223 179
car 0.9459 28 110 491 293
bus 0.0037 32 111 487 294
chair 0.0010 395 157 410 172
