person 0.0022 339 93 369 112
person 0.0016 450 107 480 210
person 0.0011 334 92 347 112
bird 0.0216 450 107 480 210
cat 0.0271 450 107 480 210
cat 0.0018 91 102 115 134
cat 0.0012 55 116 96 147
bottle 0.7919 224 154 238 199
bottle 0.4843 449 105 480 210
bottle 0.0127 392 194 406 214
bottle 0.0105 287 157 312 201
bottle 0.0028 379 190 401 204
bottle 0.0012 450 166 476 210
bottle 0.0012 451 186 471 210
pottedplant 0.0165 55 114 97 148
pottedplant 0.0010 450 107 480 210
diningtable 0.0102 148 176 494 352
tvmonitor 0.8990 277 78 403 163
tvmonitor 0.8270 33 144 141 238
tvmonitor 0.0582 225 0 273 14
tvmonitor 0.0245 200 0 308 42
tvmonitor 0.0188 220 0 290 24
tvmonitor 0.0028 44 227 145 278
tvmonitor 0.0015 330 90 397 116
