person 0.0956 288 264 311 291
person 0.0504 285 267 296 291
person 0.0066 300 265 310 290
person 0.0039 396 279 402 289
person 0.0035 314 227 323 235
person 0.0023 327 213 338 227
person 0.0016 228 303 258 331
person 0.0014 296 239 309 251
person 0.0011 369 256 382 263
person 0.0011 347 212 356 231
person 0.0010 226 288 288 333
car 0.0154 285 265 311 291
car 0.0098 285 267 296 291
car 0.0064 323 257 333 265
car 0.0044 369 256 382 263
motorbike 0.0012 285 267 296 291
aeroplane 0.8395 4 83 493 347
aeroplane 0.5571 370 212 499 306
aeroplane 0.2227 402 214 497 259
aeroplane 0.0105 364 271 488 306
aeroplane 0.0041 410 245 499 304
aeroplane 0.0040 423 230 484 253
aeroplane 0.0039 6 119 302 335
aeroplane 0.0036 478 248 497 259
aeroplane 0.0036 369 179 495 215
aeroplane 0.0036 403 218 467 249
aeroplane 0.0033 468 246 496 260
aeroplane 0.0031 231 93 498 239
aeroplane 0.0028 282 233 486 308
aeroplane 0.0028 439 242 503 258
aeroplane 0.0019 17 195 455 335
aeroplane 0.0018 454 248 473 257
aeroplane 0.0018 439 242 475 254
aeroplane 0.0017 275 170 496 304
aeroplane 0.0016 374 190 466 218
aeroplane 0.0015 393 284 486 305
aeroplane 0.0014 333 248 373 264
aeroplane 0.0012 378 193 436 214
aeroplane 0.0012 451 224 501 258
aeroplane 0.0012 411 286 470 297
aeroplane 0.0012 487 250 499 259
aeroplane 0.0011 460 250 477 259
aeroplane 0.0010 286 265 311 291
aeroplane 0.0010 415 277 441 290
bus 0.0012 285 265 311 291
boat 0.0016 380 194 436 214
chair 0.0207 285 268 297 291
chair 0.0161 285 266 309 291
chair 0.0019 296 265 310 290
