person 0.5372 210 122 224 146
person 0.3135 189 128 202 144
person 0.2525 266 120 286 138
person 0.2464 189 128 208 150
person 0.2337 244 126 255 141
person 0.0726 200 128 214 149
person 0.0206 174 125 204 152
person 0.0104 202 123 228 170
person 0.0073 425 174 432 186
person 0.0061 199 102 237 155
person 0.0058 438 173 445 187
person 0.0045 239 118 254 138
person 0.0037 432 174 439 187
person 0.0037 330 191 340 205
person 0.0032 449 175 456 188
person 0.0021 45 113 229 220
person 0.0019 243 118 264 138
person 0.0017 444 175 451 188
person 0.0013 432 172 444 187
person 0.0012 104 236 122 274
person 0.0012 183 123 229 186
person 0.0011 215 145 227 172
person 0.0010 440 174 448 187
car 0.0014 267 40 286 47
car 0.0013 252 41 285 48
motorbike 0.0010 28 19 480 256
aeroplane 0.8993 27 21 483 251
aeroplane 0.0049 252 41 285 48
aeroplane 0.0027 44 164 477 258
aeroplane 0.0017 267 40 286 47
aeroplane 0.0012 41 112 231 216
aeroplane 0.0012 253 31 374 62
aeroplane 0.0011 296 26 395 61
bus 0.0019 252 41 285 48
