person 0.9031 201 154 298 329
person 0.0765 255 162 300 307
person 0.0031 430 172 455 223
bicycle 0.7628 203 230 284 370
bicycle 0.0186 191 240 222 285
bicycle 0.0169 242 301 279 375
bicycle 0.0063 191 238 240 310
bicycle 0.0044 403 181 447 304
bicycle 0.0019 202 240 281 306
bicycle 0.0013 225 301 245 334
car 0.0015 194 240 223 282
bird 0.0011 48 48 65 76
bottle 0.0012 286 224 298 235
chair 0.1687 0 238 58 372
chair 0.0326 343 269 455 374
chair 0.0180 402 177 448 305
chair 0.0055 430 174 455 263
chair 0.0052 393 299 500 373
chair 0.0038 445 116 498 237
chair 0.0035 342 268 400 372
chair 0.0025 439 305 482 373
chair 0.0023 312 181 447 306
chair 0.0018 0 240 52 313
chair 0.0017 67 116 143 300
chair 0.0015 433 173 454 225
chair 0.0015 448 121 499 175
chair 0.0011 473 303 499 373
chair 0.0010 442 41 499 187
chair 0.0010 135 161 152 177
sofa 0.6310 0 240 59 371
diningtable 0.0051 0 240 58 369
diningtable 0.0019 344 281 499 371
diningtable 0.0012 0 240 52 313
tvmonitor 0.0071 442 41 499 182
tvmonitor 0.0010 64 118 137 186
