person 0.8679 73 115 133 201
person 0.8427 205 75 252 203
person 0.6854 369 158 383 194
person 0.6754 287 102 318 153
person 0.2635 283 101 317 204
person 0.2370 287 103 311 126
person 0.0190 212 75 250 146
person 0.0136 304 122 318 154
person 0.0046 74 118 101 197
person 0.0039 356 163 371 178
person 0.0037 345 163 382 211
person 0.0030 269 123 317 241
person 0.0029 83 117 111 153
person 0.0029 85 125 102 152
person 0.0027 292 130 314 166
person 0.0023 398 181 412 211
person 0.0015 369 156 381 177
person 0.0014 309 124 319 145
person 0.0012 204 132 237 195
person 0.0011 266 115 314 187
person 0.0011 365 180 412 214
dog 0.0119 345 171 376 214
dog 0.0065 350 176 410 216
dog 0.0013 375 181 411 213
horse 0.9371 146 120 313 275
horse 0.8432 268 134 372 249
horse 0.8220 343 170 412 216
horse 0.7530 79 143 121 234
horse 0.0711 343 170 376 215
horse 0.0617 371 180 412 214
horse 0.0164 391 181 412 212
horse 0.0051 369 158 382 194
horse 0.0044 400 182 411 211
horse 0.0041 115 162 133 200
horse 0.0032 249 125 313 250
horse 0.0026 73 152 95 199
horse 0.0026 269 146 312 239
horse 0.0019 340 168 367 196
horse 0.0017 369 180 398 197
horse 0.0012 316 138 367 159
horse 0.0012 328 175 354 200
horse 0.0010 310 128 360 153
sheep 0.0019 350 176 410 216
sheep 0.0012 343 170 374 214
cow 0.0510 365 180 412 214
cow 0.0112 344 171 375 214
cow 0.0089 389 181 412 213
cow 0.0022 400 182 411 211
chair 0.0011 432 193 447 205
pottedplant 0.0010 431 190 445 204
