person 0.8213 79 107 143 277
person 0.8098 297 132 431 279
person 0.7784 125 117 179 280
person 0.5412 374 142 465 295
person 0.3315 371 162 388 183
person 0.2673 377 142 438 214
person 0.1517 341 144 371 198
person 0.1148 295 125 327 182
person 0.0354 419 180 463 261
person 0.0287 346 146 390 202
person 0.0270 428 169 463 197
person 0.0180 424 145 445 176
person 0.0149 398 143 443 185
person 0.0145 299 125 325 160
person 0.0134 342 144 360 173
person 0.0132 425 144 435 171
person 0.0117 435 164 446 174
person 0.0110 437 211 463 261
person 0.0072 433 164 460 189
person 0.0072 427 165 438 178
person 0.0070 419 175 463 207
person 0.0068 293 131 306 184
person 0.0056 386 162 400 178
person 0.0052 380 164 393 181
person 0.0050 365 169 382 187
person 0.0049 426 166 436 188
person 0.0046 298 132 313 162
person 0.0036 310 131 391 203
person 0.0036 392 156 408 175
person 0.0033 412 142 432 167
person 0.0030 296 141 307 162
person 0.0027 352 158 367 185
person 0.0027 393 149 420 174
person 0.0024 295 155 313 181
person 0.0022 345 163 368 198
person 0.0019 361 175 373 193
person 0.0017 428 175 437 189
person 0.0016 292 137 324 235
person 0.0016 441 174 460 193
person 0.0014 112 162 133 236
person 0.0014 360 172 368 189
person 0.0013 300 125 324 141
person 0.0012 35 141 490 322
person 0.0011 294 153 303 189
bus 0.0010 294 5 428 143
bus 0.0010 29 -14 491 318
boat 0.0030 313 105 413 136
cat 0.0010 343 144 368 201
dog 0.0021 125 123 178 279
dog 0.0011 343 144 368 201
bottle 0.0069 428 175 437 189
bottle 0.0067 426 166 435 188
bottle 0.0055 417 177 426 190
bottle 0.0053 378 195 392 212
bottle 0.0021 425 174 434 197
bottle 0.0020 435 164 446 175
bottle 0.0011 418 185 430 200
bottle 0.0010 341 144 360 168
chair 0.8871 310 201 388 297
chair 0.2384 292 191 321 260
chair 0.1834 293 224 320 261
chair 0.0186 376 241 419 296
chair 0.0177 426 206 451 228
chair 0.0158 361 187 382 200
chair 0.0155 292 191 316 227
chair 0.0119 435 211 463 261
chair 0.0089 435 174 461 192
chair 0.0074 365 169 382 187
chair 0.0074 387 161 402 177
chair 0.0065 385 258 416 290
chair 0.0063 435 164 446 174
chair 0.0059 368 162 388 185
chair 0.0050 405 217 462 301
chair 0.0049 344 156 368 197
chair 0.0042 369 193 385 208
chair 0.0039 360 188 384 209
chair 0.0037 424 199 465 227
chair 0.0033 391 201 427 226
chair 0.0033 424 145 436 171
chair 0.0030 424 145 445 176
chair 0.0030 446 190 460 200
chair 0.0029 454 192 462 201
chair 0.0028 433 164 460 189
chair 0.0028 448 174 461 189
chair 0.0025 404 252 426 293
chair 0.0025 350 201 412 296
chair 0.0024 427 210 448 243
chair 0.0024 430 140 461 176
chair 0.0023 449 177 462 200
chair 0.0022 390 159 406 175
chair 0.0020 361 175 373 193
chair 0.0020 380 164 393 181
chair 0.0018 425 189 460 202
chair 0.0018 433 156 461 178
chair 0.0015 346 146 390 202
chair 0.0015 360 177 389 200
chair 0.0015 342 172 389 217
chair 0.0015 424 171 462 201
chair 0.0014 300 184 441 298
chair 0.0014 379 172 463 300
chair 0.0012 426 198 463 209
chair 0.0010 78 253 104 271
chair 0.0010 360 172 368 189
chair 0.0010 425 186 463 260
sofa 0.0039 292 189 316 227
sofa 0.0017 439 211 463 261
sofa 0.0013 430 173 461 194
pottedplant 0.0012 428 174 461 199
diningtable 0.2313 425 197 463 210
diningtable 0.1657 419 181 463 262
diningtable 0.1124 424 198 463 225
diningtable 0.1075 419 181 462 207
diningtable 0.0941 376 153 464 269
diningtable 0.0322 361 184 382 199
diningtable 0.0152 426 206 451 228
diningtable 0.0125 425 189 460 202
diningtable 0.0108 388 199 427 225
diningtable 0.0073 428 169 463 197
diningtable 0.0058 360 177 389 200
diningtable 0.0035 429 209 463 261
diningtable 0.0018 359 166 386 189
diningtable 0.0017 360 188 384 209
diningtable 0.0017 361 175 373 193
diningtable 0.0017 435 174 461 192
diningtable 0.0014 372 162 388 184
diningtable 0.0013 292 224 320 261
diningtable 0.0012 369 193 385 208
diningtable 0.0012 365 169 382 187
diningtable 0.0011 292 191 324 263
diningtable 0.0010 223 313 428 331
diningtable 0.0010 392 203 413 215
diningtable 0.0010 345 163 368 198
tvmonitor 0.0087 294 5 428 143
