bird 0.0029 349 -11 500 289
bird 0.0010 8 -11 417 360
cat 0.0021 89 270 492 370
dog 0.0540 0 0 109 136
dog 0.0049 -2 -3 166 184
dog 0.0024 8 -11 417 360
dog 0.0012 88 269 490 370
dog 0.0010 314 -2 499 282
horse 0.0119 8 -11 417 360
horse 0.0084 1 0 110 136
horse 0.0017 -1 0 176 198
horse 0.0014 126 -1 401 251
sheep 0.7841 0 0 110 139
sheep 0.4831 312 -1 501 281
sheep 0.3782 131 0 409 264
sheep 0.0363 312 0 394 51
sheep 0.0347 8 -11 417 360
sheep 0.0244 94 295 436 372
sheep 0.0168 16 46 175 197
sheep 0.0150 321 -1 495 66
sheep 0.0066 126 0 494 135
sheep 0.0060 117 -1 228 84
sheep 0.0040 138 -2 464 60
sheep 0.0029 371 -3 499 191
sheep 0.0020 81 202 497 372
sheep 0.0013 126 0 301 63
sheep 0.0012 0 7 180 278
sheep 0.0010 116 1 149 62
cow 0.0219 1 0 112 137
cow 0.0039 -2 -3 166 184
cow 0.0015 316 -6 501 290
diningtable 0.0011 48 -9 415 354
diningtable 0.0010 81 202 497 372
