person 0.7725 1 39 189 367
person 0.7317 125 123 330 366
person 0.4952 267 189 369 319
person 0.2805 3 10 406 369
person 0.1991 126 129 269 265
person 0.0412 283 190 370 260
person 0.0386 105 147 123 174
person 0.0285 284 190 333 251
person 0.0231 192 233 311 372
person 0.0115 239 210 294 254
person 0.0083 136 175 457 365
person 0.0076 312 129 336 177
person 0.0073 0 272 182 370
person 0.0053 105 156 118 173
person 0.0049 25 252 82 300
person 0.0042 98 242 275 372
person 0.0035 189 135 296 259
person 0.0030 58 212 115 310
person 0.0030 219 208 322 321
person 0.0030 137 79 156 99
person 0.0024 233 146 290 254
person 0.0023 12 231 96 300
person 0.0014 267 180 296 211
person 0.0014 297 228 336 263
person 0.0014 273 128 354 244
person 0.0014 259 137 317 177
person 0.0014 252 54 287 77
person 0.0013 104 138 165 177
person 0.0013 323 131 336 174
person 0.0012 265 128 338 188
person 0.0010 250 182 263 202
person 0.0010 1 215 69 294
person 0.0010 0 45 90 357
person 0.0010 247 172 272 227
bicycle 0.0167 102 228 123 252
bicycle 0.0128 0 0 107 51
bicycle 0.0027 84 227 125 275
bicycle 0.0012 77 205 125 260
car 0.0534 3 -10 489 368
car 0.0380 51 181 502 370
car 0.0078 237 209 295 255
car 0.0054 253 228 493 369
car 0.0027 262 136 322 178
car 0.0019 311 130 336 177
car 0.0018 103 137 167 175
car 0.0014 0 0 66 44
car 0.0013 310 268 434 325
car 0.0012 77 205 125 260
car 0.0011 269 207 287 219
motorbike 0.0068 -16 -35 466 394
motorbike 0.0016 0 0 69 47
motorbike 0.0010 1 183 489 369
bus 0.5936 33 -12 502 368
bus 0.0044 129 126 327 365
bus 0.0021 339 -10 497 370
bus 0.0016 51 181 502 370
train 0.0388 15 -17 496 390
train 0.0013 1 183 489 369
boat 0.0314 5 248 501 370
boat 0.0011 2 -6 466 371
boat 0.0010 237 209 295 255
cat 0.0016 252 55 287 78
dog 0.0036 296 227 335 263
dog 0.0011 260 192 337 320
horse 0.0014 -16 -35 466 394
cow 0.0017 237 208 297 255
bottle 0.0038 290 80 307 116
bottle 0.0014 292 227 336 263
chair 0.1437 313 238 434 324
chair 0.0953 255 267 451 371
chair 0.0714 315 275 400 323
chair 0.0642 333 235 399 266
chair 0.0620 254 321 438 372
chair 0.0604 212 193 488 368
chair 0.0551 96 255 222 370
chair 0.0479 327 241 376 264
chair 0.0220 279 202 405 309
chair 0.0132 106 258 215 316
chair 0.0052 235 209 293 255
chair 0.0040 97 222 228 327
chair 0.0034 0 0 70 48
chair 0.0034 26 252 82 301
chair 0.0032 254 269 318 321
chair 0.0031 301 230 380 265
chair 0.0027 0 279 183 371
chair 0.0017 121 229 227 263
chair 0.0017 271 206 337 320
chair 0.0015 292 230 335 307
chair 0.0013 135 315 216 370
chair 0.0011 46 90 503 381
chair 0.0010 90 275 106 308
chair 0.0010 121 247 230 264
sofa 0.0024 243 253 494 369
sofa 0.0024 51 181 502 370
tvmonitor 0.0016 104 136 168 178
tvmonitor 0.0013 103 48 307 131
