person 0.6933 343 157 355 182
person 0.6791 286 169 298 182
person 0.6449 264 166 277 182
person 0.2709 336 155 353 183
person 0.1299 273 173 311 185
person 0.0695 283 131 296 153
person 0.0652 277 135 289 155
person 0.0475 288 135 297 152
person 0.0433 273 115 318 161
person 0.0228 482 136 492 171
person 0.0228 304 138 313 151
person 0.0141 261 130 270 143
person 0.0138 293 130 313 153
person 0.0119 55 137 73 150
person 0.0079 207 133 219 142
person 0.0071 304 126 313 144
person 0.0069 285 122 312 148
person 0.0067 279 136 317 159
person 0.0062 482 138 492 152
person 0.0062 308 149 318 158
person 0.0061 366 126 375 135
person 0.0057 327 128 335 136
person 0.0057 466 138 476 148
person 0.0055 276 121 288 147
person 0.0049 187 128 195 140
person 0.0039 249 169 296 189
person 0.0039 293 151 317 160
person 0.0032 277 120 287 133
person 0.0030 336 128 351 135
person 0.0029 464 134 473 149
person 0.0026 78 129 88 149
person 0.0021 287 119 310 132
person 0.0020 206 174 308 185
person 0.0018 283 119 299 132
person 0.0017 331 169 365 183
person 0.0015 332 127 371 135
person 0.0015 262 125 275 144
person 0.0013 275 150 312 160
person 0.0012 236 131 268 142
person 0.0011 393 140 402 164
person 0.0010 465 131 479 145
bicycle 0.0029 55 137 72 151
car 0.0096 207 133 219 142
car 0.0021 208 134 232 142
car 0.0017 464 134 484 149
car 0.0017 482 137 492 148
motorbike 0.0014 55 137 72 150
aeroplane 0.0134 47 0 65 10
aeroplane 0.0042 208 128 271 142
aeroplane 0.0026 205 100 300 144
aeroplane 0.0015 270 105 318 161
boat 0.5690 195 171 391 192
boat 0.3887 272 114 318 160
boat 0.1344 205 101 326 162
boat 0.0712 207 133 219 142
boat 0.0636 208 132 267 142
boat 0.0579 266 176 393 191
boat 0.0486 199 174 287 188
boat 0.0361 208 134 232 142
boat 0.0295 198 104 380 185
boat 0.0241 207 115 283 143
boat 0.0239 55 133 151 151
boat 0.0231 57 135 89 151
boat 0.0227 273 173 311 185
boat 0.0179 53 83 230 152
boat 0.0134 277 149 318 161
boat 0.0131 55 137 72 151
boat 0.0109 333 127 370 135
boat 0.0103 329 175 388 191
boat 0.0101 303 80 390 182
boat 0.0093 185 176 330 192
boat 0.0085 73 129 88 150
boat 0.0049 293 151 317 160
boat 0.0040 261 172 379 185
boat 0.0039 333 128 356 135
boat 0.0039 324 108 374 137
boat 0.0035 309 65 441 169
boat 0.0032 79 128 88 147
boat 0.0029 326 106 347 137
boat 0.0028 279 136 317 159
boat 0.0025 403 139 490 153
boat 0.0023 198 174 237 188
boat 0.0022 150 83 189 138
boat 0.0022 122 83 187 149
boat 0.0020 187 90 234 136
boat 0.0019 229 128 271 138
boat 0.0018 54 141 117 152
boat 0.0015 464 134 484 149
boat 0.0012 308 151 319 159
boat 0.0012 159 128 198 140
boat 0.0011 198 174 216 187
boat 0.0010 285 169 298 183
boat 0.0010 110 93 296 149
boat 0.0010 253 169 315 187
boat 0.0010 361 126 375 135
bird 0.4615 47 0 65 10
bird 0.0082 0 -1 70 10
bird 0.0069 264 166 277 182
bird 0.0047 304 67 353 79
bird 0.0028 286 169 298 182
bird 0.0024 289 97 313 104
bird 0.0016 187 128 195 140
bird 0.0012 408 105 419 113
bird 0.0012 207 133 219 141
bird 0.0011 285 99 312 114
bird 0.0010 186 89 236 137
bird 0.0010 53 83 230 152
dog 0.0055 264 166 277 182
dog 0.0042 285 169 298 182
dog 0.0020 55 137 72 151
horse 0.0067 481 138 492 149
horse 0.0021 465 137 491 149
cow 0.0032 55 137 72 151
cow 0.0028 482 137 492 148
chair 0.0169 55 137 73 150
chair 0.0047 57 135 89 151
chair 0.0020 207 133 219 141
chair 0.0018 69 129 88 150
chair 0.0012 187 128 195 140
