person 0.0330 487 259 494 269
person 0.0021 432 280 443 288
person 0.0016 78 170 104 194
person 0.0015 93 169 104 180
person 0.0011 0 100 21 111
person 0.0010 139 172 147 179
car 0.8121 57 193 71 202
car 0.0813 432 280 444 288
car 0.0494 139 172 147 179
car 0.0313 457 282 473 293
car 0.0307 80 175 104 193
car 0.0209 434 280 468 293
car 0.0187 332 301 354 315
car 0.0124 433 281 453 291
car 0.0117 141 172 152 178
car 0.0111 286 206 296 216
car 0.0081 487 259 494 269
car 0.0077 8 147 481 375
car 0.0047 147 170 157 177
car 0.0038 404 254 413 263
car 0.0029 151 169 161 176
car 0.0027 93 169 104 180
car 0.0026 132 172 142 179
car 0.0024 162 159 171 167
car 0.0023 110 167 125 174
car 0.0019 455 278 499 297
car 0.0016 434 256 448 264
car 0.0014 107 240 156 263
bus 0.1275 79 174 105 194
bus 0.0079 89 169 104 189
bus 0.0051 93 169 104 180
bus 0.0022 0 93 23 112
bus 0.0020 5 148 490 372
bus 0.0019 162 159 171 167
bus 0.0016 110 166 126 174
bus 0.0013 78 176 93 192
bus 0.0011 57 193 71 202
train 0.2775 182 166 499 364
train 0.0100 79 168 105 193
train 0.0096 10 140 464 372
train 0.0086 286 206 296 216
train 0.0067 211 175 294 219
train 0.0033 192 165 360 269
train 0.0029 89 169 104 189
train 0.0014 0 93 23 112
boat 0.0090 333 301 354 315
boat 0.0031 79 173 104 193
boat 0.0015 144 165 476 367
bird 0.0013 432 280 444 288
sheep 0.0024 332 302 354 315
cow 0.0015 332 302 354 315
