person 0.3743 76 1 375 335
person 0.0765 85 1 375 151
person 0.0528 179 -11 362 501
person 0.0513 -26 -14 387 529
person 0.0065 81 5 141 215
person 0.0025 -3 180 263 495
person 0.0019 326 0 381 130
person 0.0015 0 469 26 499
person 0.0011 369 176 384 372
car 0.0013 -3 -2 380 463
cat 0.0011 3 55 302 496
dog 0.9551 2 54 305 497
dog 0.0013 124 67 297 286
dog 0.0012 121 275 249 488
horse 0.0010 -1 146 312 489
sheep 0.0026 3 55 302 496
cow 0.0045 3 55 302 496
bottle 0.0268 67 28 76 49
bottle 0.0039 73 15 85 38
bottle 0.0037 73 15 91 51
chair 0.0380 85 0 375 221
chair 0.0117 25 -14 357 499
chair 0.0060 0 130 15 191
chair 0.0057 -1 180 173 490
chair 0.0043 188 -6 350 498
sofa 0.0620 1 24 345 498
sofa 0.0169 85 0 375 221
sofa 0.0136 0 181 209 496
sofa 0.0032 0 184 103 495
sofa 0.0013 206 -5 347 498
sofa 0.0011 0 184 113 304
diningtable 0.0010 0 182 128 489
