person 0.9017 117 76 496 353
person 0.8491 333 57 489 184
person 0.8331 115 39 254 195
person 0.0250 112 84 309 244
person 0.0222 195 40 252 98
person 0.0028 340 60 461 127
person 0.0019 341 58 389 84
person 0.0019 341 58 431 105
person 0.0014 456 116 498 151
person 0.0010 334 78 377 126
person 0.0010 204 70 223 82
cat 0.0030 164 205 196 230
cat 0.0027 457 117 499 150
dog 0.0011 457 117 499 143
bottle 0.0014 204 210 218 232
bottle 0.0010 458 118 498 149
bottle 0.0010 348 340 366 359
chair 0.0618 181 82 205 110
chair 0.0323 307 74 344 103
chair 0.0204 248 72 271 86
chair 0.0105 327 63 499 214
chair 0.0069 464 144 499 215
chair 0.0062 199 187 286 226
chair 0.0061 253 72 269 82
chair 0.0049 121 85 301 214
chair 0.0045 390 63 499 145
chair 0.0032 231 70 274 96
chair 0.0030 150 178 260 232
chair 0.0028 177 54 245 113
chair 0.0024 227 70 252 83
chair 0.0022 115 81 356 285
chair 0.0021 193 53 253 92
chair 0.0019 197 205 222 231
chair 0.0018 125 155 295 231
chair 0.0017 229 93 498 345
chair 0.0017 343 59 479 125
chair 0.0016 434 142 471 198
chair 0.0016 98 74 478 229
chair 0.0015 183 82 232 110
chair 0.0015 435 132 499 212
chair 0.0014 236 69 259 82
chair 0.0011 302 74 345 124
chair 0.0010 358 122 488 200
sofa 0.5561 354 63 500 213
sofa 0.0275 220 65 492 314
sofa 0.0218 464 143 499 214
sofa 0.0192 435 132 499 212
sofa 0.0174 385 63 498 148
sofa 0.0083 121 85 301 214
sofa 0.0080 74 69 483 180
sofa 0.0069 52 99 503 360
sofa 0.0060 394 124 493 201
sofa 0.0051 192 182 293 234
sofa 0.0041 115 81 356 285
sofa 0.0027 306 74 346 126
sofa 0.0010 434 139 471 197
diningtable 0.0026 465 126 499 215
