person 0.0026 158 116 173 138
person 0.0013 489 110 499 125
person 0.0010 160 144 200 179
bicycle 0.0042 271 102 302 128
bicycle 0.0025 272 109 286 128
bicycle 0.0010 294 104 328 126
car 0.9341 95 131 383 278
car 0.8584 106 116 151 133
car 0.3288 474 108 498 125
car 0.2937 155 114 174 135
car 0.2532 151 119 162 130
car 0.2202 473 109 485 125
car 0.1562 489 110 499 125
car 0.1008 351 100 458 129
car 0.0901 349 107 375 125
car 0.0847 353 102 399 126
car 0.0781 292 104 326 127
car 0.0765 293 103 372 127
car 0.0675 404 103 459 128
car 0.0612 292 113 316 127
car 0.0475 446 104 486 125
car 0.0459 159 107 222 136
car 0.0457 444 111 458 125
car 0.0452 106 118 133 132
car 0.0329 105 121 119 133
car 0.0303 378 102 395 109
car 0.0283 405 97 424 105
car 0.0230 444 98 457 108
car 0.0212 377 99 418 109
car 0.0182 427 106 457 126
car 0.0171 322 103 368 124
car 0.0157 272 109 314 128
car 0.0137 355 99 395 110
car 0.0117 405 97 457 109
car 0.0107 144 114 159 129
car 0.0104 272 109 286 128
car 0.0095 306 104 352 120
car 0.0060 447 109 480 145
car 0.0057 98 122 113 130
car 0.0056 368 100 423 119
car 0.0056 447 115 457 127
car 0.0050 384 102 496 130
car 0.0047 141 111 158 123
car 0.0040 442 98 490 119
car 0.0039 92 119 111 129
car 0.0038 334 97 364 120
car 0.0028 64 116 96 129
car 0.0028 278 95 467 127
car 0.0026 159 109 193 135
car 0.0023 293 102 306 117
car 0.0020 39 118 52 128
car 0.0014 187 108 218 133
car 0.0014 272 103 294 128
car 0.0014 300 99 325 115
car 0.0011 194 105 234 134
car 0.0010 442 115 457 132
car 0.0010 350 97 375 111
car 0.0010 77 104 115 117
bus 0.0039 351 100 458 129
bus 0.0016 161 107 222 137
bus 0.0015 475 103 498 126
train 0.0108 348 101 471 131
bird 0.0010 125 161 139 172
