person 0.0847 280 246 288 261
person 0.0499 269 246 276 262
person 0.0199 263 247 271 265
person 0.0117 168 231 182 253
person 0.0105 258 248 265 264
person 0.0078 90 254 98 269
person 0.0064 226 256 235 268
person 0.0053 20 238 57 319
person 0.0041 71 140 89 160
person 0.0033 9 165 30 176
person 0.0030 225 253 233 271
person 0.0025 6 166 19 176
person 0.0022 254 245 263 258
person 0.0019 54 261 61 303
person 0.0019 287 250 295 261
person 0.0017 92 251 102 269
person 0.0013 228 254 238 269
person 0.0012 75 260 90 278
person 0.0010 231 256 240 267
bicycle 0.0014 281 247 288 261
aeroplane 0.0033 113 203 242 312
bus 0.0015 0 187 18 330
train 0.9509 115 204 245 312
train 0.0035 -1 145 22 403
train 0.0013 0 182 18 330
boat 0.0010 113 203 242 312
pottedplant 0.0010 259 279 288 314
