person 0.0673 169 149 202 171
person 0.0451 247 163 271 186
person 0.0392 129 140 139 177
person 0.0092 179 148 210 181
person 0.0065 273 166 300 187
person 0.0057 186 152 236 185
person 0.0054 6 139 16 152
person 0.0051 214 157 234 177
person 0.0048 205 156 235 184
person 0.0035 12 140 19 154
person 0.0020 310 82 323 97
person 0.0013 162 151 194 176
person 0.0012 133 161 142 179
person 0.0012 262 106 270 135
person 0.0011 195 150 214 173
person 0.0011 184 150 199 168
person 0.0011 304 84 315 96
bicycle 0.0011 306 82 322 97
car 0.9403 25 133 491 312
car 0.7334 0 137 33 212
car 0.0085 25 153 132 186
car 0.0035 309 83 323 97
car 0.0017 37 0 58 25
car 0.0014 23 126 158 186
motorbike 0.0013 11 133 495 316
motorbike 0.0012 0 136 32 226
bus 0.0024 25 133 498 313
bus 0.0018 16 100 166 184
bus 0.0012 280 0 331 12
chair 0.0024 309 82 323 97
pottedplant 0.0803 208 77 223 92
pottedplant 0.0047 395 82 407 90
pottedplant 0.0042 207 58 225 93
pottedplant 0.0018 96 65 132 103
pottedplant 0.0014 261 95 272 133
pottedplant 0.0013 383 82 393 90
pottedplant 0.0013 206 109 239 134
