person 0.0219 198 41 216 54
person 0.0217 448 39 474 54
person 0.0187 186 40 210 54
person 0.0179 459 38 498 56
person 0.0117 402 74 446 123
person 0.0099 471 16 480 33
person 0.0090 477 39 499 55
person 0.0070 94 44 107 52
person 0.0061 317 64 361 88
person 0.0052 313 62 382 113
person 0.0049 13 16 24 34
person 0.0043 147 44 157 52
person 0.0037 178 42 194 54
person 0.0033 99 42 116 52
person 0.0032 3 17 16 34
person 0.0030 332 64 371 93
person 0.0025 191 40 220 59
person 0.0024 111 41 140 52
person 0.0022 228 41 243 55
person 0.0020 200 46 221 59
person 0.0018 283 84 352 115
person 0.0017 7 0 14 15
person 0.0016 223 40 236 55
person 0.0016 438 35 499 50
person 0.0011 153 37 237 69
person 0.0011 83 43 106 52
person 0.0011 431 30 475 52
person 0.0011 13 3 36 36
person 0.0010 436 41 455 52
person 0.0010 0 22 12 34
bicycle 0.0031 11 22 43 37
bicycle 0.0024 13 16 24 35
bicycle 0.0012 370 32 384 40
bicycle 0.0011 2 23 17 34
car 0.9504 115 45 497 323
car 0.9160 56 38 156 85
car 0.9088 137 32 295 105
car 0.8124 445 34 499 98
car 0.6882 417 29 479 52
car 0.1812 417 33 451 50
car 0.0472 417 35 436 48
car 0.0184 445 34 498 49
car 0.0067 417 39 432 50
car 0.0066 110 40 153 53
car 0.0061 55 41 97 82
car 0.0059 419 32 431 39
car 0.0048 436 41 455 52
car 0.0037 139 44 156 52
car 0.0034 6 24 19 34
car 0.0034 371 32 384 40
car 0.0033 146 44 157 51
car 0.0024 447 39 476 55
car 0.0023 129 42 154 53
car 0.0022 459 38 498 56
car 0.0019 57 43 89 66
car 0.0019 2 19 16 34
car 0.0013 148 43 167 52
car 0.0012 5 17 25 35
car 0.0012 1 25 13 34
car 0.0011 85 12 100 20
motorbike 0.0028 417 29 476 52
motorbike 0.0013 417 33 448 50
motorbike 0.0012 30 197 506 327
diningtable 0.0011 8 235 504 327
