person 0.8805 203 65 352 300
car 0.0751 480 10 499 25
car 0.0416 83 16 108 28
car 0.0341 153 15 177 25
car 0.0328 463 4 485 18
car 0.0315 65 27 90 41
car 0.0270 121 16 146 27
car 0.0215 46 30 73 51
car 0.0101 13 21 42 31
car 0.0071 136 22 160 33
car 0.0055 27 27 76 51
car 0.0050 125 19 162 31
car 0.0049 41 13 109 30
car 0.0048 92 15 148 31
car 0.0045 133 17 175 30
car 0.0041 49 25 90 44
car 0.0035 177 27 196 37
car 0.0033 100 128 402 336
car 0.0029 48 18 73 28
car 0.0022 3 21 24 31
car 0.0021 25 15 83 34
car 0.0018 135 10 177 26
car 0.0011 444 12 469 28
motorbike 0.9311 95 132 392 337
motorbike 0.0045 25 25 89 50
motorbike 0.0023 58 26 91 45
aeroplane 0.0050 33 13 99 31
aeroplane 0.0019 24 18 81 49
aeroplane 0.0012 11 14 77 37
boat 0.1934 12 21 41 31
boat 0.1469 66 26 90 42
boat 0.0885 83 17 108 29
boat 0.0391 33 27 64 48
boat 0.0381 47 30 73 51
boat 0.0312 24 18 81 49
boat 0.0281 30 17 61 41
boat 0.0198 12 16 57 33
boat 0.0158 18 13 85 36
boat 0.0139 41 13 109 30
boat 0.0130 48 17 71 29
boat 0.0107 49 25 90 44
boat 0.0100 462 4 484 18
boat 0.0094 444 10 469 28
boat 0.0038 28 29 54 51
boat 0.0033 11 13 41 30
boat 0.0018 480 5 499 26
boat 0.0016 92 15 148 31
boat 0.0016 32 14 75 29
boat 0.0014 118 16 145 29
boat 0.0014 99 18 131 31
boat 0.0012 0 21 13 29
boat 0.0011 3 21 24 31
boat 0.0011 0 15 16 29
boat 0.0010 153 14 177 25
chair 0.0012 479 13 498 25
pottedplant 0.0127 298 331 389 374
pottedplant 0.0052 66 26 90 43
pottedplant 0.0049 313 343 373 374
pottedplant 0.0012 32 28 54 48
