person 0.8097 315 113 331 155
person 0.0182 9 54 29 67
person 0.0054 80 56 93 68
person 0.0032 0 54 10 70
person 0.0029 32 38 42 45
person 0.0027 316 113 329 135
person 0.0021 164 244 176 258
person 0.0015 14 54 36 68
person 0.0012 281 150 297 166
person 0.0010 0 37 8 47
car 0.5815 124 40 153 49
car 0.0224 107 41 122 47
car 0.0115 137 40 154 48
car 0.0076 34 40 57 47
car 0.0070 2 38 20 46
car 0.0036 98 40 118 48
car 0.0032 109 39 141 47
car 0.0025 88 40 101 47
car 0.0021 61 39 85 47
car 0.0012 96 40 109 47
car 0.0012 154 22 196 37
car 0.0011 203 57 230 74
aeroplane 0.0012 34 39 55 46
bus 0.0122 203 57 231 78
bus 0.0046 124 41 153 49
train 0.0015 203 57 231 78
boat 0.8972 283 31 390 169
boat 0.4606 38 245 444 310
boat 0.2586 281 147 392 168
boat 0.2339 8 48 215 78
boat 0.1721 376 58 500 81
boat 0.0626 0 53 98 74
boat 0.0470 7 53 28 69
boat 0.0469 203 57 231 78
boat 0.0454 257 63 352 80
boat 0.0315 0 54 22 71
boat 0.0313 80 56 93 68
boat 0.0218 0 53 389 82
boat 0.0194 0 54 10 70
boat 0.0183 126 64 204 76
boat 0.0182 311 64 344 80
boat 0.0178 22 57 72 71
boat 0.0158 14 54 36 68
boat 0.0112 38 58 65 68
boat 0.0091 280 150 296 166
boat 0.0090 252 67 322 79
boat 0.0086 183 67 202 77
boat 0.0080 371 30 499 81
boat 0.0075 36 39 55 46
boat 0.0074 396 70 500 82
boat 0.0062 3 38 21 47
boat 0.0060 38 56 96 72
boat 0.0053 202 67 230 78
boat 0.0042 150 58 350 78
boat 0.0040 13 37 51 48
boat 0.0033 327 31 381 156
boat 0.0030 17 24 392 83
boat 0.0028 22 145 471 311
boat 0.0025 124 40 153 49
boat 0.0025 257 47 339 80
boat 0.0023 50 58 66 67
boat 0.0023 3 13 221 76
boat 0.0020 82 257 338 307
boat 0.0020 314 113 332 155
boat 0.0019 402 43 430 51
boat 0.0018 371 40 437 51
boat 0.0017 71 54 109 69
boat 0.0016 263 67 292 76
boat 0.0016 2 53 42 72
boat 0.0014 19 21 45 46
boat 0.0014 24 56 45 67
boat 0.0011 364 -14 499 82
boat 0.0011 106 254 358 286
boat 0.0010 68 57 88 70
bird 0.8725 372 182 406 221
bird 0.1116 253 258 269 268
bird 0.0589 334 258 346 269
bird 0.0300 206 259 216 266
bird 0.0066 288 249 303 261
bird 0.0047 163 244 175 258
bird 0.0041 80 56 93 68
bird 0.0041 205 261 222 271
bird 0.0037 252 258 269 279
bird 0.0033 206 260 218 278
bird 0.0030 106 254 358 286
bird 0.0030 272 152 422 258
bird 0.0020 240 252 312 267
bird 0.0020 280 150 296 166
bird 0.0014 100 245 359 270
chair 0.0022 203 57 230 77
chair 0.0016 2 38 20 46
chair 0.0012 183 67 202 77
chair 0.0011 80 56 93 68
