person 0.3734 306 205 314 232
person 0.2618 315 200 322 232
person 0.2045 324 204 332 229
person 0.1122 312 209 320 232
person 0.0407 248 172 260 184
person 0.0406 203 186 214 208
person 0.0295 280 202 288 233
person 0.0278 298 205 304 222
person 0.0142 252 144 264 162
person 0.0125 226 173 241 183
person 0.0112 230 173 248 183
person 0.0110 83 187 104 219
person 0.0105 221 173 234 182
person 0.0083 214 172 227 183
person 0.0063 201 209 236 248
person 0.0060 179 194 187 206
person 0.0054 238 147 253 161
person 0.0050 216 209 241 238
person 0.0047 180 215 196 227
person 0.0039 480 134 499 160
person 0.0033 96 186 118 212
person 0.0031 248 197 261 213
person 0.0028 343 220 350 241
person 0.0028 143 212 157 233
person 0.0027 170 214 192 226
person 0.0026 250 192 266 212
person 0.0025 274 198 286 236
person 0.0025 203 215 222 255
person 0.0025 267 192 280 237
person 0.0024 247 190 270 233
person 0.0023 5 168 47 227
person 0.0022 185 215 202 228
person 0.0021 199 211 220 238
person 0.0019 32 178 49 227
person 0.0019 279 179 288 225
person 0.0018 232 204 250 214
person 0.0016 482 185 499 204
person 0.0015 230 149 247 160
person 0.0015 304 198 313 206
person 0.0013 298 210 305 236
person 0.0011 280 175 288 194
person 0.0011 212 148 228 161
person 0.0011 217 206 232 215
person 0.0010 281 195 288 217
bicycle 0.0077 315 213 323 232
bicycle 0.0076 312 209 320 232
bicycle 0.0075 273 204 285 239
bicycle 0.0070 280 206 288 233
bicycle 0.0050 298 206 304 223
bicycle 0.0015 306 205 314 232
bicycle 0.0013 269 203 281 239
bicycle 0.0010 428 347 460 373
bicycle 0.0010 325 204 332 229
car 0.9177 166 211 221 266
car 0.9116 138 209 184 282
car 0.7665 203 209 240 250
car 0.6689 153 201 176 211
car 0.3799 480 133 499 189
car 0.1464 169 204 186 211
car 0.0874 219 209 241 243
car 0.0801 477 132 499 230
car 0.0575 143 199 153 208
car 0.0477 18 360 126 374
car 0.0426 233 214 269 239
car 0.0409 203 215 223 252
car 0.0363 280 202 288 233
car 0.0197 274 198 286 236
car 0.0153 177 199 187 210
car 0.0126 482 185 499 204
car 0.0118 480 185 499 224
car 0.0109 196 204 213 212
car 0.0102 204 197 214 209
car 0.0096 1 131 146 344
car 0.0093 480 133 499 159
car 0.0085 304 198 313 206
car 0.0076 448 134 499 193
car 0.0069 192 209 226 232
car 0.0069 144 208 156 217
car 0.0066 204 190 213 204
car 0.0065 199 211 220 238
car 0.0060 166 209 188 220
car 0.0048 479 207 499 230
car 0.0046 144 209 169 234
car 0.0044 298 205 304 222
car 0.0039 283 205 295 228
car 0.0038 301 198 309 208
car 0.0037 184 205 198 212
car 0.0036 150 206 182 224
car 0.0026 236 194 270 238
car 0.0024 143 210 158 234
car 0.0022 192 161 207 206
car 0.0021 481 162 499 206
car 0.0019 267 192 280 237
car 0.0017 281 195 288 217
car 0.0017 250 209 271 235
car 0.0017 325 204 332 230
car 0.0016 188 200 210 211
car 0.0016 475 173 499 285
car 0.0016 169 213 186 225
car 0.0015 305 204 314 231
car 0.0011 197 193 214 209
car 0.0011 481 162 491 182
car 0.0010 179 194 187 206
car 0.0010 173 211 200 226
motorbike 0.0032 298 206 304 223
motorbike 0.0018 140 209 184 280
motorbike 0.0018 280 203 288 229
bus 0.9483 0 132 143 344
bus 0.8929 205 135 285 242
bus 0.0828 191 160 208 207
bus 0.0201 248 188 277 235
bus 0.0173 325 34 499 286
bus 0.0097 265 190 280 234
bus 0.0077 279 196 288 234
bus 0.0072 236 194 270 238
bus 0.0067 481 132 500 222
bus 0.0045 274 194 286 232
bus 0.0043 204 188 214 207
bus 0.0035 304 198 313 206
bus 0.0027 151 199 176 212
bus 0.0023 477 129 500 283
bus 0.0022 253 190 275 220
bus 0.0011 478 175 499 231
train 0.0160 322 16 497 316
train 0.0017 481 132 500 222
chair 0.0024 18 360 126 374
chair 0.0013 428 347 460 373
diningtable 0.0014 18 360 126 374
