person 0.0011 287 305 473 498
car 0.0069 371 309 433 325
car 0.0021 297 321 471 497
bird 0.8849 135 233 252 343
bird 0.0057 26 141 404 499
bird 0.0023 226 320 473 496
bird 0.0015 137 314 146 339
bird 0.0010 364 309 391 323
cat 0.0137 282 322 477 498
dog 0.0747 289 321 475 499
sheep 0.1143 292 321 473 498
cow 0.0014 247 311 472 497
chair 0.0763 21 145 376 495
chair 0.0075 44 149 304 357
chair 0.0033 226 320 473 496
pottedplant 0.1021 238 412 306 498
pottedplant 0.0355 236 323 472 496
pottedplant 0.0295 266 147 408 225
pottedplant 0.0164 0 422 160 498
pottedplant 0.0116 21 145 376 495
pottedplant 0.0036 258 146 445 320
pottedplant 0.0036 326 0 473 116
pottedplant 0.0033 324 1 470 333
pottedplant 0.0018 269 148 325 184
pottedplant 0.0012 38 327 403 495
pottedplant 0.0010 236 402 428 498
diningtable 0.0065 26 141 404 499
diningtable 0.0050 12 323 372 495
diningtable 0.0029 44 149 304 357
