person 0.0103 360 252 379 276
person 0.0070 354 251 398 322
person 0.0015 291 347 314 374
person 0.0012 352 249 388 298
bicycle 0.0055 0 281 58 371
bicycle 0.0021 184 251 315 372
bicycle 0.0012 301 311 322 364
bicycle 0.0011 230 295 318 370
car 0.0012 303 160 349 197
motorbike 0.0014 0 280 74 371
train 0.0194 350 180 498 362
train 0.0014 10 2 469 333
bird 0.0031 182 294 232 337
chair 0.0208 287 302 319 367
chair 0.0179 209 329 296 373
chair 0.0106 243 302 318 373
chair 0.0065 351 251 400 323
chair 0.0060 208 327 248 373
chair 0.0016 289 302 318 323
chair 0.0015 300 307 319 360
chair 0.0015 187 283 308 372
chair 0.0013 148 357 178 374
chair 0.0012 181 292 253 372
chair 0.0010 223 348 275 374
sofa 0.0191 198 294 318 372
sofa 0.0018 92 259 331 373
pottedplant 0.8082 19 255 179 372
pottedplant 0.6229 181 253 318 372
pottedplant 0.2223 263 186 367 304
pottedplant 0.1381 210 139 291 262
pottedplant 0.1289 200 139 304 363
pottedplant 0.0888 0 156 44 268
pottedplant 0.0579 261 162 419 331
pottedplant 0.0527 303 157 354 197
pottedplant 0.0409 53 250 316 373
pottedplant 0.0382 212 140 286 203
pottedplant 0.0359 95 342 152 374
pottedplant 0.0203 0 280 74 371
pottedplant 0.0194 0 154 50 370
pottedplant 0.0134 0 150 126 375
pottedplant 0.0113 313 185 358 215
pottedplant 0.0110 2 154 89 276
pottedplant 0.0086 325 252 400 325
pottedplant 0.0065 375 134 443 207
pottedplant 0.0065 267 180 363 249
pottedplant 0.0064 130 311 183 373
pottedplant 0.0061 232 299 318 372
pottedplant 0.0056 302 158 401 217
pottedplant 0.0055 0 285 38 371
pottedplant 0.0048 18 154 41 196
pottedplant 0.0040 285 302 319 364
pottedplant 0.0035 325 217 386 308
pottedplant 0.0035 127 288 239 372
pottedplant 0.0032 195 253 294 305
pottedplant 0.0032 16 334 153 373
pottedplant 0.0030 384 337 490 373
pottedplant 0.0024 148 357 178 374
pottedplant 0.0018 330 215 367 267
pottedplant 0.0018 148 344 181 375
pottedplant 0.0017 23 0 375 368
pottedplant 0.0016 306 178 404 274
pottedplant 0.0015 303 143 446 226
pottedplant 0.0014 360 252 380 276
pottedplant 0.0014 288 302 318 324
pottedplant 0.0013 328 247 383 296
pottedplant 0.0013 83 255 160 312
pottedplant 0.0012 211 323 297 374
pottedplant 0.0011 87 298 180 373
pottedplant 0.0010 264 203 299 229
pottedplant 0.0010 3 180 34 222
diningtable 0.0198 182 270 319 372
diningtable 0.0012 212 301 316 369
