person 0.0045 367 326 379 339
person 0.0013 365 311 379 340
person 0.0012 0 237 184 370
person 0.0011 0 42 288 367
bicycle 0.0028 367 325 378 339
boat 0.0019 366 326 379 339
boat 0.0015 365 311 378 339
bird 0.0425 366 326 379 339
bird 0.0015 365 311 378 339
cat 0.0018 367 326 379 339
dog 0.0176 367 326 379 339
horse 0.9401 -1 40 302 366
horse 0.0038 367 325 378 339
horse 0.0022 151 56 497 353
horse 0.0021 0 237 184 370
horse 0.0017 144 48 302 341
sheep 0.0027 367 325 378 339
cow 0.0027 367 325 378 339
chair 0.0107 366 326 379 339
pottedplant 0.0020 367 325 378 339
