person 0.0202 35 324 215 494
person 0.0017 27 316 115 482
person 0.0012 0 -2 336 490
person 0.0011 47 378 100 429
person 0.0011 165 330 232 396
car 0.0014 0 11 331 496
bird 0.0293 33 323 207 477
bird 0.0044 45 319 109 383
bird 0.0030 47 378 99 429
bird 0.0014 65 326 211 399
bird 0.0011 32 316 111 460
bird 0.0011 165 330 232 396
cat 0.8758 -1 0 330 482
cat 0.0167 32 323 210 487
cat 0.0073 27 286 329 495
dog 0.7230 0 4 330 499
dog 0.1990 36 324 212 494
dog 0.0184 23 284 328 495
horse 0.0058 36 323 212 495
horse 0.0013 23 284 328 495
horse 0.0011 -1 7 333 493
sheep 0.0164 35 318 203 492
sheep 0.0053 23 284 328 495
sheep 0.0014 11 -15 328 503
cow 0.0529 36 323 212 495
cow 0.0016 23 284 328 495
bottle 0.1951 164 330 231 395
bottle 0.0429 198 338 231 393
bottle 0.0246 165 331 208 377
bottle 0.0099 91 328 171 418
bottle 0.0032 53 319 110 367
bottle 0.0018 76 325 220 386
bottle 0.0015 68 325 228 446
chair 0.0075 0 11 331 496
sofa 0.0107 0 11 331 496
pottedplant 0.0071 0 0 134 101
pottedplant 0.0017 0 1 37 101
