person 0.0025 69 172 78 191
car 0.9234 111 176 156 203
car 0.8218 70 172 113 200
car 0.1748 443 112 488 136
car 0.0763 465 115 488 137
car 0.0149 105 173 132 183
car 0.0123 470 112 493 125
car 0.0096 103 174 118 195
car 0.0060 76 162 92 172
car 0.0059 430 112 493 149
car 0.0046 444 111 488 124
car 0.0045 70 173 87 192
car 0.0041 110 178 129 199
car 0.0035 443 114 468 127
car 0.0032 139 177 155 190
car 0.0027 464 114 498 170
car 0.0027 432 119 451 146
car 0.0022 410 120 433 130
car 0.0022 98 175 114 197
car 0.0021 377 112 490 146
car 0.0020 69 172 78 191
car 0.0018 463 143 477 174
car 0.0017 370 119 434 132
car 0.0016 479 112 496 132
car 0.0016 465 134 487 169
car 0.0013 130 176 154 196
car 0.0012 434 117 453 130
car 0.0011 442 132 481 172
bus 0.0060 373 119 430 137
bus 0.0015 465 113 492 135
train 0.8893 181 115 489 228
train 0.0112 443 112 496 139
train 0.0073 366 118 430 141
train 0.0052 442 111 498 168
train 0.0034 377 112 490 146
