person 0.8724 194 122 236 260
person 0.8393 133 154 202 316
person 0.0333 156 150 202 264
person 0.0103 118 147 169 323
person 0.0052 226 221 260 254
person 0.0039 163 151 200 186
person 0.0019 241 343 255 377
person 0.0013 188 207 231 301
motorbike 0.0014 114 150 257 282
horse 0.9452 49 201 297 437
horse 0.7804 114 149 264 299
horse 0.0526 113 150 173 323
horse 0.0414 112 149 176 235
horse 0.0056 227 221 259 254
horse 0.0054 176 245 301 414
horse 0.0046 47 210 177 431
horse 0.0030 188 220 259 256
horse 0.0012 266 255 300 365
horse 0.0011 163 199 259 263
cow 0.0047 113 151 260 278
cow 0.0014 227 221 259 254
bottle 0.0010 131 211 165 271
