person 0.0135 346 88 363 110
person 0.0128 79 126 96 144
person 0.0067 322 78 359 108
person 0.0027 263 77 312 111
person 0.0022 222 83 248 109
person 0.0014 330 88 360 109
car 0.9418 33 56 475 306
car 0.2250 79 126 96 144
car 0.0170 110 109 146 119
car 0.0132 80 112 151 143
car 0.0044 87 110 147 125
car 0.0028 31 176 418 307
car 0.0017 0 112 8 120
car 0.0013 10 115 52 131
car 0.0012 121 106 142 116
motorbike 0.0370 80 127 97 144
motorbike 0.0029 27 58 455 308
motorbike 0.0024 31 176 418 307
train 0.0012 1 103 55 142
horse 0.0040 79 126 96 144
sheep 0.0025 79 125 97 144
pottedplant 0.0684 79 126 96 144
pottedplant 0.0015 21 97 32 115
pottedplant 0.0011 77 112 148 144
