person 0.0058 264 126 310 171
person 0.0033 236 44 277 182
person 0.0028 345 155 368 190
person 0.0028 126 135 158 187
person 0.0021 348 169 366 190
person 0.0019 100 137 125 188
person 0.0015 290 126 309 154
person 0.0015 0 334 9 373
person 0.0013 67 0 120 23
person 0.0011 60 150 80 183
bicycle 0.0012 103 130 158 188
bicycle 0.0010 263 124 307 174
bird 0.0077 117 321 133 332
bird 0.0067 73 336 91 348
bird 0.0020 98 335 112 343
bird 0.0014 128 152 158 187
dog 0.0013 263 126 312 180
horse 0.0023 263 126 312 180
bottle 0.0030 117 322 132 333
bottle 0.0011 98 335 112 343
chair 0.7685 446 181 499 310
chair 0.0197 458 183 499 258
chair 0.0031 0 334 9 373
chair 0.0024 447 246 499 310
chair 0.0018 352 217 450 371
chair 0.0018 1 331 18 374
chair 0.0013 351 337 443 373
chair 0.0011 349 346 409 369
chair 0.0010 443 306 499 373
sofa 0.4677 448 182 499 306
sofa 0.0087 458 181 499 257
sofa 0.0011 443 305 499 373
pottedplant 0.0113 339 138 368 191
pottedplant 0.0086 236 116 290 187
pottedplant 0.0084 336 74 369 188
pottedplant 0.0076 235 46 279 184
pottedplant 0.0053 263 126 317 187
pottedplant 0.0024 342 131 405 191
pottedplant 0.0016 130 122 210 190
pottedplant 0.0016 348 169 366 190
pottedplant 0.0015 115 132 158 187
diningtable 0.0011 346 342 446 373
tvmonitor 0.0019 265 83 345 181
