person 0.8660 50 44 313 493
person 0.0364 255 174 316 397
person 0.0309 277 188 297 257
person 0.0198 275 207 330 415
person 0.0127 275 183 311 331
person 0.0081 214 128 321 418
person 0.0034 276 186 332 287
person 0.0014 30 378 334 497
person 0.0011 315 428 332 478
aeroplane 0.0011 14 39 319 477
chair 0.2403 -1 325 27 432
chair 0.0359 280 256 331 420
chair 0.0307 26 64 331 495
chair 0.0076 30 378 334 498
chair 0.0057 232 256 331 411
chair 0.0044 294 420 332 460
chair 0.0018 84 226 329 422
chair 0.0014 313 429 332 462
chair 0.0014 0 348 14 428
chair 0.0012 0 329 89 433
chair 0.0012 304 424 331 478
chair 0.0010 0 382 22 429
chair 0.0010 -2 336 50 467
chair 0.0010 318 444 332 478
sofa 0.0070 284 258 332 403
sofa 0.0028 26 64 331 495
sofa 0.0010 31 377 334 496
diningtable 0.0039 274 257 331 423
diningtable 0.0028 30 378 334 498
diningtable 0.0020 0 324 27 441
diningtable 0.0018 31 186 333 496
diningtable 0.0011 0 449 52 498
tvmonitor 0.0010 14 39 319 477
tvmonitor 0.0010 -1 330 25 430
