person 0.0037 15 242 135 371
person 0.0013 6 246 29 368
bicycle 0.0013 458 351 500 373
bird 0.0016 102 104 136 156
cat 0.0028 102 105 136 155
cat 0.0014 368 247 447 294
bottle 0.5038 432 293 443 318
bottle 0.2099 416 286 427 311
bottle 0.0438 486 205 498 239
bottle 0.0386 466 207 477 233
bottle 0.0183 442 301 453 319
bottle 0.0058 428 292 439 316
bottle 0.0046 482 207 495 234
bottle 0.0022 479 210 490 235
bottle 0.0013 413 286 436 314
chair 0.6847 12 243 134 371
chair 0.0200 374 197 452 229
chair 0.0194 366 250 447 293
chair 0.0172 136 243 396 372
chair 0.0168 6 248 29 372
chair 0.0079 122 302 194 373
chair 0.0070 386 316 493 372
chair 0.0062 8 247 21 299
chair 0.0048 9 247 32 300
chair 0.0042 361 210 461 295
chair 0.0022 155 308 393 371
chair 0.0021 124 316 281 372
chair 0.0016 276 325 396 372
chair 0.0015 359 195 455 263
chair 0.0014 326 279 389 329
chair 0.0013 466 354 499 374
chair 0.0012 146 346 281 373
chair 0.0010 462 302 498 373
sofa 0.8942 135 244 398 371
sofa 0.1199 13 242 136 371
sofa 0.0362 357 202 491 284
sofa 0.0069 374 197 452 227
sofa 0.0060 358 196 454 258
sofa 0.0028 368 247 447 294
sofa 0.0012 276 325 396 372
diningtable 0.0339 357 203 499 289
diningtable 0.0108 416 210 482 238
diningtable 0.0090 348 275 492 332
diningtable 0.0046 358 210 458 267
diningtable 0.0026 357 219 502 363
diningtable 0.0019 400 293 478 329
diningtable 0.0014 363 278 449 322
diningtable 0.0013 167 316 398 373
diningtable 0.0011 375 294 499 372
tvmonitor 0.0029 374 196 453 229
tvmonitor 0.0027 367 247 447 291
tvmonitor 0.0025 362 216 454 292
