person 0.0035 32 267 118 352
person 0.0026 20 247 41 267
person 0.0012 161 139 181 167
person 0.0010 327 142 342 174
cat 0.0072 17 173 67 219
cat 0.0038 296 158 328 181
cat 0.0018 32 267 118 352
cat 0.0016 161 139 181 167
dog 0.0064 33 262 147 351
dog 0.0021 161 139 181 167
dog 0.0012 16 172 63 218
bottle 0.0071 325 156 340 177
bottle 0.0053 326 143 342 176
bottle 0.0023 388 175 395 190
bottle 0.0015 345 149 360 166
bottle 0.0011 161 141 176 168
bottle 0.0010 19 215 61 241
chair 0.7854 47 136 115 231
chair 0.2370 13 128 68 220
chair 0.1951 129 145 162 165
chair 0.0732 12 127 44 180
chair 0.0657 16 128 98 269
chair 0.0491 93 228 149 267
chair 0.0436 23 249 173 368
chair 0.0265 97 139 116 166
chair 0.0186 94 165 166 266
chair 0.0185 23 226 97 266
chair 0.0057 161 139 179 167
chair 0.0039 173 305 332 372
chair 0.0035 116 155 153 170
chair 0.0034 173 147 260 212
chair 0.0029 179 181 203 207
chair 0.0024 23 292 51 350
chair 0.0024 154 145 261 251
chair 0.0020 21 247 75 352
chair 0.0019 145 199 189 266
chair 0.0017 49 137 115 186
chair 0.0017 241 189 251 202
chair 0.0016 296 158 328 181
chair 0.0016 18 215 48 240
chair 0.0016 145 178 212 267
chair 0.0010 22 249 76 299
chair 0.0010 103 141 156 174
sofa 0.0862 45 135 115 227
sofa 0.0825 23 249 173 369
sofa 0.0547 13 128 69 222
sofa 0.0083 17 130 99 274
sofa 0.0064 31 225 97 264
sofa 0.0046 19 245 352 374
sofa 0.0035 13 128 44 181
sofa 0.0031 172 304 341 371
sofa 0.0031 128 144 162 166
sofa 0.0030 175 148 258 205
sofa 0.0028 23 249 76 299
sofa 0.0017 97 141 176 233
sofa 0.0010 22 249 79 351
sofa 0.0010 23 249 129 314
sofa 0.0010 136 143 174 174
sofa 0.0010 107 145 170 194
pottedplant 0.0018 296 158 328 181
diningtable 0.0109 173 306 340 369
diningtable 0.0068 93 228 149 266
diningtable 0.0026 229 169 383 287
diningtable 0.0014 153 182 265 267
tvmonitor 0.0565 369 189 417 246
tvmonitor 0.0458 175 148 256 205
tvmonitor 0.0222 179 181 203 207
tvmonitor 0.0111 371 140 464 240
tvmonitor 0.0038 191 105 279 152
tvmonitor 0.0033 261 159 270 178
tvmonitor 0.0029 343 148 372 173
tvmonitor 0.0024 289 142 326 177
tvmonitor 0.0024 241 188 251 202
tvmonitor 0.0021 198 173 241 205
tvmonitor 0.0020 13 127 66 220
tvmonitor 0.0020 296 158 329 181
tvmonitor 0.0016 188 214 276 277
tvmonitor 0.0014 272 81 287 127
tvmonitor 0.0014 328 144 375 176
tvmonitor 0.0014 31 226 96 266
tvmonitor 0.0012 328 143 343 176
