aeroplane 0.0026 97 222 114 233
aeroplane 0.0021 188 37 301 247
boat 0.6748 96 222 114 233
boat 0.6057 431 197 452 234
boat 0.5604 337 192 365 236
boat 0.5551 410 214 428 234
boat 0.3613 249 207 303 241
boat 0.3370 211 37 332 243
boat 0.2755 59 186 90 233
boat 0.1650 0 220 31 232
boat 0.0643 430 217 450 231
boat 0.0549 1 214 30 229
boat 0.0532 430 226 451 235
boat 0.0362 337 226 366 236
boat 0.0236 58 223 90 234
boat 0.0208 248 228 302 241
boat 0.0184 337 230 367 240
boat 0.0180 317 87 366 242
boat 0.0143 234 46 294 250
boat 0.0132 259 83 343 233
boat 0.0116 0 226 31 236
boat 0.0101 36 216 93 234
boat 0.0070 71 196 88 229
boat 0.0062 187 203 198 214
boat 0.0055 192 197 303 241
boat 0.0049 190 185 227 239
boat 0.0043 65 221 114 236
boat 0.0037 186 196 199 214
boat 0.0032 344 191 358 233
boat 0.0029 185 180 202 214
boat 0.0022 191 202 219 239
boat 0.0020 184 42 290 256
boat 0.0016 11 169 89 232
boat 0.0016 42 225 84 235
boat 0.0015 6 20 355 270
boat 0.0015 6 214 27 223
boat 0.0014 343 213 364 233
boat 0.0013 353 223 368 234
boat 0.0012 363 225 410 236
boat 0.0012 365 209 426 236
boat 0.0011 4 205 93 238
boat 0.0010 187 145 280 241
boat 0.0010 40 227 59 235
