person 0.9155 85 75 249 325
person 0.0045 142 254 160 287
person 0.0020 50 122 65 162
person 0.0017 -6 59 373 512
person 0.0015 1 0 149 103
person 0.0012 24 349 364 496
car 0.0034 361 484 374 499
car 0.0018 59 321 378 495
motorbike 0.4940 35 322 378 496
motorbike 0.0029 56 406 358 498
motorbike 0.0019 136 433 317 498
cow 0.0017 59 321 378 495
bottle 0.8737 243 216 287 369
bottle 0.5406 45 186 62 223
bottle 0.1955 58 177 70 222
bottle 0.1147 51 182 66 221
bottle 0.0290 132 136 142 155
bottle 0.0289 143 254 160 286
bottle 0.0232 42 210 52 229
bottle 0.0171 50 122 65 162
bottle 0.0136 0 200 7 227
bottle 0.0092 46 208 57 223
bottle 0.0092 231 441 301 493
bottle 0.0076 42 214 55 236
bottle 0.0072 92 269 125 329
bottle 0.0071 0 200 10 243
bottle 0.0050 86 198 118 223
bottle 0.0042 240 408 345 454
bottle 0.0041 42 224 59 240
bottle 0.0037 43 203 52 223
bottle 0.0029 124 325 217 472
bottle 0.0029 50 198 61 222
bottle 0.0028 293 334 372 416
bottle 0.0026 84 2 148 27
bottle 0.0026 72 213 86 223
bottle 0.0025 241 167 257 189
bottle 0.0025 94 151 103 159
bottle 0.0023 136 120 146 153
bottle 0.0023 46 185 59 209
bottle 0.0023 178 349 287 410
bottle 0.0020 60 192 71 218
bottle 0.0019 1 220 12 242
bottle 0.0018 91 272 108 321
bottle 0.0017 97 323 122 383
bottle 0.0017 32 214 51 234
bottle 0.0017 84 202 96 221
bottle 0.0015 236 219 266 323
bottle 0.0015 18 113 34 162
bottle 0.0015 67 154 74 161
bottle 0.0014 50 210 64 224
bottle 0.0013 133 257 143 273
bottle 0.0013 238 134 251 154
bottle 0.0011 51 143 64 161
bottle 0.0011 235 133 254 174
bottle 0.0011 153 282 162 294
bottle 0.0011 61 187 124 226
bottle 0.0010 136 138 148 156
bottle 0.0010 74 205 91 223
chair 0.0031 28 385 133 497
chair 0.0028 0 251 109 318
pottedplant 0.0095 50 122 65 160
pottedplant 0.0022 1 138 19 165
pottedplant 0.0010 0 325 31 365
pottedplant 0.0010 122 324 155 344
diningtable 0.3567 17 305 380 494
diningtable 0.0465 -1 133 380 488
diningtable 0.0070 -1 285 168 496
diningtable 0.0036 0 369 134 497
diningtable 0.0022 0 335 70 437
tvmonitor 0.0062 41 95 136 162
tvmonitor 0.0056 103 126 139 172
tvmonitor 0.0031 0 0 149 103
tvmonitor 0.0024 1 108 37 165
