person 0.1992 328 62 416 168
person 0.0027 465 169 499 226
person 0.0026 158 118 489 322
person 0.0024 316 62 366 139
person 0.0022 100 0 143 52
person 0.0022 112 22 446 283
person 0.0017 289 161 299 180
person 0.0015 159 38 334 211
person 0.0014 262 40 429 182
person 0.0011 330 59 395 134
car 0.0011 141 23 181 31
bird 0.0111 288 161 299 181
bird 0.0039 328 62 416 168
cat 0.0046 328 62 415 168
dog 0.0419 328 62 422 176
dog 0.0015 466 169 499 227
horse 0.0010 327 62 416 171
bottle 0.2284 339 17 350 49
bottle 0.0538 326 26 339 51
bottle 0.0196 288 161 299 181
bottle 0.0176 349 23 359 47
bottle 0.0110 231 192 260 227
bottle 0.0087 273 198 292 225
bottle 0.0085 167 10 177 27
bottle 0.0082 172 9 181 27
bottle 0.0075 318 81 346 133
bottle 0.0064 274 198 288 215
bottle 0.0058 299 188 318 214
bottle 0.0054 299 183 328 209
bottle 0.0047 178 121 204 150
bottle 0.0043 332 91 351 131
bottle 0.0038 310 178 328 201
bottle 0.0033 239 178 252 205
bottle 0.0032 330 38 342 54
bottle 0.0032 237 158 249 187
bottle 0.0029 298 179 330 240
bottle 0.0025 264 187 286 209
bottle 0.0025 178 122 201 135
bottle 0.0024 224 181 240 203
bottle 0.0024 229 200 250 221
bottle 0.0023 243 197 260 222
bottle 0.0022 326 100 340 132
bottle 0.0021 320 79 335 94
bottle 0.0021 275 187 289 211
bottle 0.0020 232 186 244 206
bottle 0.0020 230 190 243 214
bottle 0.0020 288 202 299 218
bottle 0.0019 210 175 224 201
bottle 0.0019 300 188 312 205
bottle 0.0018 299 202 329 275
bottle 0.0016 338 112 351 132
bottle 0.0015 349 17 377 60
bottle 0.0014 291 184 303 204
bottle 0.0013 179 126 215 156
bottle 0.0013 351 18 370 45
bottle 0.0013 262 185 280 203
bottle 0.0012 306 130 332 154
bottle 0.0012 221 175 258 217
bottle 0.0012 279 171 298 188
bottle 0.0011 223 188 235 204
bottle 0.0010 274 203 300 228
bottle 0.0010 280 160 300 186
chair 0.8028 0 42 63 175
chair 0.5652 287 0 318 47
chair 0.3882 328 61 422 178
chair 0.2075 0 189 52 323
chair 0.0144 340 84 395 142
chair 0.0109 373 88 421 167
chair 0.0087 358 55 458 190
chair 0.0067 237 0 293 53
chair 0.0061 363 84 404 149
chair 0.0055 404 84 441 189
chair 0.0053 99 180 179 214
chair 0.0050 179 121 202 135
chair 0.0045 341 108 376 133
chair 0.0043 325 85 351 132
chair 0.0033 348 117 372 132
chair 0.0023 306 54 326 71
chair 0.0023 465 168 499 225
chair 0.0023 0 288 39 370
chair 0.0022 285 0 295 45
chair 0.0015 34 44 69 167
chair 0.0014 454 171 499 276
chair 0.0014 326 100 340 132
chair 0.0014 114 37 446 222
chair 0.0013 479 167 499 211
chair 0.0012 0 204 21 245
chair 0.0011 325 91 379 133
chair 0.0010 0 111 46 170
chair 0.0010 262 40 429 182
chair 0.0010 451 202 499 313
sofa 0.0010 114 37 446 222
pottedplant 0.2334 159 36 334 211
pottedplant 0.0423 229 194 260 227
pottedplant 0.0171 338 16 350 50
pottedplant 0.0028 349 17 377 60
pottedplant 0.0027 221 175 258 217
pottedplant 0.0022 273 198 292 226
pottedplant 0.0021 132 37 402 271
pottedplant 0.0020 287 56 329 132
pottedplant 0.0013 160 59 229 146
pottedplant 0.0010 350 23 361 47
diningtable 0.8174 9 122 486 369
diningtable 0.2449 0 192 51 321
diningtable 0.0317 0 43 67 171
diningtable 0.0237 343 54 461 191
diningtable 0.0058 146 40 440 164
diningtable 0.0042 301 48 367 69
diningtable 0.0015 214 136 502 358
diningtable 0.0013 0 335 21 370
tvmonitor 0.6311 387 5 444 51
tvmonitor 0.2164 0 0 66 45
tvmonitor 0.0120 0 0 19 44
tvmonitor 0.0104 67 8 106 36
tvmonitor 0.0079 193 0 239 34
tvmonitor 0.0025 61 -1 144 47
tvmonitor 0.0015 101 0 138 53
tvmonitor 0.0012 236 0 292 53
