chair 0.8907 208 276 288 340
chair 0.8758 321 293 394 372
chair 0.8191 218 242 255 272
chair 0.8163 130 267 195 326
chair 0.8112 277 246 318 279
chair 0.8047 17 235 57 299
chair 0.7852 97 222 135 258
chair 0.7428 55 218 81 235
chair 0.7428 151 236 185 264
chair 0.6858 361 253 424 371
chair 0.6441 63 261 112 311
chair 0.6258 360 253 408 288
chair 0.5779 0 321 25 349
chair 0.4389 0 236 23 294
chair 0.3822 0 347 55 373
chair 0.3768 318 201 349 212
chair 0.3083 185 245 223 270
chair 0.2691 253 249 280 275
chair 0.2659 126 222 161 259
chair 0.2612 53 224 96 260
chair 0.1595 397 253 434 342
chair 0.1197 271 243 361 282
chair 0.1125 169 266 217 328
chair 0.0974 100 268 133 314
chair 0.0861 339 251 437 336
chair 0.0835 0 236 17 264
chair 0.0814 47 233 96 301
chair 0.0596 316 249 362 282
chair 0.0457 111 260 225 333
chair 0.0438 79 224 107 257
chair 0.0433 271 297 322 344
chair 0.0367 233 252 436 327
chair 0.0364 348 357 389 373
chair 0.0330 257 210 373 280
chair 0.0281 80 222 102 237
chair 0.0279 67 221 102 252
chair 0.0265 199 239 300 267
chair 0.0247 350 249 438 276
chair 0.0245 0 236 16 247
chair 0.0198 54 349 105 374
chair 0.0197 1 316 47 364
chair 0.0188 124 243 179 262
chair 0.0183 38 229 88 264
chair 0.0183 154 237 222 268
chair 0.0181 208 250 222 270
chair 0.0178 97 256 234 296
chair 0.0174 44 219 91 246
chair 0.0150 127 223 160 236
chair 0.0150 3 314 79 372
chair 0.0129 384 313 414 374
chair 0.0129 264 298 289 340
chair 0.0113 47 240 70 301
chair 0.0110 0 258 10 291
chair 0.0104 301 305 324 345
chair 0.0102 219 318 283 339
chair 0.0085 223 270 384 344
chair 0.0080 216 238 285 258
chair 0.0067 414 263 431 341
chair 0.0059 134 240 154 261
chair 0.0056 16 333 109 374
chair 0.0050 76 256 176 317
chair 0.0050 2 286 115 373
chair 0.0050 81 245 202 264
chair 0.0047 70 345 155 373
chair 0.0047 11 236 30 293
chair 0.0043 193 237 372 269
chair 0.0042 201 270 320 307
chair 0.0042 132 255 222 280
chair 0.0041 72 254 163 278
chair 0.0040 53 352 75 374
chair 0.0036 407 268 421 290
chair 0.0035 271 239 364 259
chair 0.0034 330 333 392 374
chair 0.0032 410 259 434 297
chair 0.0029 23 330 51 348
chair 0.0028 20 305 190 372
chair 0.0027 193 291 210 328
chair 0.0027 198 247 249 269
chair 0.0026 0 232 16 243
chair 0.0025 21 330 71 372
chair 0.0024 369 247 437 266
chair 0.0021 8 223 56 236
chair 0.0021 71 220 96 236
chair 0.0021 407 250 438 317
chair 0.0021 25 273 49 298
chair 0.0019 42 237 66 265
chair 0.0018 17 236 54 268
chair 0.0017 60 241 92 261
chair 0.0017 341 257 361 283
chair 0.0017 16 235 44 254
chair 0.0016 255 203 374 218
chair 0.0016 153 255 291 318
chair 0.0014 40 343 70 374
chair 0.0014 185 244 204 266
chair 0.0013 52 262 66 303
chair 0.0013 148 238 158 262
chair 0.0013 97 222 108 236
chair 0.0012 27 231 93 247
chair 0.0012 142 261 231 290
chair 0.0012 128 268 143 316
sofa 0.0298 1 348 54 374
sofa 0.0013 0 236 22 293
sofa 0.0011 426 261 499 321
diningtable 0.6973 5 296 357 370
diningtable 0.3946 185 270 424 368
diningtable 0.2497 123 236 377 274
diningtable 0.2439 53 257 361 331
diningtable 0.2315 5 229 157 265
diningtable 0.2271 179 264 438 310
diningtable 0.2172 61 250 238 280
diningtable 0.1868 1 234 97 288
diningtable 0.1793 67 255 220 323
diningtable 0.1759 126 222 161 253
diningtable 0.1536 164 331 357 373
diningtable 0.1102 26 306 227 372
diningtable 0.1022 97 256 234 296
diningtable 0.0992 72 254 163 277
diningtable 0.0914 0 348 55 373
diningtable 0.0905 18 231 94 261
diningtable 0.0839 256 201 374 215
diningtable 0.0829 97 221 161 258
diningtable 0.0782 144 235 300 267
diningtable 0.0771 0 236 22 293
diningtable 0.0745 86 244 396 286
diningtable 0.0689 273 242 363 282
diningtable 0.0606 0 287 120 359
diningtable 0.0580 67 255 145 313
diningtable 0.0478 127 222 160 238
diningtable 0.0473 206 270 362 301
diningtable 0.0441 208 269 348 342
diningtable 0.0361 16 221 153 248
diningtable 0.0333 165 233 227 248
diningtable 0.0328 249 202 380 266
diningtable 0.0323 42 215 414 271
diningtable 0.0281 41 229 87 293
diningtable 0.0279 253 195 378 225
diningtable 0.0249 27 231 93 247
diningtable 0.0213 0 236 16 263
diningtable 0.0203 237 245 434 336
diningtable 0.0189 131 198 389 253
diningtable 0.0172 6 234 244 270
diningtable 0.0170 211 241 281 274
diningtable 0.0169 124 243 179 262
diningtable 0.0167 154 237 222 268
diningtable 0.0157 183 242 225 267
diningtable 0.0146 314 201 353 212
diningtable 0.0134 278 276 429 346
diningtable 0.0129 350 251 434 342
diningtable 0.0123 67 221 102 252
diningtable 0.0122 202 255 367 286
diningtable 0.0108 350 249 438 276
diningtable 0.0107 132 255 222 280
diningtable 0.0106 17 235 58 298
diningtable 0.0101 308 249 361 283
diningtable 0.0099 271 239 364 259
diningtable 0.0098 0 320 25 349
diningtable 0.0091 81 245 202 264
diningtable 0.0089 44 219 91 246
diningtable 0.0080 216 238 285 258
diningtable 0.0077 3 226 101 252
diningtable 0.0074 346 356 388 374
diningtable 0.0062 163 262 228 329
diningtable 0.0052 133 227 294 253
diningtable 0.0047 0 236 16 247
diningtable 0.0039 330 333 392 374
diningtable 0.0037 256 337 363 372
diningtable 0.0029 250 274 400 299
diningtable 0.0029 98 268 133 313
diningtable 0.0027 53 224 96 260
diningtable 0.0027 148 261 231 289
diningtable 0.0026 126 220 160 230
diningtable 0.0024 395 251 439 338
diningtable 0.0022 334 272 422 366
diningtable 0.0021 260 293 324 317
diningtable 0.0021 278 202 379 241
diningtable 0.0020 174 272 212 328
diningtable 0.0020 41 346 183 374
diningtable 0.0018 219 318 283 339
diningtable 0.0017 153 255 291 318
diningtable 0.0017 264 296 322 344
diningtable 0.0016 207 270 314 291
diningtable 0.0015 196 193 338 215
diningtable 0.0015 1 286 53 348
diningtable 0.0015 151 236 185 265
diningtable 0.0015 0 221 72 241
diningtable 0.0014 248 245 280 274
diningtable 0.0013 292 277 422 304
diningtable 0.0013 56 220 80 235
diningtable 0.0013 79 226 103 256
diningtable 0.0013 44 238 88 271
diningtable 0.0012 369 247 437 266
diningtable 0.0011 258 204 326 214
diningtable 0.0011 80 222 102 237
tvmonitor 0.9063 145 95 196 138
tvmonitor 0.0476 203 89 225 104
tvmonitor 0.0045 359 92 438 190
