person 0.0086 0 26 476 369
person 0.0027 227 0 415 14
person 0.0015 199 0 344 12
cat 0.7340 130 162 432 368
cat 0.6905 88 60 252 281
cat 0.1029 64 62 426 346
dog 0.0105 134 142 421 351
dog 0.0036 54 46 451 359
bottle 0.0156 87 0 106 62
bottle 0.0024 76 129 96 190
bottle 0.0010 27 144 61 214
chair 0.2158 0 8 487 372
chair 0.0567 438 114 499 369
chair 0.0343 464 144 499 375
chair 0.0215 139 3 471 264
chair 0.0097 138 0 208 72
chair 0.0053 452 115 488 263
chair 0.0047 411 4 498 315
chair 0.0040 107 0 146 99
chair 0.0037 0 162 21 302
chair 0.0036 451 108 497 171
chair 0.0032 244 18 489 372
chair 0.0027 431 13 499 189
chair 0.0023 0 98 59 292
chair 0.0013 462 111 499 240
sofa 0.3837 0 4 491 371
sofa 0.0055 441 119 499 369
sofa 0.0045 141 5 457 220
diningtable 0.0124 4 296 398 370
diningtable 0.0056 0 101 116 268
diningtable 0.0029 0 101 53 281
diningtable 0.0025 0 101 116 153
diningtable 0.0014 1 286 204 370
diningtable 0.0011 -1 4 502 370
