person 0.0029 34 169 47 184
car 0.0324 422 154 432 163
car 0.0171 424 153 447 164
car 0.0021 413 152 423 160
car 0.0016 429 159 448 176
car 0.0014 419 157 432 171
aeroplane 0.0012 475 154 499 174
boat 0.6920 33 162 84 200
boat 0.6646 286 123 306 159
boat 0.5347 474 153 499 174
boat 0.5101 323 154 351 164
boat 0.5067 326 111 349 163
boat 0.4686 74 154 116 170
boat 0.2903 62 90 115 171
boat 0.2707 357 121 370 160
boat 0.2693 444 152 478 176
boat 0.2429 286 150 306 160
boat 0.2153 309 136 321 157
boat 0.1979 360 152 370 160
boat 0.1912 141 129 153 157
boat 0.1880 43 149 118 171
boat 0.1494 308 150 321 158
boat 0.1378 422 153 432 163
boat 0.1357 371 134 381 158
boat 0.1351 430 153 449 163
boat 0.1071 308 144 319 156
boat 0.1055 286 140 302 158
boat 0.0687 53 102 64 138
boat 0.0666 34 100 67 156
boat 0.0574 83 171 109 185
boat 0.0509 155 150 165 158
boat 0.0498 371 147 380 158
boat 0.0491 428 155 449 176
boat 0.0471 36 148 64 161
boat 0.0449 142 145 153 158
boat 0.0372 477 173 499 190
boat 0.0363 365 126 378 157
boat 0.0328 143 149 154 160
boat 0.0314 86 147 107 157
boat 0.0287 455 152 473 163
boat 0.0280 54 101 69 145
boat 0.0273 483 180 498 194
boat 0.0265 413 152 423 160
boat 0.0246 33 181 82 201
boat 0.0245 85 150 115 161
boat 0.0241 176 150 189 158
boat 0.0236 34 162 51 182
boat 0.0236 421 155 432 168
boat 0.0231 59 91 90 151
boat 0.0210 103 153 116 161
boat 0.0185 152 138 165 157
boat 0.0182 51 148 103 162
boat 0.0180 33 147 66 181
boat 0.0177 144 153 154 164
boat 0.0169 34 128 58 155
boat 0.0166 40 162 84 184
boat 0.0164 490 180 499 193
boat 0.0157 287 154 304 162
boat 0.0155 355 123 365 154
boat 0.0141 36 146 56 156
boat 0.0135 429 162 445 176
boat 0.0123 110 151 135 159
boat 0.0113 70 91 100 149
boat 0.0112 164 152 176 161
boat 0.0100 310 121 323 157
boat 0.0097 305 153 318 161
boat 0.0094 155 151 167 162
boat 0.0091 139 151 151 159
boat 0.0090 131 146 145 159
boat 0.0086 133 154 144 165
boat 0.0080 136 130 148 151
boat 0.0071 56 151 69 161
boat 0.0068 82 89 105 156
boat 0.0065 177 145 189 156
boat 0.0062 1 116 56 156
boat 0.0060 87 155 115 167
boat 0.0060 52 150 87 169
boat 0.0060 36 190 78 203
boat 0.0059 152 151 163 162
boat 0.0057 34 169 47 184
boat 0.0057 129 152 144 160
boat 0.0056 45 100 64 146
boat 0.0056 286 124 296 158
boat 0.0056 33 110 118 182
boat 0.0055 113 153 143 168
boat 0.0055 474 152 497 164
boat 0.0048 440 154 459 163
boat 0.0045 51 144 88 156
boat 0.0044 361 154 370 166
boat 0.0042 205 167 212 173
boat 0.0042 302 155 314 164
boat 0.0041 107 148 135 157
boat 0.0039 57 137 84 150
boat 0.0038 320 136 355 164
boat 0.0037 172 143 185 156
boat 0.0037 33 198 85 214
boat 0.0034 374 140 388 156
boat 0.0034 34 159 47 176
boat 0.0033 145 129 159 158
boat 0.0032 191 149 210 156
boat 0.0030 130 134 146 155
boat 0.0030 165 144 178 158
boat 0.0029 379 141 393 152
boat 0.0028 54 151 74 165
boat 0.0028 329 114 341 165
boat 0.0027 194 151 207 158
boat 0.0027 84 137 108 158
bird 0.0096 205 167 212 173
