person 0.9079 147 111 279 268
person 0.8762 453 49 499 152
person 0.7592 154 28 183 86
person 0.6434 231 40 282 77
person 0.5132 181 50 210 85
person 0.4512 102 44 143 84
person 0.2183 416 0 425 13
person 0.1836 40 27 64 59
person 0.1811 0 34 21 76
person 0.1644 104 44 121 65
person 0.1615 273 60 307 79
person 0.1359 211 41 222 66
person 0.1211 104 44 128 76
person 0.1080 46 25 72 72
person 0.0863 54 27 70 63
person 0.0854 92 49 105 63
person 0.0677 193 46 221 83
person 0.0639 438 15 454 64
person 0.0564 86 48 108 91
person 0.0560 232 40 252 58
person 0.0496 74 63 93 89
person 0.0444 268 42 306 79
person 0.0426 484 51 500 143
person 0.0401 209 42 223 84
person 0.0253 190 49 204 66
person 0.0213 231 42 248 66
person 0.0203 485 53 499 87
person 0.0201 78 55 100 88
person 0.0199 475 40 499 89
person 0.0163 0 36 15 59
person 0.0153 199 43 221 70
person 0.0151 231 40 257 76
person 0.0144 252 53 284 77
person 0.0126 238 40 255 53
person 0.0113 47 26 57 39
person 0.0108 210 66 222 82
person 0.0085 267 68 282 77
person 0.0084 0 35 9 53
person 0.0081 82 53 92 63
person 0.0079 175 53 198 85
person 0.0072 181 53 195 71
person 0.0071 0 37 22 116
person 0.0069 58 26 68 42
person 0.0065 94 50 175 88
person 0.0064 287 66 306 78
person 0.0052 260 61 284 77
person 0.0051 39 35 54 60
person 0.0044 163 89 187 137
person 0.0043 159 58 190 85
person 0.0042 79 43 88 62
person 0.0037 167 27 180 45
person 0.0035 83 50 97 63
person 0.0035 134 50 167 82
person 0.0034 123 55 140 68
person 0.0032 97 44 108 55
person 0.0031 170 29 182 57
person 0.0030 186 43 202 62
person 0.0029 151 48 167 75
person 0.0026 66 43 93 77
person 0.0026 437 6 498 65
person 0.0024 28 48 47 73
person 0.0023 41 36 60 67
person 0.0022 56 61 79 82
person 0.0022 271 44 335 76
person 0.0021 268 64 297 78
person 0.0020 440 16 451 28
person 0.0018 129 91 153 111
person 0.0018 62 42 73 60
person 0.0017 68 41 88 63
person 0.0016 267 41 286 60
person 0.0015 451 52 463 64
person 0.0015 103 79 142 90
person 0.0015 188 67 210 85
person 0.0015 172 90 184 109
person 0.0014 0 23 11 36
person 0.0014 244 65 281 77
person 0.0014 64 15 96 63
person 0.0014 124 54 154 71
person 0.0014 40 45 53 63
person 0.0012 448 49 463 70
person 0.0012 86 36 104 57
person 0.0012 211 39 238 67
person 0.0012 85 66 104 91
person 0.0012 172 38 183 63
person 0.0011 192 40 203 58
person 0.0011 454 49 470 64
person 0.0011 266 43 301 64
person 0.0010 450 54 461 75
person 0.0010 12 54 30 75
person 0.0010 72 59 150 93
bicycle 0.9201 103 174 317 304
bicycle 0.3347 0 69 21 117
bicycle 0.0408 56 64 81 90
bicycle 0.0226 2 56 79 92
bicycle 0.0191 63 63 93 90
bicycle 0.0109 0 35 10 53
bicycle 0.0090 0 38 23 98
bicycle 0.0087 77 58 147 91
bicycle 0.0065 39 59 88 89
bicycle 0.0060 0 36 15 59
bicycle 0.0045 0 51 21 76
bicycle 0.0045 70 61 112 91
bicycle 0.0035 99 66 198 89
bicycle 0.0033 51 58 77 76
bicycle 0.0031 104 79 144 89
bicycle 0.0027 0 58 16 89
bicycle 0.0021 120 84 199 113
bicycle 0.0017 101 62 141 85
bicycle 0.0016 0 27 10 47
bicycle 0.0016 0 46 84 110
bicycle 0.0015 6 43 65 79
bicycle 0.0011 155 61 201 85
bicycle 0.0010 70 62 91 80
bicycle 0.0010 0 54 34 89
bicycle 0.0010 43 63 103 98
car 0.0037 473 43 499 86
car 0.0018 188 48 203 64
car 0.0013 0 51 22 76
car 0.0011 226 -1 330 11
car 0.0010 76 59 172 89
motorbike 0.1901 0 56 21 116
motorbike 0.0806 75 56 163 90
motorbike 0.0692 2 56 79 92
motorbike 0.0566 0 35 22 76
motorbike 0.0447 70 61 112 91
motorbike 0.0266 50 62 96 90
motorbike 0.0121 0 46 84 110
motorbike 0.0090 0 54 20 77
motorbike 0.0070 54 62 79 87
motorbike 0.0069 85 65 106 91
motorbike 0.0067 90 62 142 88
motorbike 0.0065 91 69 183 89
motorbike 0.0051 33 63 79 90
motorbike 0.0046 51 58 75 74
motorbike 0.0040 6 43 65 79
motorbike 0.0024 71 63 94 89
motorbike 0.0021 50 32 73 73
motorbike 0.0020 3 52 30 75
motorbike 0.0018 0 58 16 89
motorbike 0.0016 0 35 13 63
motorbike 0.0011 0 54 34 89
motorbike 0.0011 31 49 55 74
motorbike 0.0010 40 37 69 73
aeroplane 0.0014 219 0 331 12
bus 0.0021 223 0 330 12
boat 0.0021 229 0 329 11
bird 0.0124 467 183 499 191
bird 0.0038 384 181 399 190
bird 0.0023 416 0 425 13
bird 0.0017 357 58 380 66
dog 0.0024 430 89 456 110
dog 0.0017 76 63 103 90
dog 0.0012 375 85 404 99
dog 0.0011 63 63 93 90
dog 0.0011 372 85 407 130
dog 0.0010 416 0 425 13
dog 0.0010 464 144 499 165
horse 0.0011 75 56 163 90
bottle 0.0154 318 69 353 79
bottle 0.0033 217 214 244 250
bottle 0.0029 193 226 232 263
bottle 0.0026 331 69 356 77
bottle 0.0024 209 68 221 83
bottle 0.0024 195 243 227 262
bottle 0.0018 289 66 306 78
bottle 0.0016 308 57 330 66
bottle 0.0015 275 179 288 194
chair 0.5581 372 85 407 134
chair 0.0974 431 63 455 82
chair 0.0416 422 65 454 88
chair 0.0262 90 62 142 88
chair 0.0205 430 62 458 96
chair 0.0155 367 84 429 160
chair 0.0140 209 69 221 81
chair 0.0134 28 47 50 74
chair 0.0128 103 53 142 83
chair 0.0122 403 90 440 116
chair 0.0121 267 41 286 60
chair 0.0114 374 85 404 101
chair 0.0102 411 95 436 110
chair 0.0099 417 87 458 109
chair 0.0099 421 78 451 88
chair 0.0092 376 92 410 117
chair 0.0087 412 90 441 102
chair 0.0078 63 63 93 90
chair 0.0073 203 67 221 83
chair 0.0072 185 63 210 84
chair 0.0063 398 95 470 164
chair 0.0062 86 65 108 91
chair 0.0060 369 84 468 141
chair 0.0055 407 87 438 96
chair 0.0052 415 80 450 91
chair 0.0050 3 51 29 75
chair 0.0047 237 63 261 76
chair 0.0044 47 29 73 74
chair 0.0043 230 49 255 76
chair 0.0036 454 92 497 152
chair 0.0035 137 67 165 82
chair 0.0034 151 48 167 75
chair 0.0033 76 63 103 90
chair 0.0033 31 47 47 66
chair 0.0033 103 79 142 90
chair 0.0031 410 70 453 94
chair 0.0031 56 63 82 90
chair 0.0030 244 65 281 77
chair 0.0029 434 73 476 155
chair 0.0028 7 65 76 90
chair 0.0028 39 35 54 60
chair 0.0027 406 63 497 134
chair 0.0026 399 95 416 105
chair 0.0025 163 58 186 84
chair 0.0025 422 86 473 116
chair 0.0024 40 45 53 63
chair 0.0023 42 55 73 75
chair 0.0022 375 88 430 114
chair 0.0022 268 42 306 79
chair 0.0020 398 96 419 113
chair 0.0020 230 40 285 77
chair 0.0020 230 54 246 73
chair 0.0018 0 40 21 76
chair 0.0018 254 50 285 76
chair 0.0017 79 61 246 87
chair 0.0016 191 60 301 82
chair 0.0016 244 63 294 80
chair 0.0016 131 55 166 81
chair 0.0015 360 121 406 141
chair 0.0014 446 106 475 155
chair 0.0014 405 81 442 95
chair 0.0014 0 84 22 115
chair 0.0013 153 48 164 65
chair 0.0013 122 94 301 181
chair 0.0013 375 100 405 127
chair 0.0012 217 102 304 186
chair 0.0012 95 43 106 62
chair 0.0011 407 118 451 163
chair 0.0011 309 56 329 67
chair 0.0011 99 66 198 89
chair 0.0011 103 174 317 305
chair 0.0010 266 43 301 64
chair 0.0010 276 59 306 78
chair 0.0010 156 121 291 261
chair 0.0010 32 58 65 75
chair 0.0010 430 122 449 157
chair 0.0010 215 52 254 80
chair 0.0010 91 51 104 62
sofa 0.0014 430 63 456 86
pottedplant 0.0015 40 26 68 67
pottedplant 0.0010 416 0 425 13
diningtable 0.4219 397 94 471 166
diningtable 0.0516 399 107 470 121
diningtable 0.0248 408 90 457 111
diningtable 0.0087 389 108 475 132
diningtable 0.0037 420 80 450 88
diningtable 0.0026 411 95 436 110
diningtable 0.0026 422 86 473 116
diningtable 0.0019 75 56 163 90
diningtable 0.0017 421 69 452 89
diningtable 0.0013 405 72 493 146
diningtable 0.0012 79 61 246 87
diningtable 0.0010 46 -1 472 76
diningtable 0.0010 3 52 30 75
tvmonitor 0.0028 431 63 454 82
tvmonitor 0.0023 414 90 442 107
tvmonitor 0.0014 423 89 456 109
