person 0.9142 406 140 498 363
person 0.9112 325 133 420 372
person 0.8719 241 295 297 374
person 0.8574 152 185 225 374
person 0.8089 206 167 298 368
person 0.0150 250 173 298 346
person 0.0148 203 186 244 366
person 0.0070 323 219 377 347
person 0.0028 409 251 498 365
person 0.0022 248 165 291 272
person 0.0019 237 225 265 254
person 0.0014 471 259 499 302
person 0.0012 0 184 13 230
bottle 0.0039 363 260 381 276
chair 0.0682 0 211 13 230
chair 0.0379 409 262 426 294
chair 0.0144 0 211 13 250
chair 0.0114 407 263 498 312
chair 0.0098 284 255 299 275
chair 0.0063 289 256 335 323
chair 0.0027 321 256 333 284
chair 0.0026 0 191 12 230
chair 0.0021 281 254 300 320
chair 0.0013 286 254 298 268
