person 0.0306 107 159 125 169
person 0.0144 87 159 98 169
person 0.0123 403 190 418 206
person 0.0081 79 159 96 168
person 0.0025 99 156 111 168
person 0.0016 86 163 97 174
car 0.0220 30 198 44 211
car 0.0177 419 195 438 206
car 0.0114 449 180 472 202
car 0.0109 481 177 499 203
car 0.0092 399 188 418 205
car 0.0079 370 194 386 206
car 0.0035 0 202 11 212
car 0.0028 46 208 64 218
car 0.0023 469 190 483 201
car 0.0017 452 190 477 202
car 0.0010 1 189 19 210
motorbike 0.0026 399 188 418 205
aeroplane 0.9068 28 74 498 240
aeroplane 0.6685 0 187 20 212
aeroplane 0.0507 30 195 46 212
aeroplane 0.0497 450 128 499 172
aeroplane 0.0347 11 186 36 211
aeroplane 0.0222 0 202 13 213
aeroplane 0.0188 -1 179 45 211
aeroplane 0.0108 1 170 13 189
aeroplane 0.0102 478 128 499 139
aeroplane 0.0085 22 181 47 212
aeroplane 0.0072 22 197 42 212
aeroplane 0.0065 454 140 487 168
aeroplane 0.0061 36 163 87 183
aeroplane 0.0055 471 155 499 172
aeroplane 0.0054 475 140 500 160
aeroplane 0.0028 36 171 65 185
aeroplane 0.0026 399 189 418 205
aeroplane 0.0026 396 129 504 172
aeroplane 0.0024 449 158 500 175
aeroplane 0.0023 429 184 451 196
aeroplane 0.0021 36 151 106 183
aeroplane 0.0021 17 198 31 212
aeroplane 0.0020 383 167 466 202
aeroplane 0.0018 400 135 485 162
aeroplane 0.0018 1 171 22 193
aeroplane 0.0015 480 176 499 203
aeroplane 0.0012 426 185 441 196
aeroplane 0.0012 35 178 47 192
aeroplane 0.0010 449 181 471 202
aeroplane 0.0010 402 165 449 185
aeroplane 0.0010 420 197 442 207
aeroplane 0.0010 476 161 499 172
bus 0.0209 481 177 499 203
bus 0.0048 30 197 46 212
bus 0.0013 449 182 471 201
bus 0.0010 420 197 442 207
boat 0.0015 30 198 44 211
boat 0.0015 480 176 499 203
boat 0.0011 1 189 19 210
