person 0.8984 76 8 173 321
person 0.8820 208 140 388 337
person 0.8646 29 104 138 346
person 0.4062 0 234 106 371
person 0.3162 0 237 37 371
person 0.3025 142 41 174 113
person 0.0424 254 28 264 46
person 0.0367 142 44 176 184
person 0.0227 463 39 497 171
person 0.0162 218 87 234 111
person 0.0158 346 16 399 134
person 0.0080 147 41 172 84
person 0.0057 478 54 498 169
person 0.0043 476 40 494 116
person 0.0040 0 235 19 294
person 0.0036 79 9 158 169
person 0.0034 2 246 24 313
person 0.0031 151 101 176 210
person 0.0031 131 45 149 105
person 0.0026 380 0 437 111
person 0.0020 279 9 295 33
person 0.0019 481 99 496 170
person 0.0019 7 277 45 365
person 0.0016 344 71 359 139
person 0.0015 350 45 392 169
person 0.0014 289 322 491 373
person 0.0013 349 2 422 272
person 0.0011 356 88 377 163
person 0.0011 125 132 177 189
person 0.0010 140 50 159 92
car 0.0014 283 324 493 373
car 0.0011 246 14 273 31
bottle 0.4925 10 103 23 140
bottle 0.0725 22 105 31 126
bottle 0.0084 23 104 30 117
bottle 0.0082 0 124 15 139
bottle 0.0078 60 87 70 108
bottle 0.0077 119 343 134 367
bottle 0.0056 20 104 32 156
bottle 0.0044 348 87 360 147
bottle 0.0043 72 109 82 129
bottle 0.0038 353 134 363 150
bottle 0.0037 351 129 360 147
bottle 0.0035 63 95 78 119
bottle 0.0028 65 93 74 107
bottle 0.0026 471 37 494 119
bottle 0.0023 358 103 374 161
bottle 0.0022 464 35 486 121
bottle 0.0021 63 105 84 128
bottle 0.0021 351 114 361 146
bottle 0.0020 32 103 40 115
bottle 0.0013 0 109 9 138
bottle 0.0012 62 86 76 106
bottle 0.0012 152 146 168 163
bottle 0.0012 353 97 368 154
bottle 0.0011 156 112 172 161
bottle 0.0011 19 105 35 133
bottle 0.0010 34 103 42 112
bottle 0.0010 357 120 370 155
chair 0.8296 367 224 404 336
chair 0.3416 13 270 105 373
chair 0.1780 0 152 44 275
chair 0.0730 19 289 44 372
chair 0.0570 376 221 402 283
chair 0.0266 0 238 37 373
chair 0.0215 34 242 47 276
chair 0.0151 283 324 493 373
chair 0.0128 231 228 399 332
chair 0.0111 207 243 292 313
chair 0.0058 208 141 389 337
chair 0.0041 20 291 44 333
chair 0.0029 377 249 497 367
chair 0.0026 93 167 125 190
chair 0.0026 26 311 43 373
chair 0.0023 3 252 23 306
chair 0.0020 0 204 107 367
chair 0.0019 284 229 445 368
chair 0.0017 384 243 403 283
chair 0.0013 358 104 376 164
chair 0.0013 10 271 24 304
chair 0.0011 462 39 496 172
chair 0.0010 72 76 89 101
chair 0.0010 1 228 40 273
chair 0.0010 17 288 43 313
sofa 0.0080 6 259 105 373
sofa 0.0060 289 322 491 373
sofa 0.0051 207 244 291 312
sofa 0.0010 0 153 45 275
diningtable 0.5347 70 301 471 372
diningtable 0.1894 75 305 210 373
diningtable 0.1048 286 323 491 371
diningtable 0.0172 71 340 134 372
diningtable 0.0108 49 213 427 372
diningtable 0.0022 21 367 495 433
diningtable 0.0017 66 329 495 385
diningtable 0.0011 176 343 370 374
diningtable 0.0010 17 275 105 373
tvmonitor 0.0176 285 324 494 373
tvmonitor 0.0014 0 154 42 272
