person 0.8320 107 75 327 423
person 0.5829 306 235 374 492
person 0.3156 25 239 184 407
person 0.1004 23 241 109 397
person 0.0883 19 189 371 455
person 0.0390 351 232 374 339
person 0.0286 359 269 374 337
person 0.0217 27 148 250 416
person 0.0061 133 206 165 241
person 0.0034 161 171 169 193
person 0.0024 171 173 180 195
person 0.0022 335 235 374 362
person 0.0017 210 226 378 495
person 0.0016 59 322 108 406
person 0.0015 178 172 187 195
car 0.0019 35 408 94 431
car 0.0013 55 385 115 411
cat 0.0027 56 385 115 411
dog 0.0045 27 236 200 409
dog 0.0010 53 385 115 411
bottle 0.0222 174 456 316 498
bottle 0.0030 52 385 115 411
bottle 0.0014 198 460 277 498
bottle 0.0013 161 129 171 150
bottle 0.0010 321 220 330 237
chair 0.0270 0 318 27 354
chair 0.0124 0 248 44 319
chair 0.0086 22 120 345 425
chair 0.0043 306 289 375 496
chair 0.0040 0 351 38 390
chair 0.0030 133 196 190 244
chair 0.0028 55 338 112 410
chair 0.0016 60 342 79 398
chair 0.0016 4 248 43 283
chair 0.0016 316 221 328 238
chair 0.0012 0 246 90 320
chair 0.0010 82 184 132 248
sofa 0.6205 0 171 385 489
sofa 0.1042 304 230 376 496
sofa 0.0695 209 234 374 493
sofa 0.0175 14 229 208 401
sofa 0.0101 316 236 373 336
sofa 0.0090 2 180 152 337
sofa 0.0071 0 248 44 319
sofa 0.0062 -8 393 328 496
sofa 0.0060 82 183 132 247
sofa 0.0055 205 347 316 451
sofa 0.0019 1 224 114 327
sofa 0.0013 74 157 214 263
sofa 0.0010 351 232 374 337
sofa 0.0010 90 207 375 422
pottedplant 0.0050 0 248 44 318
pottedplant 0.0014 0 254 32 358
pottedplant 0.0013 83 185 133 246
pottedplant 0.0011 0 263 24 318
diningtable 0.0028 -5 393 343 496
tvmonitor 0.0045 129 196 190 244
tvmonitor 0.0018 130 147 201 246
