person 0.9241 49 74 267 318
person 0.0150 0 206 21 249
person 0.0051 161 76 258 232
person 0.0023 399 63 445 131
person 0.0020 51 285 96 331
person 0.0016 303 12 430 89
person 0.0016 197 170 268 231
person 0.0011 420 65 445 101
bicycle 0.0010 222 29 452 217
boat 0.0096 228 28 448 214
boat 0.0018 222 126 452 220
boat 0.0015 36 10 480 247
bird 0.0022 350 18 369 36
chair 0.0192 54 223 186 327
chair 0.0044 50 164 221 323
chair 0.0039 0 204 88 331
chair 0.0026 221 133 338 220
chair 0.0012 64 282 185 330
pottedplant 0.0076 331 208 437 301
pottedplant 0.0022 437 17 496 189
pottedplant 0.0017 58 225 274 329
pottedplant 0.0016 374 236 431 303
pottedplant 0.0012 357 210 415 247
pottedplant 0.0011 75 307 229 331
