person 0.8800 413 183 499 323
person 0.8441 35 68 290 326
person 0.8282 380 215 437 326
person 0.3527 272 131 324 326
person 0.0256 201 129 322 326
person 0.0107 367 115 391 153
person 0.0071 383 255 421 328
person 0.0054 491 254 499 315
person 0.0052 443 185 499 251
person 0.0024 396 117 417 154
person 0.0020 352 115 369 153
person 0.0017 487 249 500 326
person 0.0016 389 115 411 153
person 0.0016 389 259 421 301
person 0.0016 435 240 447 256
person 0.0015 242 189 288 314
person 0.0015 485 184 499 249
person 0.0015 334 115 356 153
person 0.0015 442 217 452 245
person 0.0015 429 250 499 328
person 0.0015 392 215 437 270
person 0.0012 71 52 262 140
person 0.0011 271 161 288 246
person 0.0010 377 222 398 269
car 0.0401 -7 27 496 323
car 0.0118 0 84 53 223
car 0.0046 3 -4 503 167
bus 0.0041 -4 22 507 309
bus 0.0014 236 66 496 319
train 0.0103 -7 14 500 313
boat 0.0024 -7 27 496 323
bird 0.0266 65 52 250 138
cat 0.0222 65 52 246 142
cat 0.0012 65 61 257 209
dog 0.0841 64 53 250 138
dog 0.0059 70 50 286 199
bottle 0.0124 241 188 289 315
bottle 0.0024 435 240 447 256
bottle 0.0021 4 308 22 325
bottle 0.0011 2 309 41 329
chair 0.0318 314 217 382 326
chair 0.0154 0 84 56 180
chair 0.0102 306 299 325 329
chair 0.0051 315 288 378 329
chair 0.0036 24 104 327 326
chair 0.0031 380 272 421 327
chair 0.0027 420 256 499 329
chair 0.0017 491 252 499 308
chair 0.0015 487 166 499 204
chair 0.0012 58 53 280 148
chair 0.0012 274 141 324 327
chair 0.0011 275 297 326 329
chair 0.0011 378 276 395 328
sofa 0.0021 17 36 454 327
diningtable 0.0043 47 54 291 149
diningtable 0.0010 313 284 379 328
tvmonitor 0.0322 319 221 374 288
tvmonitor 0.0241 49 57 295 148
tvmonitor 0.0051 369 168 414 207
tvmonitor 0.0038 -7 14 500 313
tvmonitor 0.0020 487 166 499 204
tvmonitor 0.0014 3 -7 498 149
tvmonitor 0.0013 2 59 147 148
tvmonitor 0.0013 54 70 118 145
