person 0.5389 118 140 198 210
person 0.2289 352 39 375 87
person 0.2066 119 146 163 209
person 0.0113 398 177 411 196
person 0.0067 163 139 199 214
person 0.0061 135 173 158 207
person 0.0053 272 189 287 205
person 0.0040 365 19 385 69
person 0.0036 115 162 142 207
person 0.0033 165 173 198 211
person 0.0027 104 129 214 238
person 0.0019 346 18 363 55
person 0.0017 376 175 390 197
person 0.0016 156 173 184 209
person 0.0016 433 84 453 123
person 0.0016 433 106 445 122
person 0.0013 271 163 288 178
person 0.0012 149 146 189 210
person 0.0011 434 24 446 53
person 0.0011 442 91 453 122
person 0.0011 173 184 188 211
person 0.0010 409 236 434 281
person 0.0010 328 19 361 93
person 0.0010 467 121 489 185
car 0.0144 94 241 119 257
bird 0.0043 352 39 375 86
cat 0.0017 119 142 200 209
bottle 0.8144 448 196 472 273
bottle 0.2220 410 236 434 281
bottle 0.1369 435 209 449 257
bottle 0.0237 431 207 444 249
bottle 0.0123 435 29 443 52
bottle 0.0106 468 121 482 179
bottle 0.0099 33 224 56 261
bottle 0.0095 476 163 484 187
bottle 0.0090 471 160 483 188
bottle 0.0072 453 198 470 225
bottle 0.0064 482 161 498 191
bottle 0.0051 427 207 439 247
bottle 0.0037 332 210 358 255
bottle 0.0025 443 37 451 52
bottle 0.0020 436 23 451 53
bottle 0.0019 433 106 445 123
bottle 0.0018 439 208 447 236
bottle 0.0015 398 249 411 270
bottle 0.0014 432 208 441 231
bottle 0.0014 478 124 499 192
bottle 0.0010 471 235 499 276
bottle 0.0010 437 206 446 222
chair 0.0053 417 328 498 374
chair 0.0024 470 236 499 277
chair 0.0022 322 304 470 373
chair 0.0010 466 331 499 372
pottedplant 0.2208 473 127 499 187
pottedplant 0.0370 467 121 489 185
pottedplant 0.0018 443 121 492 188
pottedplant 0.0017 474 161 485 186
pottedplant 0.0011 482 161 499 191
pottedplant 0.0010 480 128 499 153
diningtable 0.0109 326 263 499 347
diningtable 0.0057 -3 223 473 368
diningtable 0.0030 -17 169 500 311
tvmonitor 0.9289 95 124 223 238
tvmonitor 0.8901 222 121 348 239
tvmonitor 0.0389 363 201 425 254
tvmonitor 0.0334 430 158 463 189
tvmonitor 0.0297 120 144 199 210
tvmonitor 0.0163 7 98 132 198
tvmonitor 0.0121 5 95 269 208
tvmonitor 0.0103 0 0 30 96
tvmonitor 0.0032 3 106 71 199
tvmonitor 0.0019 470 234 499 277
