person 0.9261 53 95 259 301
person 0.8098 301 198 428 348
person 0.0023 255 90 265 102
car 0.0016 354 178 403 187
car 0.0010 145 306 176 330
aeroplane 0.0061 146 306 176 330
bus 0.0018 146 307 175 329
train 0.0010 273 96 308 189
bottle 0.1099 444 152 453 179
bottle 0.1081 346 142 357 182
bottle 0.0997 335 150 346 185
bottle 0.0452 310 146 318 175
bottle 0.0174 399 160 411 179
bottle 0.0169 335 142 344 162
bottle 0.0159 346 142 356 162
bottle 0.0140 420 143 432 183
bottle 0.0090 432 158 444 181
bottle 0.0066 309 142 318 160
bottle 0.0066 328 142 341 174
bottle 0.0061 345 141 354 153
bottle 0.0061 185 299 211 327
bottle 0.0048 223 150 262 215
bottle 0.0042 41 242 82 306
bottle 0.0038 354 143 367 176
bottle 0.0029 324 146 332 175
bottle 0.0021 439 155 453 203
bottle 0.0013 446 175 461 211
bottle 0.0011 366 151 375 167
bottle 0.0011 318 149 326 175
bottle 0.0010 367 148 391 170
chair 0.7299 275 205 435 370
chair 0.3582 299 222 338 314
chair 0.2826 28 178 81 231
chair 0.2303 414 175 459 367
chair 0.1151 394 216 432 341
chair 0.0625 430 175 460 283
chair 0.0338 274 311 428 372
chair 0.0111 300 195 412 319
chair 0.0064 293 179 325 306
chair 0.0064 431 201 451 293
chair 0.0059 248 204 282 302
chair 0.0057 302 178 339 293
chair 0.0038 307 179 340 241
chair 0.0028 306 182 321 245
chair 0.0026 447 176 461 215
chair 0.0021 83 245 112 279
chair 0.0020 46 155 265 295
chair 0.0019 219 183 259 300
chair 0.0019 420 139 462 264
chair 0.0017 405 206 439 230
chair 0.0016 404 195 451 299
chair 0.0015 33 220 470 373
chair 0.0013 286 178 315 288
chair 0.0010 400 262 415 323
chair 0.0010 364 173 458 369
sofa 0.8453 27 177 80 232
sofa 0.0010 271 310 430 371
pottedplant 0.0424 222 156 260 211
pottedplant 0.0028 366 147 391 170
pottedplant 0.0018 348 144 391 176
pottedplant 0.0013 219 130 266 297
diningtable 0.8042 -1 275 294 370
diningtable 0.0417 271 310 430 371
diningtable 0.0259 -2 234 484 373
diningtable 0.0086 301 169 444 232
diningtable 0.0071 300 173 455 371
diningtable 0.0034 414 179 461 368
diningtable 0.0027 91 282 239 312
diningtable 0.0012 311 171 436 205
tvmonitor 0.0038 275 96 308 164
