person 0.6382 470 193 492 217
person 0.6189 476 122 489 138
person 0.5704 0 228 13 301
person 0.5165 0 206 13 238
person 0.3449 2 204 30 283
person 0.1851 365 137 377 153
person 0.1620 14 202 25 233
person 0.1504 438 132 451 145
person 0.1154 438 194 456 215
person 0.0772 448 195 458 215
person 0.0669 490 196 499 212
person 0.0447 283 189 296 205
person 0.0387 98 158 106 167
person 0.0357 246 214 256 225
person 0.0356 14 205 30 246
person 0.0257 74 146 83 157
person 0.0244 450 196 463 218
person 0.0240 335 147 345 158
person 0.0227 343 208 355 218
person 0.0194 466 126 475 140
person 0.0181 388 133 399 149
person 0.0164 279 150 290 166
person 0.0155 466 197 480 213
person 0.0152 332 145 349 160
person 0.0149 330 147 338 159
person 0.0143 490 123 499 136
person 0.0133 387 138 395 148
person 0.0133 91 160 100 167
person 0.0131 323 148 333 160
person 0.0130 73 147 84 164
person 0.0129 301 207 322 219
person 0.0123 65 191 75 202
person 0.0117 19 209 32 263
person 0.0111 25 241 41 279
person 0.0105 93 159 103 167
person 0.0103 317 149 328 160
person 0.0095 379 195 387 208
person 0.0084 312 205 328 217
person 0.0081 288 206 305 219
person 0.0081 267 151 278 168
person 0.0080 465 189 498 265
person 0.0073 457 197 471 217
person 0.0073 353 141 362 155
person 0.0072 251 215 261 225
person 0.0069 30 215 39 239
person 0.0064 349 144 358 156
person 0.0063 318 205 331 214
person 0.0058 293 149 302 163
person 0.0056 288 148 298 165
person 0.0054 70 192 79 203
person 0.0051 84 191 97 201
person 0.0050 133 205 147 227
person 0.0048 294 206 313 219
person 0.0048 287 201 298 212
person 0.0048 374 198 393 237
person 0.0047 266 198 275 205
person 0.0043 463 128 472 141
person 0.0043 254 194 262 203
person 0.0042 66 148 82 166
person 0.0041 461 126 469 140
person 0.0039 377 194 385 205
person 0.0039 326 143 335 159
person 0.0037 0 224 15 361
person 0.0037 366 194 375 203
person 0.0037 88 155 100 167
person 0.0035 20 217 31 245
person 0.0034 273 210 284 220
person 0.0034 407 201 423 213
person 0.0032 430 197 451 214
person 0.0027 341 129 368 154
person 0.0026 272 198 281 205
person 0.0026 58 161 66 169
person 0.0026 470 119 482 137
person 0.0026 270 212 282 222
person 0.0025 99 152 107 166
person 0.0025 333 207 353 218
person 0.0025 262 212 277 224
person 0.0025 296 149 308 162
person 0.0024 97 148 109 167
person 0.0024 327 173 337 190
person 0.0023 277 209 290 219
person 0.0021 488 197 499 226
person 0.0021 83 146 96 157
person 0.0020 349 135 359 155
person 0.0020 258 213 270 224
person 0.0020 377 199 391 222
person 0.0020 19 195 294 279
person 0.0019 62 155 78 168
person 0.0019 298 207 330 230
person 0.0019 150 189 159 203
person 0.0019 380 184 496 262
person 0.0018 22 211 34 241
person 0.0018 23 249 45 311
person 0.0018 81 142 101 166
person 0.0017 189 208 203 220
person 0.0017 236 214 246 224
person 0.0016 17 239 27 287
person 0.0016 397 137 406 146
person 0.0016 458 128 467 141
person 0.0015 140 187 156 204
bicycle 0.0164 13 241 27 285
bicycle 0.0049 3 219 29 284
bicycle 0.0024 25 244 42 279
car 0.9256 214 204 337 261
car 0.9007 134 206 182 237
car 0.8873 375 181 498 277
car 0.8823 181 207 235 247
car 0.8673 292 204 370 245
car 0.7293 120 205 138 229
car 0.4468 159 197 195 220
car 0.2581 373 207 394 239
car 0.1003 166 203 198 230
car 0.0939 133 205 147 227
car 0.0817 160 194 192 210
car 0.0799 176 204 201 221
car 0.0726 188 207 202 219
car 0.0283 374 192 434 238
car 0.0268 183 209 202 226
car 0.0173 188 202 202 213
car 0.0083 157 197 168 206
car 0.0060 134 206 157 231
car 0.0057 290 205 315 219
car 0.0052 180 209 200 236
car 0.0039 159 193 175 212
car 0.0035 192 195 202 206
car 0.0033 281 193 296 206
car 0.0028 159 176 203 205
car 0.0022 343 204 385 236
car 0.0019 318 206 348 217
car 0.0018 203 185 242 212
car 0.0018 154 195 163 204
car 0.0016 150 193 159 204
car 0.0015 326 209 357 219
car 0.0015 343 208 355 218
car 0.0015 121 183 165 225
car 0.0014 135 203 175 225
car 0.0012 189 177 203 204
car 0.0011 342 208 371 228
car 0.0011 467 190 499 264
bus 0.9498 20 134 120 251
bus 0.9288 262 116 436 230
bus 0.8660 430 96 499 182
bus 0.5525 159 176 203 204
bus 0.4262 202 165 264 212
bus 0.3339 120 183 160 218
bus 0.1142 203 182 242 213
bus 0.0282 189 177 203 204
bus 0.0176 160 194 192 210
bus 0.0137 121 187 146 205
bus 0.0128 121 197 157 228
bus 0.0075 120 205 138 229
bus 0.0054 158 195 197 222
bus 0.0049 371 180 499 276
bus 0.0049 199 167 327 216
bus 0.0040 120 181 158 199
bus 0.0039 207 145 399 229
bus 0.0036 140 185 159 204
bus 0.0031 159 193 175 212
bus 0.0019 127 180 153 189
bus 0.0015 0 181 12 203
bus 0.0015 120 182 138 201
bus 0.0015 219 188 240 210
bus 0.0011 116 168 203 224
bus 0.0010 265 150 278 168
train 0.0118 430 97 500 182
train 0.0035 158 176 203 204
train 0.0015 263 116 432 233
train 0.0014 203 167 265 213
train 0.0010 121 182 159 206
cat 0.0021 26 245 42 278
dog 0.0113 26 245 42 278
bottle 0.0027 478 118 489 136
bottle 0.0015 25 244 42 278
pottedplant 0.0031 0 181 11 202
pottedplant 0.0028 25 245 42 279
