car 0.0016 309 87 331 105
bird 0.9328 433 260 499 338
bird 0.0012 465 274 476 282
dog 0.0039 462 97 492 112
dog 0.0037 309 86 330 104
horse 0.0012 194 74 214 84
sheep 0.8830 133 165 257 231
sheep 0.8249 141 150 227 188
sheep 0.7971 308 86 331 105
sheep 0.7966 462 96 491 112
sheep 0.7314 194 75 214 84
sheep 0.0585 462 96 475 111
sheep 0.0520 187 163 228 180
sheep 0.0052 141 150 181 188
sheep 0.0032 318 93 331 105
sheep 0.0024 177 161 253 182
sheep 0.0020 226 165 254 177
sheep 0.0017 224 165 256 199
sheep 0.0014 216 166 257 230
cow 0.0240 462 96 491 112
cow 0.0032 309 86 330 104
cow 0.0020 194 75 213 84
