person 0.3496 131 198 189 263
person 0.0790 233 202 255 254
person 0.0424 77 206 112 252
person 0.0327 375 195 413 257
person 0.0099 307 203 328 263
person 0.0057 343 215 359 259
person 0.0053 146 199 180 249
person 0.0052 308 195 349 259
person 0.0042 132 200 156 257
person 0.0035 377 211 403 248
person 0.0029 155 216 185 256
person 0.0013 307 176 372 261
person 0.0011 69 67 129 263
person 0.0010 328 212 353 259
bird 0.0124 233 202 256 254
bird 0.0115 77 205 111 254
cat 0.0089 139 198 183 259
cat 0.0035 77 205 112 252
dog 0.1037 132 195 187 261
dog 0.0022 376 201 412 256
bottle 0.9286 125 66 200 266
bottle 0.9222 301 69 376 272
bottle 0.9156 216 71 287 267
bottle 0.9024 69 66 129 263
bottle 0.7196 370 69 437 270
bottle 0.0359 374 170 421 258
bottle 0.0287 233 203 253 255
bottle 0.0095 344 216 358 259
bottle 0.0078 302 64 376 166
bottle 0.0056 77 205 112 253
bottle 0.0045 373 74 434 175
bottle 0.0024 375 197 412 252
chair 0.0017 452 117 499 253
diningtable 0.0052 -4 -27 499 370
tvmonitor 0.0103 28 325 466 367
tvmonitor 0.0014 304 163 373 267
tvmonitor 0.0013 374 169 421 258
