person 0.9170 353 154 458 372
person 0.3817 215 172 228 198
person 0.2471 220 171 232 195
person 0.0318 73 159 91 177
person 0.0300 376 170 394 188
person 0.0187 208 173 220 188
person 0.0157 219 170 228 187
person 0.0109 255 197 297 231
person 0.0089 285 194 312 228
person 0.0079 5 166 40 186
person 0.0077 91 166 108 189
person 0.0066 203 173 216 183
person 0.0065 168 172 185 182
person 0.0059 174 170 198 181
person 0.0059 81 163 92 175
person 0.0051 11 164 40 179
person 0.0044 179 174 216 195
person 0.0042 71 164 92 199
person 0.0038 249 174 270 182
person 0.0038 212 175 224 201
person 0.0032 243 197 282 231
person 0.0031 201 176 217 195
person 0.0031 417 173 427 189
person 0.0028 152 161 161 171
person 0.0028 224 177 235 194
person 0.0026 269 198 284 221
person 0.0024 464 183 482 196
person 0.0023 103 195 131 236
person 0.0022 0 166 22 184
person 0.0018 216 173 238 221
person 0.0018 151 170 182 185
person 0.0018 182 170 210 182
person 0.0017 242 199 265 228
person 0.0017 128 171 171 188
person 0.0017 229 180 242 191
person 0.0016 257 169 311 180
person 0.0016 78 166 108 194
person 0.0015 279 168 303 179
person 0.0015 0 169 10 181
person 0.0014 432 183 467 352
person 0.0014 152 163 165 174
person 0.0013 291 197 319 235
person 0.0012 415 168 425 186
person 0.0012 96 168 115 188
person 0.0012 189 178 218 200
person 0.0012 436 183 453 195
person 0.0012 212 170 221 180
person 0.0012 119 184 146 237
person 0.0011 441 180 483 196
person 0.0011 274 197 292 226
person 0.0011 106 169 141 185
person 0.0011 112 169 164 184
person 0.0011 344 189 363 212
person 0.0010 229 196 242 217
person 0.0010 205 171 217 181
person 0.0010 213 174 229 213
person 0.0010 30 168 40 179
person 0.0010 0 163 15 177
bicycle 0.0372 419 264 456 372
bicycle 0.0025 333 261 457 372
car 0.9316 112 178 371 347
car 0.8972 430 175 498 240
car 0.8714 89 166 211 223
car 0.7548 0 165 40 221
car 0.5624 0 206 11 246
car 0.3191 0 164 91 219
car 0.1321 71 173 93 200
car 0.1047 180 180 217 200
car 0.0519 33 167 94 200
car 0.0381 249 174 272 182
car 0.0371 170 173 207 189
car 0.0349 21 162 41 178
car 0.0210 71 158 91 177
car 0.0186 169 171 193 181
car 0.0183 201 176 217 195
car 0.0179 7 166 39 182
car 0.0178 215 173 279 189
car 0.0161 0 163 40 192
car 0.0160 250 170 305 181
car 0.0131 203 173 216 183
car 0.0129 78 166 108 194
car 0.0110 488 178 499 234
car 0.0089 5 161 37 175
car 0.0071 89 166 156 216
car 0.0070 376 170 394 188
car 0.0069 240 174 275 184
car 0.0066 182 170 210 182
car 0.0060 333 169 363 182
car 0.0054 167 172 184 182
car 0.0048 246 174 298 183
car 0.0045 205 176 301 203
car 0.0045 222 178 285 196
car 0.0045 0 163 15 177
car 0.0044 179 169 200 179
car 0.0042 332 165 392 196
car 0.0040 114 161 152 169
car 0.0037 430 176 465 192
car 0.0033 214 172 227 198
car 0.0033 89 165 106 182
car 0.0030 450 169 475 177
car 0.0029 145 181 350 244
car 0.0029 88 160 158 169
car 0.0026 89 167 111 212
car 0.0026 208 173 220 188
car 0.0025 273 169 305 179
car 0.0025 163 166 219 194
car 0.0022 167 173 193 186
car 0.0021 227 177 328 189
car 0.0021 222 174 232 194
car 0.0021 334 174 363 188
car 0.0019 239 173 312 186
car 0.0016 91 167 109 192
car 0.0016 283 167 312 179
car 0.0016 259 169 291 179
car 0.0015 151 170 182 185
car 0.0015 64 165 89 187
car 0.0014 251 171 277 180
car 0.0014 228 176 467 347
car 0.0013 250 160 317 180
car 0.0013 92 166 146 193
car 0.0012 227 179 257 193
car 0.0012 30 168 40 179
car 0.0011 435 171 475 182
car 0.0011 110 168 181 187
motorbike 0.0017 416 264 453 372
bus 0.0019 332 164 391 196
bottle 0.0015 54 311 113 373
chair 0.0057 102 193 129 235
chair 0.0018 420 263 452 370
diningtable 0.0019 0 287 112 370
diningtable 0.0014 0 287 62 305
