person 0.0700 450 89 499 183
person 0.0408 443 16 460 56
person 0.0152 441 78 500 337
person 0.0132 459 27 477 52
person 0.0067 438 16 464 92
person 0.0057 448 16 458 39
person 0.0047 455 26 484 91
person 0.0036 414 65 481 155
person 0.0031 439 45 466 75
person 0.0027 427 119 472 155
person 0.0019 482 151 499 195
car 0.0029 0 1 311 345
bird 0.0019 286 107 314 119
cat 0.0021 429 121 469 155
dog 0.0053 415 65 482 155
dog 0.0026 429 121 469 155
bottle 0.0211 439 45 465 76
bottle 0.0161 443 16 460 56
bottle 0.0128 464 52 475 71
bottle 0.0075 346 46 352 74
bottle 0.0072 460 37 477 70
bottle 0.0070 463 53 482 91
bottle 0.0025 378 106 388 114
bottle 0.0024 444 45 462 63
bottle 0.0023 445 36 460 56
bottle 0.0015 303 0 314 13
bottle 0.0015 464 54 481 75
bottle 0.0013 342 46 353 93
bottle 0.0011 438 48 457 67
bottle 0.0010 465 71 476 89
bottle 0.0010 434 64 465 80
bottle 0.0010 459 27 477 52
chair 0.5632 0 1 305 354
chair 0.1376 350 6 461 90
chair 0.1024 436 82 499 356
chair 0.0909 417 24 493 152
chair 0.0147 479 33 499 63
chair 0.0066 429 121 469 155
chair 0.0056 358 22 410 62
chair 0.0029 360 23 386 61
chair 0.0023 353 20 418 89
chair 0.0021 6 205 319 366
chair 0.0020 448 185 499 371
chair 0.0016 472 31 499 94
chair 0.0014 452 91 499 180
chair 0.0013 431 37 477 99
chair 0.0012 448 123 469 147
chair 0.0010 215 17 264 72
sofa 0.8377 439 89 499 365
sofa 0.6737 4 3 310 358
sofa 0.0496 416 59 485 154
sofa 0.0429 350 4 464 90
sofa 0.0045 381 16 494 146
sofa 0.0019 428 122 468 156
pottedplant 0.6155 318 39 355 109
pottedplant 0.0049 417 24 493 152
pottedplant 0.0044 320 45 346 78
pottedplant 0.0039 342 46 353 93
pottedplant 0.0036 443 16 461 56
pottedplant 0.0031 455 26 484 91
pottedplant 0.0029 322 70 354 109
pottedplant 0.0029 436 24 474 91
pottedplant 0.0024 436 46 467 79
diningtable 0.2092 416 58 487 154
diningtable 0.0035 3 220 324 372
tvmonitor 0.0022 351 1 470 63
