person 0.8742 113 48 330 495
person 0.5937 68 2 177 224
person 0.0958 67 6 179 456
person 0.0066 359 166 388 339
person 0.0051 246 169 345 338
person 0.0032 344 81 391 367
person 0.0031 208 56 235 85
person 0.0027 315 167 388 344
person 0.0016 265 101 388 371
person 0.0015 212 42 284 85
person 0.0011 328 145 387 273
bicycle 0.8540 262 164 389 491
bicycle 0.6380 0 157 378 490
bicycle 0.4771 0 175 154 487
bicycle 0.0264 265 110 386 339
bicycle 0.0146 330 285 389 492
bicycle 0.0028 360 141 387 187
bicycle 0.0025 344 81 391 367
bicycle 0.0024 269 316 329 373
bicycle 0.0021 359 132 387 221
bicycle 0.0021 148 98 385 457
bicycle 0.0018 357 75 386 201
bicycle 0.0018 -54 149 -17 457
bicycle 0.0016 277 168 388 286
car 0.0017 360 75 387 190
car 0.0013 0 87 384 493
motorbike 0.0341 -9 131 405 497
motorbike 0.0289 256 116 388 478
motorbike 0.0130 0 186 151 482
motorbike 0.0058 84 53 318 490
motorbike 0.0046 268 109 385 293
motorbike 0.0021 356 76 391 363
motorbike 0.0015 148 98 385 457
motorbike 0.0011 266 311 328 370
train 0.0012 259 124 388 491
horse 0.0013 57 70 357 490
bottle 0.5196 331 238 389 483
bottle 0.0447 377 78 387 139
bottle 0.0247 254 269 334 334
bottle 0.0197 277 170 318 214
bottle 0.0115 290 184 388 462
bottle 0.0069 352 305 387 366
bottle 0.0063 302 329 330 372
bottle 0.0059 272 335 302 358
bottle 0.0050 275 170 295 193
bottle 0.0049 78 169 89 193
bottle 0.0042 272 171 299 220
bottle 0.0040 351 183 367 206
bottle 0.0036 348 312 389 409
bottle 0.0036 86 158 100 201
bottle 0.0035 291 323 321 372
bottle 0.0033 284 210 298 234
bottle 0.0032 276 170 362 228
bottle 0.0023 276 192 297 217
bottle 0.0020 246 164 344 339
bottle 0.0020 359 310 386 335
bottle 0.0020 350 285 386 339
bottle 0.0020 287 198 326 248
bottle 0.0016 332 240 355 286
bottle 0.0015 86 164 107 214
bottle 0.0015 344 182 368 224
bottle 0.0013 334 254 347 283
bottle 0.0013 287 195 311 214
bottle 0.0011 277 205 309 278
bottle 0.0011 280 239 302 271
bottle 0.0010 277 192 300 235
bottle 0.0010 282 209 306 256
chair 0.0386 267 125 323 181
chair 0.0064 360 142 387 188
chair 0.0027 95 46 350 458
chair 0.0020 268 125 359 236
chair 0.0012 66 11 201 481
chair 0.0010 273 164 319 218
sofa 0.0019 264 124 323 181
diningtable 0.0010 270 125 323 181
tvmonitor 0.0134 376 77 387 139
