person 0.9181 60 61 325 371
person 0.7118 216 97 286 217
person 0.0618 201 81 324 354
person 0.0211 397 148 499 371
person 0.0137 101 202 150 340
person 0.0108 211 90 259 160
person 0.0069 245 166 285 216
person 0.0059 68 157 113 255
person 0.0040 69 126 159 289
person 0.0035 393 147 498 180
person 0.0031 394 83 498 180
person 0.0020 391 51 499 279
person 0.0019 221 146 338 305
person 0.0013 70 209 110 287
person 0.0011 392 147 500 213
person 0.0011 220 156 243 184
person 0.0010 74 205 151 297
car 0.0050 -17 -4 475 367
car 0.0023 392 148 485 178
bus 0.0093 -17 -4 475 367
bus 0.0027 134 16 356 366
train 0.0045 217 -4 496 372
train 0.0027 -17 -4 475 367
train 0.0013 134 16 356 366
cat 0.0033 391 141 499 336
cat 0.0012 393 147 499 238
dog 0.0018 393 142 499 354
dog 0.0010 393 147 499 238
bottle 0.6588 104 275 150 372
bottle 0.2306 102 208 152 363
bottle 0.0059 104 264 146 332
bottle 0.0021 121 197 176 358
bottle 0.0016 431 124 442 153
chair 0.0463 268 163 342 356
chair 0.0267 0 312 74 373
chair 0.0133 71 246 92 288
chair 0.0113 29 150 345 371
chair 0.0038 240 160 285 214
chair 0.0030 220 148 334 361
chair 0.0020 399 150 499 371
chair 0.0018 66 242 105 351
chair 0.0017 268 319 329 373
chair 0.0017 71 199 162 369
chair 0.0015 70 300 114 373
sofa 0.0110 18 192 361 371
sofa 0.0093 396 150 499 371
sofa 0.0042 262 164 338 366
sofa 0.0010 71 246 92 288
pottedplant 0.0087 403 84 499 157
pottedplant 0.0047 391 51 499 279
diningtable 0.0011 71 246 92 286
tvmonitor 0.0019 -6 -7 463 358
