person 0.9419 322 14 496 320
person 0.9105 150 93 312 327
person 0.9063 35 132 189 329
person 0.8552 245 54 405 328
person 0.0158 145 146 207 324
person 0.0054 250 117 303 273
person 0.0028 2 132 90 330
person 0.0027 189 246 217 330
person 0.0020 244 57 322 115
person 0.0014 2 177 53 325
person 0.0010 103 167 143 209
bottle 0.0059 311 185 323 194
bottle 0.0050 250 82 285 111
bottle 0.0031 193 248 212 311
bottle 0.0028 262 131 276 149
bottle 0.0019 371 111 419 149
chair 0.0046 149 206 215 328
chair 0.0024 260 181 276 204
chair 0.0011 242 162 277 209
sofa 0.0106 26 206 211 329
sofa 0.0050 3 196 424 330
sofa 0.0027 67 78 504 327
sofa 0.0027 150 204 214 328
