person 0.9339 94 51 299 296
person 0.1391 0 190 97 312
person 0.0225 164 92 183 144
person 0.0224 0 125 9 183
person 0.0118 387 29 414 46
person 0.0070 234 0 499 243
person 0.0043 58 138 68 159
person 0.0023 51 142 59 159
person 0.0015 1 124 91 182
person 0.0010 0 296 37 330
cow 0.0013 235 0 498 245
bottle 0.5697 467 243 499 332
bottle 0.0854 58 138 68 159
bottle 0.0720 348 279 400 331
bottle 0.0696 53 141 62 159
bottle 0.0573 482 240 499 287
bottle 0.0567 309 174 324 207
bottle 0.0194 64 142 72 159
bottle 0.0170 80 140 87 161
bottle 0.0153 113 283 172 332
bottle 0.0116 382 272 407 326
bottle 0.0078 69 141 77 157
bottle 0.0073 72 141 83 158
bottle 0.0048 468 232 488 285
bottle 0.0040 394 233 480 331
bottle 0.0033 80 139 89 172
bottle 0.0032 382 271 430 331
bottle 0.0023 340 309 348 333
bottle 0.0013 308 188 320 207
bottle 0.0010 467 206 499 286
chair 0.8579 7 154 74 184
chair 0.7809 6 176 111 279
chair 0.6856 99 155 136 175
chair 0.4434 0 193 95 323
chair 0.4431 141 125 167 153
chair 0.0840 98 125 169 172
chair 0.0624 82 164 97 180
chair 0.0485 11 174 87 191
chair 0.0462 0 129 9 182
chair 0.0332 99 159 120 176
chair 0.0321 83 145 140 159
chair 0.0255 132 135 143 147
chair 0.0237 80 154 120 179
chair 0.0224 120 128 172 157
chair 0.0220 71 166 84 179
chair 0.0177 1 125 70 183
chair 0.0159 81 150 132 170
chair 0.0121 166 96 183 143
chair 0.0114 109 188 118 203
chair 0.0108 78 165 108 180
chair 0.0095 50 182 368 292
chair 0.0094 0 294 38 331
chair 0.0083 1 265 76 329
chair 0.0064 108 141 142 156
chair 0.0045 37 150 143 182
chair 0.0038 7 147 58 161
chair 0.0032 71 141 81 157
chair 0.0032 69 175 121 193
chair 0.0029 108 178 119 190
chair 0.0027 93 174 121 189
chair 0.0026 7 157 31 182
chair 0.0024 63 144 138 167
chair 0.0024 18 299 56 331
chair 0.0024 51 142 59 159
chair 0.0020 105 189 118 213
chair 0.0018 71 179 110 201
chair 0.0018 97 162 111 179
chair 0.0015 0 182 34 192
chair 0.0014 5 214 438 327
chair 0.0013 133 127 159 148
chair 0.0013 108 170 124 183
chair 0.0013 3 173 210 287
chair 0.0012 132 157 277 281
chair 0.0011 0 183 18 192
chair 0.0011 80 139 89 172
chair 0.0010 295 273 349 291
chair 0.0010 57 140 68 158
chair 0.0010 89 224 105 290
chair 0.0010 69 290 116 328
sofa 0.0203 3 175 111 265
sofa 0.0129 141 125 167 153
sofa 0.0107 8 154 72 183
sofa 0.0098 0 190 97 312
sofa 0.0083 1 145 132 187
sofa 0.0079 1 126 75 182
sofa 0.0062 224 8 490 266
sofa 0.0052 98 125 168 165
sofa 0.0034 9 175 119 197
sofa 0.0022 3 173 210 287
sofa 0.0020 63 129 166 177
sofa 0.0014 7 16 506 288
sofa 0.0010 0 126 10 182
pottedplant 0.0041 165 93 183 144
pottedplant 0.0023 483 239 499 281
pottedplant 0.0021 467 206 499 286
diningtable 0.4176 4 264 425 330
diningtable 0.1948 8 168 131 193
diningtable 0.0922 68 173 127 193
diningtable 0.0862 93 174 120 190
diningtable 0.0558 16 140 118 177
diningtable 0.0558 3 172 128 232
diningtable 0.0459 0 191 93 319
diningtable 0.0339 85 145 140 158
diningtable 0.0329 37 150 143 182
diningtable 0.0178 88 172 127 204
diningtable 0.0160 2 287 212 330
diningtable 0.0132 58 141 110 169
diningtable 0.0094 81 150 132 170
diningtable 0.0093 99 158 124 175
diningtable 0.0086 78 165 108 180
diningtable 0.0084 0 182 34 192
diningtable 0.0077 63 186 497 327
diningtable 0.0076 83 130 169 160
diningtable 0.0069 168 284 298 333
diningtable 0.0067 232 253 493 330
diningtable 0.0064 8 158 223 197
diningtable 0.0056 80 154 120 179
diningtable 0.0049 3 173 210 287
diningtable 0.0045 71 166 84 179
diningtable 0.0045 4 174 83 194
diningtable 0.0043 108 178 119 190
diningtable 0.0039 0 184 18 192
diningtable 0.0037 63 129 166 177
diningtable 0.0034 89 160 137 197
diningtable 0.0030 107 183 119 203
diningtable 0.0025 108 171 123 186
diningtable 0.0024 6 154 73 182
diningtable 0.0020 52 179 319 287
diningtable 0.0018 -22 160 357 262
diningtable 0.0018 9 152 64 164
diningtable 0.0018 82 164 97 181
diningtable 0.0017 106 294 190 333
diningtable 0.0017 1 133 113 201
diningtable 0.0016 293 273 371 294
diningtable 0.0014 2 179 58 192
diningtable 0.0013 14 288 119 333
diningtable 0.0013 210 279 344 331
diningtable 0.0013 358 233 498 330
diningtable 0.0011 291 202 437 281
tvmonitor 0.0020 395 233 480 332
