person 0.0026 60 266 191 372
person 0.0012 32 260 466 370
bottle 0.0017 36 326 57 371
bottle 0.0015 485 287 499 312
chair 0.0445 0 267 118 372
chair 0.0175 0 356 44 374
chair 0.0064 319 316 412 371
chair 0.0053 470 189 499 302
chair 0.0038 1 245 189 369
chair 0.0033 0 327 56 373
chair 0.0024 485 286 499 314
chair 0.0024 482 286 499 342
chair 0.0016 61 305 190 372
chair 0.0010 319 319 498 371
sofa 0.8869 23 115 485 280
sofa 0.0145 0 265 125 372
sofa 0.0091 25 257 474 370
sofa 0.0079 39 262 191 371
pottedplant 0.0107 82 281 113 303
pottedplant 0.0019 80 249 104 279
diningtable 0.0087 1 260 116 372
diningtable 0.0046 26 251 489 372
diningtable 0.0039 442 159 499 207
diningtable 0.0037 469 170 499 300
diningtable 0.0012 439 150 499 291
tvmonitor 0.0014 320 315 413 373
