person 0.9247 60 170 227 372
person 0.1859 46 185 57 202
person 0.0519 48 191 60 205
person 0.0033 98 158 107 171
person 0.0022 43 176 55 201
person 0.0021 49 250 58 279
person 0.0018 35 143 50 150
person 0.0015 434 295 497 373
person 0.0012 59 195 148 351
person 0.0011 330 181 442 311
person 0.0011 0 365 33 374
bicycle 0.0015 121 255 178 372
bicycle 0.0010 331 223 437 286
car 0.0337 328 219 441 314
car 0.0074 46 186 59 205
car 0.0049 316 217 350 307
car 0.0030 46 185 55 199
car 0.0028 333 224 350 289
car 0.0014 3 228 29 278
car 0.0012 334 238 392 291
motorbike 0.0016 46 186 59 205
boat 0.0835 46 185 60 205
boat 0.0723 1 40 61 285
boat 0.0507 46 185 55 199
boat 0.0438 35 143 50 150
boat 0.0190 49 153 114 273
boat 0.0147 113 281 477 372
boat 0.0093 47 163 110 221
boat 0.0092 69 201 490 374
boat 0.0090 43 173 218 282
boat 0.0076 48 202 115 214
boat 0.0069 43 176 55 201
boat 0.0044 91 158 109 206
boat 0.0042 -14 7 518 393
boat 0.0029 58 170 226 371
boat 0.0026 25 38 131 288
boat 0.0022 50 198 108 210
boat 0.0021 17 82 261 296
boat 0.0019 94 150 136 159
boat 0.0016 91 158 110 247
boat 0.0016 49 195 60 207
boat 0.0016 19 98 62 217
boat 0.0015 80 160 111 270
boat 0.0012 29 130 49 150
boat 0.0012 214 239 507 368
boat 0.0011 34 137 60 210
boat 0.0010 38 157 52 199
bird 0.0025 46 185 55 199
bird 0.0018 48 191 60 205
cat 0.0029 342 303 440 375
dog 0.9167 342 304 440 373
bottle 0.3001 49 250 58 279
bottle 0.0085 60 267 79 289
bottle 0.0057 272 286 285 313
bottle 0.0054 275 285 286 298
bottle 0.0042 68 280 84 290
bottle 0.0025 44 250 52 278
bottle 0.0019 58 281 78 292
bottle 0.0013 54 282 87 296
bottle 0.0010 0 366 33 374
chair 0.2668 88 285 239 371
chair 0.1956 327 219 442 313
chair 0.1940 214 293 240 373
chair 0.1836 121 256 178 371
chair 0.1365 61 272 185 374
chair 0.1257 165 293 243 373
chair 0.1250 436 259 499 371
chair 0.0393 271 279 334 331
chair 0.0388 0 215 58 280
chair 0.0383 0 45 60 282
chair 0.0251 49 201 111 274
chair 0.0231 381 271 414 311
chair 0.0152 62 256 100 274
chair 0.0111 382 228 441 312
chair 0.0095 66 306 161 372
chair 0.0094 78 160 114 273
chair 0.0090 431 206 498 265
chair 0.0062 48 163 112 254
chair 0.0061 429 206 499 341
chair 0.0061 60 172 229 372
chair 0.0056 58 244 112 273
chair 0.0053 50 282 113 371
chair 0.0050 52 325 96 374
chair 0.0048 0 365 33 374
chair 0.0043 63 256 77 272
chair 0.0042 2 239 18 277
chair 0.0042 4 235 29 278
chair 0.0042 80 333 95 368
chair 0.0038 315 244 347 310
chair 0.0036 46 184 57 205
chair 0.0036 74 212 112 273
chair 0.0032 305 243 420 321
chair 0.0027 123 243 224 369
chair 0.0027 484 208 499 260
chair 0.0025 369 219 434 267
chair 0.0025 162 330 192 349
chair 0.0023 62 265 98 277
chair 0.0022 49 250 58 280
chair 0.0019 66 193 141 273
chair 0.0017 152 315 223 372
chair 0.0017 60 265 80 287
chair 0.0015 0 348 33 374
chair 0.0014 430 229 488 263
chair 0.0014 314 250 332 302
chair 0.0014 120 296 166 373
chair 0.0014 430 214 457 265
chair 0.0013 331 219 350 285
chair 0.0013 65 268 112 289
chair 0.0013 65 258 133 366
chair 0.0012 63 250 104 285
chair 0.0012 74 326 141 372
chair 0.0012 71 267 108 280
chair 0.0012 97 286 112 302
chair 0.0012 48 191 60 205
chair 0.0011 90 224 110 270
chair 0.0010 19 243 29 277
chair 0.0010 315 254 325 291
chair 0.0010 44 250 52 278
sofa 0.3145 436 261 498 372
sofa 0.0070 326 202 500 366
sofa 0.0016 214 292 241 372
pottedplant 0.5280 334 182 438 207
pottedplant 0.1606 331 178 440 312
pottedplant 0.0117 383 185 427 203
pottedplant 0.0115 423 80 498 208
pottedplant 0.0107 332 182 441 245
pottedplant 0.0098 335 184 412 201
pottedplant 0.0066 335 186 366 199
pottedplant 0.0028 406 189 427 200
pottedplant 0.0025 415 190 427 200
pottedplant 0.0021 443 153 492 210
pottedplant 0.0019 344 179 366 191
pottedplant 0.0011 387 198 440 208
pottedplant 0.0010 2 239 17 277
diningtable 0.8673 0 277 110 372
diningtable 0.0794 329 204 441 312
diningtable 0.0397 49 202 111 275
diningtable 0.0214 349 208 438 271
diningtable 0.0195 48 202 115 214
diningtable 0.0162 326 202 500 366
diningtable 0.0151 346 203 499 260
diningtable 0.0083 422 206 496 263
diningtable 0.0060 161 329 192 349
diningtable 0.0043 340 189 444 247
diningtable 0.0036 47 204 114 227
diningtable 0.0030 80 160 111 270
diningtable 0.0024 362 214 436 240
diningtable 0.0016 48 163 112 254
diningtable 0.0013 241 277 339 334
diningtable 0.0010 271 278 326 318
