person 0.8886 220 111 298 369
person 0.4899 418 189 499 326
person 0.1780 374 197 499 362
person 0.0735 445 95 499 153
person 0.0385 85 145 93 161
person 0.0256 446 107 468 156
person 0.0084 50 172 62 188
person 0.0078 92 147 100 169
person 0.0050 86 144 96 168
person 0.0045 482 105 499 121
person 0.0032 35 145 49 171
person 0.0019 477 104 499 144
person 0.0019 455 300 480 371
person 0.0014 0 337 65 374
person 0.0014 39 184 52 215
person 0.0012 444 111 451 153
person 0.0012 79 324 215 373
person 0.0011 375 316 500 370
bird 0.0151 446 92 500 151
cat 0.0052 445 96 499 153
cat 0.0016 291 289 333 360
dog 0.0314 446 96 499 152
dog 0.0013 446 108 467 156
horse 0.0903 445 96 499 153
cow 0.0019 446 95 500 152
bottle 0.8675 456 302 481 374
bottle 0.7538 430 306 451 372
bottle 0.1629 398 342 415 374
bottle 0.1600 479 329 499 374
bottle 0.0292 398 336 432 371
bottle 0.0183 482 308 499 329
bottle 0.0182 100 247 109 271
bottle 0.0141 481 307 500 359
bottle 0.0134 446 314 458 365
bottle 0.0118 457 330 477 374
bottle 0.0117 466 303 482 356
bottle 0.0083 432 305 442 324
bottle 0.0083 435 293 454 320
bottle 0.0075 455 304 466 329
bottle 0.0071 458 304 475 331
bottle 0.0065 482 347 496 374
bottle 0.0063 450 308 465 369
bottle 0.0061 454 309 465 339
bottle 0.0061 435 296 462 329
bottle 0.0060 403 332 419 349
bottle 0.0059 439 298 467 343
bottle 0.0051 122 270 134 292
bottle 0.0044 447 107 465 157
bottle 0.0041 105 242 114 269
bottle 0.0037 447 344 459 373
bottle 0.0035 445 314 458 333
bottle 0.0034 439 293 455 311
bottle 0.0031 489 333 499 373
bottle 0.0024 386 358 400 374
bottle 0.0021 467 303 482 329
bottle 0.0020 405 331 416 340
bottle 0.0018 399 334 413 354
bottle 0.0018 434 309 450 330
bottle 0.0017 85 145 93 161
bottle 0.0016 477 356 494 374
bottle 0.0015 434 362 450 373
bottle 0.0014 414 336 431 361
bottle 0.0013 381 334 403 373
bottle 0.0013 437 288 479 319
bottle 0.0013 414 362 435 373
bottle 0.0012 453 303 497 341
bottle 0.0011 462 301 473 316
bottle 0.0010 177 247 199 260
chair 0.7533 127 262 214 372
chair 0.5588 366 205 477 365
chair 0.2769 0 337 66 373
chair 0.0093 368 259 400 373
chair 0.0093 0 289 69 372
chair 0.0090 442 72 498 153
chair 0.0085 -4 335 125 374
chair 0.0083 375 327 397 374
chair 0.0052 247 273 331 372
chair 0.0044 419 193 498 338
chair 0.0042 367 262 386 316
chair 0.0038 79 324 215 373
chair 0.0036 438 264 498 319
chair 0.0036 481 313 497 330
chair 0.0035 376 323 435 375
chair 0.0031 381 334 403 373
chair 0.0025 398 334 433 370
chair 0.0022 377 317 499 371
chair 0.0021 364 263 386 363
chair 0.0017 177 262 211 336
chair 0.0017 382 208 437 258
chair 0.0014 374 312 432 335
chair 0.0013 66 348 108 374
chair 0.0012 396 246 440 290
chair 0.0012 41 271 194 370
chair 0.0012 471 240 490 280
chair 0.0012 467 197 499 311
chair 0.0010 289 280 332 374
chair 0.0010 369 253 447 373
sofa 0.3365 0 338 66 373
sofa 0.2185 367 200 499 368
sofa 0.0183 374 210 460 334
sofa 0.0163 419 193 498 338
sofa 0.0080 1 273 67 373
sofa 0.0033 -4 335 125 374
sofa 0.0024 444 81 498 154
sofa 0.0015 374 315 501 371
sofa 0.0014 467 197 499 311
pottedplant 0.0027 482 308 499 329
pottedplant 0.0015 432 295 476 327
pottedplant 0.0014 401 335 432 362
diningtable 0.1509 0 337 65 373
diningtable 0.0997 375 316 500 370
diningtable 0.0326 370 222 501 366
diningtable 0.0147 15 262 199 370
diningtable 0.0095 48 280 181 310
diningtable 0.0031 37 245 231 307
diningtable 0.0021 159 245 232 275
diningtable 0.0012 433 278 497 323
diningtable 0.0010 376 323 435 375
tvmonitor 0.0132 112 235 154 272
tvmonitor 0.0064 445 76 498 156
