person 0.0740 0 222 10 235
person 0.0295 0 206 11 236
person 0.0179 0 221 13 244
person 0.0093 0 226 28 273
person 0.0045 0 220 27 239
person 0.0024 26 288 77 476
person 0.0017 -1 208 33 249
person 0.0013 0 205 6 226
person 0.0012 0 233 27 252
person 0.0011 -1 195 10 281
bicycle 0.0057 1 217 30 236
bicycle 0.0034 18 217 30 233
bicycle 0.0012 18 217 48 262
bicycle 0.0010 0 217 43 272
bird 0.0051 238 155 264 209
bird 0.0048 0 223 10 235
bird 0.0013 0 206 11 236
cat 0.9083 173 57 256 102
cat 0.0022 102 54 273 118
dog 0.0013 174 56 256 102
bottle 0.0247 11 299 23 330
bottle 0.0115 54 278 63 304
bottle 0.0077 233 308 259 355
bottle 0.0064 201 157 219 213
bottle 0.0062 201 401 227 436
bottle 0.0050 0 223 10 235
bottle 0.0049 23 223 33 269
bottle 0.0029 263 440 279 463
bottle 0.0026 237 156 265 210
bottle 0.0025 203 396 222 425
bottle 0.0019 11 296 28 420
bottle 0.0017 221 162 239 212
bottle 0.0014 245 235 259 314
bottle 0.0014 201 232 214 290
bottle 0.0010 203 234 222 290
bottle 0.0010 246 261 262 285
chair 0.8240 23 278 177 498
chair 0.4184 0 233 28 273
chair 0.1521 4 217 46 270
chair 0.0590 32 380 180 496
chair 0.0540 44 443 177 498
chair 0.0507 23 285 80 476
chair 0.0505 0 222 11 236
chair 0.0390 18 217 33 256
chair 0.0271 34 218 50 257
chair 0.0240 18 217 30 233
chair 0.0192 0 219 31 236
chair 0.0116 0 221 13 244
chair 0.0115 0 234 27 252
chair 0.0110 9 298 34 468
chair 0.0087 36 418 71 481
chair 0.0063 0 205 11 237
chair 0.0060 0 462 55 499
chair 0.0057 23 223 33 269
chair 0.0056 -1 208 33 249
chair 0.0033 0 205 6 226
chair 0.0030 24 227 46 272
chair 0.0024 11 294 59 465
chair 0.0019 -5 460 163 499
chair 0.0010 0 415 69 498
sofa 0.0035 0 226 28 273
sofa 0.0028 34 442 177 498
sofa 0.0019 11 278 73 483
sofa 0.0016 19 275 158 496
pottedplant 0.0032 0 206 11 236
pottedplant 0.0027 202 399 226 436
pottedplant 0.0013 0 220 11 235
diningtable 0.1148 0 230 28 273
diningtable 0.0366 0 234 27 252
diningtable 0.0067 36 446 179 499
diningtable 0.0065 0 220 27 239
diningtable 0.0045 0 221 13 244
diningtable 0.0032 1 215 45 272
diningtable 0.0028 0 222 10 235
diningtable 0.0016 11 278 73 483
diningtable 0.0015 115 92 335 484
tvmonitor 0.0013 22 277 78 476
