person 0.1163 406 254 414 268
person 0.0446 273 238 292 257
person 0.0280 232 235 263 260
person 0.0236 407 253 419 279
person 0.0076 415 247 423 274
person 0.0068 242 240 267 260
person 0.0059 412 253 422 277
person 0.0059 231 235 246 260
person 0.0051 308 242 327 256
person 0.0047 286 240 302 257
person 0.0032 250 247 267 261
person 0.0019 28 253 37 263
person 0.0017 258 251 269 268
person 0.0017 271 203 289 228
person 0.0016 311 247 335 258
person 0.0012 426 279 436 306
person 0.0012 117 262 157 293
person 0.0011 205 236 225 259
person 0.0010 296 240 312 256
car 0.9439 170 225 430 354
car 0.7987 77 260 127 299
car 0.7660 118 262 162 296
car 0.7435 0 260 84 305
car 0.4966 0 271 29 309
car 0.2666 145 263 167 292
car 0.0081 152 263 168 285
car 0.0018 161 265 169 293
car 0.0014 393 257 401 264
bus 0.0025 1 260 83 304
bus 0.0012 145 263 167 292
horse 0.0017 271 203 289 228
cow 0.0011 271 203 289 228
pottedplant 0.3777 442 160 491 211
pottedplant 0.3179 428 159 490 240
pottedplant 0.0187 428 169 464 233
pottedplant 0.0044 431 199 461 240
pottedplant 0.0024 426 279 437 306
pottedplant 0.0023 403 79 457 248
pottedplant 0.0014 452 93 467 118
pottedplant 0.0014 408 32 496 248
pottedplant 0.0012 419 158 495 309
