person 0.8770 127 122 272 371
person 0.8736 270 3 402 318
person 0.0048 477 89 499 155
person 0.0027 462 81 499 217
person 0.0020 236 74 353 358
person 0.0018 274 33 338 95
person 0.0016 452 156 499 374
person 0.0014 168 125 256 207
person 0.0014 47 233 260 372
person 0.0010 269 0 391 126
person 0.0010 243 150 257 171
person 0.0010 323 49 340 79
bottle 0.0271 475 126 496 155
bottle 0.0131 272 157 289 190
bottle 0.0120 475 90 499 156
bottle 0.0083 461 45 473 69
bottle 0.0031 273 155 287 166
bottle 0.0029 451 103 487 140
bottle 0.0020 461 13 477 71
bottle 0.0014 484 124 500 155
bottle 0.0012 271 170 288 198
chair 0.9053 53 235 182 372
chair 0.8573 347 149 481 364
chair 0.7282 50 110 118 241
chair 0.4731 451 156 499 371
chair 0.3905 364 125 428 229
chair 0.0531 46 116 83 243
chair 0.0488 0 124 68 304
chair 0.0262 82 180 117 210
chair 0.0204 88 219 132 252
chair 0.0166 348 219 452 355
chair 0.0143 348 119 428 312
chair 0.0119 20 126 119 291
chair 0.0104 464 254 498 372
chair 0.0101 73 103 100 186
chair 0.0099 457 247 499 307
chair 0.0096 378 129 419 206
chair 0.0074 53 112 96 187
chair 0.0073 45 143 95 320
chair 0.0069 129 226 148 252
chair 0.0069 80 179 119 238
chair 0.0066 405 133 444 235
chair 0.0056 128 236 144 254
chair 0.0054 368 187 400 214
chair 0.0049 105 224 132 251
chair 0.0034 203 121 220 130
chair 0.0033 83 206 153 253
chair 0.0030 227 323 267 373
chair 0.0029 161 309 264 373
chair 0.0029 422 154 479 355
chair 0.0023 0 243 76 371
chair 0.0019 424 143 499 269
chair 0.0018 84 218 107 243
chair 0.0018 476 298 499 373
chair 0.0018 59 153 364 369
chair 0.0018 469 164 499 254
chair 0.0016 406 135 474 250
chair 0.0015 222 127 258 172
chair 0.0013 218 98 419 371
chair 0.0012 237 343 265 373
chair 0.0012 176 303 195 343
chair 0.0011 404 129 428 199
sofa 0.0230 0 122 93 300
sofa 0.0069 448 152 499 373
sofa 0.0010 347 146 479 362
sofa 0.0010 453 246 498 366
pottedplant 0.6250 410 76 466 133
pottedplant 0.0630 450 103 486 141
pottedplant 0.0473 476 90 499 156
pottedplant 0.0192 405 77 474 207
pottedplant 0.0146 442 80 486 142
pottedplant 0.0049 462 81 499 217
pottedplant 0.0039 76 101 102 184
pottedplant 0.0039 484 91 499 141
diningtable 0.5549 105 121 345 282
diningtable 0.4551 205 128 350 371
diningtable 0.1139 86 158 179 236
diningtable 0.0501 415 122 498 363
diningtable 0.0229 222 155 342 245
diningtable 0.0164 116 120 333 181
diningtable 0.0144 138 119 246 162
diningtable 0.0106 141 128 204 159
diningtable 0.0081 90 202 167 232
diningtable 0.0073 233 127 322 172
diningtable 0.0066 85 190 166 253
diningtable 0.0063 127 121 277 368
diningtable 0.0060 453 246 498 366
diningtable 0.0055 426 111 500 232
diningtable 0.0047 427 119 499 176
diningtable 0.0037 456 252 499 309
diningtable 0.0034 127 166 175 197
diningtable 0.0033 234 126 270 172
diningtable 0.0027 369 187 400 214
diningtable 0.0021 64 138 201 245
diningtable 0.0018 272 139 313 163
diningtable 0.0012 51 234 187 371
diningtable 0.0011 207 125 262 173
