person 0.7891 333 1 367 83
person 0.7628 283 118 308 141
person 0.6698 281 0 312 45
person 0.5379 326 0 350 75
person 0.1753 282 0 297 44
person 0.0312 296 119 308 136
person 0.0296 260 121 284 141
person 0.0258 299 3 310 30
person 0.0180 293 4 308 31
person 0.0167 303 119 322 138
person 0.0167 327 0 348 31
person 0.0156 313 123 332 142
person 0.0139 255 121 273 139
person 0.0138 299 119 330 142
person 0.0096 297 0 313 9
person 0.0083 326 1 336 31
person 0.0057 235 123 258 138
person 0.0056 327 48 339 78
person 0.0049 320 125 341 142
person 0.0042 330 1 351 47
person 0.0037 279 116 340 146
person 0.0036 327 0 343 20
person 0.0035 301 0 322 9
person 0.0028 460 295 499 331
person 0.0028 240 120 276 141
person 0.0022 338 133 352 143
person 0.0020 264 0 282 11
person 0.0019 351 0 392 7
person 0.0018 282 0 305 14
person 0.0014 284 12 293 44
person 0.0013 325 0 337 16
person 0.0012 0 229 23 287
person 0.0011 281 0 294 12
car 0.9356 184 105 420 205
car 0.0315 0 0 42 21
car 0.0305 220 0 261 12
car 0.0258 301 0 322 9
car 0.0191 43 0 86 19
car 0.0126 264 0 282 11
car 0.0100 308 0 329 8
car 0.0045 297 0 312 9
car 0.0039 175 0 218 14
car 0.0021 349 0 394 7
car 0.0019 281 116 317 141
car 0.0016 42 -2 476 16
car 0.0010 261 47 320 80
car 0.0010 301 1 321 16
bus 0.0064 43 0 87 19
bus 0.0048 0 0 41 20
bus 0.0018 43 0 133 19
bus 0.0014 220 0 260 12
bus 0.0014 0 0 85 20
bus 0.0010 187 42 334 80
bus 0.0010 3 -2 280 17
bus 0.0010 177 0 219 13
train 0.0019 1 -2 230 17
train 0.0018 0 0 43 21
train 0.0010 4 30 364 79
bottle 0.0068 0 232 19 287
bottle 0.0010 327 58 336 79
chair 0.0027 459 294 499 332
chair 0.0010 303 0 320 8
