person 0.0152 177 2 200 46
person 0.0122 149 196 169 221
person 0.0117 156 0 200 46
person 0.0040 428 6 479 50
person 0.0038 183 1 198 35
person 0.0023 414 9 450 44
person 0.0022 0 120 22 281
person 0.0018 395 96 434 147
person 0.0018 0 169 12 280
person 0.0016 452 7 481 49
person 0.0015 429 16 447 37
person 0.0010 256 132 309 257
bicycle 0.9418 15 21 498 328
bicycle 0.1499 300 17 498 307
bicycle 0.1218 306 33 498 167
bicycle 0.0860 388 88 499 261
bicycle 0.0661 0 122 35 289
bicycle 0.0643 11 -3 203 289
bicycle 0.0163 390 88 498 150
bicycle 0.0127 155 0 200 47
bicycle 0.0052 150 0 207 121
bicycle 0.0041 1 36 115 296
bicycle 0.0039 441 91 499 152
bicycle 0.0033 217 82 314 158
bicycle 0.0025 248 74 355 270
bicycle 0.0023 210 98 280 139
bicycle 0.0021 195 95 275 233
bicycle 0.0020 91 -4 439 132
bicycle 0.0014 446 167 499 252
bicycle 0.0014 172 20 200 47
bicycle 0.0013 20 84 333 314
car 0.0275 399 0 489 52
car 0.0028 156 0 200 47
car 0.0023 403 3 453 49
car 0.0016 428 6 479 50
motorbike 0.0355 11 -7 514 329
motorbike 0.0324 155 1 200 47
motorbike 0.0028 392 88 498 150
motorbike 0.0020 154 0 204 111
bus 0.0011 398 0 490 53
bus 0.0010 294 10 499 156
train 0.0038 12 -4 501 334
train 0.0010 398 0 491 52
boat 0.0064 8 -14 508 333
bottle 0.1541 169 276 184 309
bottle 0.1276 149 197 170 227
bottle 0.0166 188 270 200 308
bottle 0.0108 53 141 71 172
bottle 0.0100 180 270 196 308
bottle 0.0059 62 146 74 167
bottle 0.0045 399 100 463 140
bottle 0.0037 373 102 382 138
bottle 0.0031 176 243 202 310
bottle 0.0029 298 177 320 248
bottle 0.0024 310 95 361 148
bottle 0.0022 52 85 79 183
bottle 0.0019 50 148 58 172
bottle 0.0019 486 0 499 50
bottle 0.0016 428 6 479 50
bottle 0.0015 324 123 357 146
bottle 0.0014 228 106 237 119
bottle 0.0012 403 2 452 49
bottle 0.0011 162 1 200 48
chair 0.0047 210 0 277 42
chair 0.0025 172 20 200 47
chair 0.0022 159 0 198 47
chair 0.0021 388 82 498 251
chair 0.0020 0 120 22 281
chair 0.0018 221 105 272 139
chair 0.0017 444 168 499 253
chair 0.0013 316 42 491 322
pottedplant 0.0010 15 13 499 332
diningtable 0.0011 11 -7 514 329
tvmonitor 0.0087 399 0 489 53
