person 0.8057 146 151 219 245
person 0.6556 99 359 366 494
person 0.6197 166 137 184 176
person 0.4178 231 143 247 184
person 0.3868 169 137 184 155
person 0.2947 115 122 370 486
person 0.2160 165 146 174 176
person 0.0469 220 130 234 146
person 0.0370 229 144 239 175
person 0.0305 0 0 41 75
person 0.0228 326 0 370 53
person 0.0227 235 143 245 158
person 0.0191 222 130 236 170
person 0.0178 228 152 237 182
person 0.0087 203 128 237 170
person 0.0055 207 160 214 170
person 0.0038 44 160 66 187
person 0.0037 197 149 204 160
person 0.0033 -9 287 360 463
person 0.0031 195 136 204 160
person 0.0030 169 149 188 179
person 0.0028 0 1 56 215
person 0.0028 161 148 172 173
person 0.0027 121 26 131 45
person 0.0025 142 35 152 57
person 0.0024 190 138 200 158
person 0.0021 215 128 234 160
person 0.0021 138 182 221 330
person 0.0020 160 150 205 190
person 0.0017 102 114 111 126
person 0.0017 188 145 197 157
person 0.0016 168 155 182 181
person 0.0016 146 182 161 197
person 0.0012 112 121 122 133
person 0.0011 150 35 160 58
person 0.0011 50 4 82 80
person 0.0010 180 138 192 155
person 0.0010 177 136 189 151
bicycle 0.0543 149 200 221 284
bicycle 0.0177 154 205 219 247
bicycle 0.0045 165 147 175 178
bicycle 0.0025 192 207 219 247
bicycle 0.0019 169 149 188 179
bicycle 0.0011 177 225 221 282
car 0.0071 93 132 121 146
car 0.0058 125 122 136 129
car 0.0040 102 115 112 127
car 0.0037 84 119 110 134
car 0.0021 219 129 237 154
car 0.0011 167 152 193 180
car 0.0010 208 129 242 166
motorbike 0.0704 149 199 221 283
motorbike 0.0240 154 205 219 247
motorbike 0.0022 169 149 188 179
motorbike 0.0018 165 146 176 177
motorbike 0.0017 134 129 224 331
motorbike 0.0011 193 207 219 246
bus 0.0084 84 118 108 133
bus 0.0010 83 115 122 135
train 0.0025 84 119 107 131
boat 0.7408 99 359 365 495
boat 0.0644 61 66 224 335
boat 0.0471 134 129 224 331
boat 0.0162 84 119 107 131
boat 0.0113 44 160 69 187
boat 0.0064 37 161 69 212
boat 0.0049 83 115 122 135
boat 0.0036 147 197 221 285
boat 0.0034 0 262 363 490
boat 0.0033 83 119 108 142
boat 0.0022 44 167 57 188
boat 0.0020 -8 314 366 411
boat 0.0019 93 132 119 145
boat 0.0015 200 127 247 178
boat 0.0013 37 178 58 209
boat 0.0013 92 100 140 134
boat 0.0012 104 133 370 493
boat 0.0011 40 177 54 199
boat 0.0010 57 166 71 179
dog 0.0014 158 205 201 242
dog 0.0010 145 182 166 210
horse 0.0013 148 198 221 291
bottle 0.0012 163 206 199 242
chair 0.0035 206 156 232 175
chair 0.0025 228 154 236 180
chair 0.0023 149 202 220 248
chair 0.0020 93 363 373 497
chair 0.0017 146 183 160 196
chair 0.0012 206 160 215 172
chair 0.0010 102 114 111 126
pottedplant 0.0115 44 160 69 187
pottedplant 0.0104 0 99 70 216
pottedplant 0.0028 39 116 74 197
pottedplant 0.0022 38 160 69 212
pottedplant 0.0016 250 131 358 246
pottedplant 0.0015 110 120 122 133
pottedplant 0.0011 327 120 370 249
pottedplant 0.0010 102 114 111 126
