person 0.8946 145 1 358 194
person 0.8647 181 19 352 352
person 0.0211 0 64 49 193
person 0.0126 1 46 82 224
person 0.0092 0 51 66 107
person 0.0076 146 -1 256 186
person 0.0063 278 117 380 235
person 0.0055 257 126 380 347
person 0.0046 0 47 51 356
person 0.0041 0 38 67 84
person 0.0018 1 46 126 372
person 0.0016 424 152 455 214
person 0.0012 278 115 356 175
bicycle 0.1651 211 213 331 371
bicycle 0.0701 204 121 389 373
bicycle 0.0041 73 224 328 372
bicycle 0.0033 240 301 322 373
bicycle 0.0013 246 345 322 373
car 0.0017 206 170 319 208
motorbike 0.0270 204 129 400 372
motorbike 0.0142 209 216 319 371
motorbike 0.0017 136 156 339 370
cat 0.0019 176 162 326 210
cat 0.0011 278 116 356 175
cat 0.0011 187 136 375 215
dog 0.0021 181 127 380 247
dog 0.0013 168 165 324 210
bottle 0.1697 169 167 324 208
bottle 0.0108 189 149 366 214
bottle 0.0043 18 222 35 234
bottle 0.0030 215 171 297 208
bottle 0.0024 169 170 270 201
bottle 0.0015 225 187 240 201
bottle 0.0012 17 212 36 235
bottle 0.0011 434 145 454 211
bottle 0.0010 279 152 326 176
chair 0.0385 181 110 407 369
chair 0.0052 1 227 143 373
chair 0.0046 167 35 346 170
chair 0.0040 6 52 63 82
chair 0.0039 202 197 288 370
chair 0.0033 327 171 420 297
chair 0.0016 0 79 47 226
chair 0.0013 4 58 86 230
chair 0.0013 25 54 62 74
chair 0.0013 300 42 324 107
chair 0.0011 0 45 67 104
chair 0.0010 201 208 235 302
sofa 0.0027 0 228 142 370
sofa 0.0026 142 1 361 187
diningtable 0.0077 0 357 37 374
diningtable 0.0048 0 54 88 223
diningtable 0.0036 0 311 171 369
diningtable 0.0020 0 227 145 370
diningtable 0.0016 0 41 114 350
diningtable 0.0012 4 353 169 378
diningtable 0.0010 -5 223 357 371
tvmonitor 0.0429 328 171 420 297
tvmonitor 0.0256 1 228 140 375
