person 0.5787 79 218 86 237
person 0.2972 34 219 43 241
person 0.1302 30 220 40 240
person 0.0987 62 223 69 236
person 0.0470 38 211 47 239
person 0.0459 101 217 109 236
person 0.0450 59 222 67 235
person 0.0430 89 222 97 236
person 0.0390 92 222 99 236
person 0.0376 69 222 76 236
person 0.0180 97 221 106 236
person 0.0123 53 225 62 236
person 0.0110 1 212 14 227
person 0.0096 43 204 50 218
person 0.0093 104 216 111 232
person 0.0071 135 158 144 175
person 0.0068 42 204 50 233
person 0.0068 19 218 28 235
person 0.0056 115 196 124 220
person 0.0054 259 101 269 108
person 0.0050 297 97 308 105
person 0.0049 199 132 229 163
person 0.0048 285 97 296 104
person 0.0046 203 132 212 145
person 0.0044 105 217 114 236
person 0.0042 201 133 218 157
person 0.0042 0 213 16 250
person 0.0041 24 219 31 235
person 0.0034 290 97 300 105
person 0.0034 159 145 168 156
person 0.0034 279 97 292 104
person 0.0033 246 105 257 112
person 0.0032 28 221 35 238
person 0.0030 61 216 73 236
person 0.0027 128 189 139 210
person 0.0027 134 156 144 189
person 0.0026 341 107 351 114
person 0.0026 321 101 337 110
person 0.0026 149 178 166 234
person 0.0025 310 135 319 148
person 0.0025 278 164 287 197
person 0.0022 43 203 53 226
person 0.0022 172 139 182 152
person 0.0020 198 139 211 164
person 0.0020 129 195 139 228
person 0.0020 94 225 101 237
person 0.0019 277 96 287 104
person 0.0019 271 97 285 105
person 0.0018 148 146 156 157
person 0.0017 333 142 343 155
person 0.0017 269 163 288 198
person 0.0017 260 99 281 108
person 0.0017 353 226 367 241
person 0.0015 112 99 382 275
person 0.0014 279 165 289 184
person 0.0014 256 134 275 162
person 0.0014 151 179 165 200
person 0.0014 295 98 311 108
person 0.0014 287 153 302 199
person 0.0014 308 211 340 239
person 0.0014 133 187 145 210
person 0.0013 139 190 148 223
person 0.0013 316 135 328 150
person 0.0013 302 154 311 163
person 0.0012 312 101 339 111
person 0.0012 321 133 333 149
person 0.0011 308 123 320 147
person 0.0010 142 202 150 223
person 0.0010 137 150 145 165
person 0.0010 181 156 190 168
person 0.0010 291 122 308 148
person 0.0010 311 154 319 164
person 0.0010 215 139 233 163
bicycle 0.2297 33 222 43 241
bicycle 0.0186 92 223 101 236
bicycle 0.0112 57 224 66 236
bicycle 0.0108 88 222 96 236
bicycle 0.0105 53 225 62 236
bicycle 0.0094 97 221 106 236
bicycle 0.0092 62 223 69 236
bicycle 0.0073 69 222 76 236
bicycle 0.0050 38 220 46 238
bicycle 0.0046 100 219 108 237
bicycle 0.0032 30 216 39 240
bicycle 0.0023 28 221 35 238
bicycle 0.0017 24 219 31 235
car 0.7876 0 213 17 247
car 0.0130 0 212 13 226
car 0.0049 30 220 40 240
car 0.0027 34 219 43 241
car 0.0023 59 222 67 235
car 0.0018 101 107 385 274
car 0.0013 89 222 97 236
car 0.0011 92 223 100 236
car 0.0011 53 225 62 236
motorbike 0.0813 33 221 43 240
motorbike 0.0069 30 220 40 240
motorbike 0.0060 92 223 101 236
motorbike 0.0034 53 225 62 236
motorbike 0.0025 62 223 69 236
motorbike 0.0022 88 222 96 236
motorbike 0.0021 97 221 106 236
motorbike 0.0013 59 222 67 235
motorbike 0.0012 100 219 108 237
bus 0.6972 102 99 391 273
bus 0.0015 0 213 17 248
bird 0.0013 341 107 351 114
bird 0.0012 323 154 332 164
bird 0.0011 324 102 338 111
dog 0.0013 31 222 42 240
bottle 0.0038 321 133 333 149
bottle 0.0033 323 154 332 164
bottle 0.0029 332 147 341 159
bottle 0.0022 333 142 343 155
bottle 0.0016 310 135 319 148
bottle 0.0012 316 135 328 150
bottle 0.0011 341 141 349 155
bottle 0.0010 334 149 342 163
bottle 0.0010 32 193 41 208
pottedplant 0.0016 34 219 43 241
pottedplant 0.0013 0 213 16 250
