person 0.9201 68 12 362 325
person 0.0021 11 226 21 246
car 0.0014 -2 206 481 332
boat 0.0011 26 221 498 331
chair 0.0358 79 232 98 261
chair 0.0287 340 233 500 330
chair 0.0240 1 207 110 320
chair 0.0190 61 215 109 255
chair 0.0170 9 207 110 263
chair 0.0096 64 206 120 329
chair 0.0084 15 145 443 330
chair 0.0073 68 232 90 259
chair 0.0026 344 232 411 330
chair 0.0021 64 274 80 303
chair 0.0020 6 257 87 320
chair 0.0019 21 216 73 261
chair 0.0015 55 274 68 299
chair 0.0014 49 207 109 219
chair 0.0012 20 6 492 323
chair 0.0011 27 235 70 260
chair 0.0011 20 276 68 312
sofa 0.0398 1 211 488 331
sofa 0.0118 341 232 499 330
diningtable 0.0191 342 233 499 330
diningtable 0.0188 7 206 112 262
diningtable 0.0056 1 205 114 323
diningtable 0.0033 1 211 488 331
diningtable 0.0022 42 207 110 219
diningtable 0.0020 56 209 105 242
