person 0.0040 448 336 499 373
person 0.0035 199 1 358 158
person 0.0012 231 0 344 71
cat 0.0010 448 336 499 373
bottle 0.6980 193 239 280 291
bottle 0.0115 99 128 112 171
bottle 0.0056 112 254 165 296
bottle 0.0040 305 0 368 78
bottle 0.0027 157 196 197 278
bottle 0.0025 245 49 328 160
bottle 0.0019 210 135 256 170
bottle 0.0017 448 336 499 373
bottle 0.0014 0 246 49 316
bottle 0.0013 220 166 262 223
bottle 0.0012 254 255 279 291
bottle 0.0010 100 147 113 184
bottle 0.0010 203 131 263 223
chair 0.0116 448 336 499 373
chair 0.0043 155 8 249 126
chair 0.0011 163 15 266 199
sofa 0.0017 448 336 499 373
diningtable 0.0012 2 286 227 370
tvmonitor 0.8979 374 -2 499 95
tvmonitor 0.4820 0 51 115 281
tvmonitor 0.1025 154 2 251 129
tvmonitor 0.0052 90 86 206 233
tvmonitor 0.0043 149 88 198 154
tvmonitor 0.0025 -5 46 215 288
tvmonitor 0.0019 91 85 149 190
tvmonitor 0.0014 163 15 266 199
