person 0.0175 0 123 9 140
person 0.0019 374 159 385 169
person 0.0018 355 145 363 161
person 0.0013 341 139 352 146
bicycle 0.0077 341 139 352 146
bicycle 0.0048 325 136 342 145
bicycle 0.0046 341 139 357 148
bicycle 0.0033 313 136 339 145
bicycle 0.0019 346 140 361 155
bicycle 0.0013 310 134 362 161
bicycle 0.0011 333 137 360 160
car 0.8454 363 161 390 198
car 0.0191 0 122 9 141
car 0.0034 378 160 390 169
car 0.0028 346 140 361 155
car 0.0019 341 139 352 146
car 0.0015 374 159 385 169
car 0.0010 354 142 362 160
motorbike 0.0016 341 139 352 146
bird 0.0050 202 262 212 273
bird 0.0049 218 125 234 134
bird 0.0027 232 126 244 135
bird 0.0017 21 443 29 451
bird 0.0012 246 127 259 136
bird 0.0011 335 430 349 436
bottle 0.0011 253 389 263 400
pottedplant 0.0026 87 104 366 285
