person 0.0879 2 -1 490 370
person 0.0121 350 219 438 324
person 0.0102 279 2 499 327
person 0.0047 0 0 299 129
person 0.0030 270 207 499 371
person 0.0020 383 217 438 270
person 0.0017 0 1 317 259
person 0.0015 0 229 294 370
person 0.0014 182 0 269 52
person 0.0013 421 216 499 308
person 0.0012 244 211 319 320
motorbike 0.0011 -6 -9 498 373
bird 0.0027 351 217 439 324
bird 0.0011 361 0 499 114
cat 0.1791 253 -1 500 306
cat 0.0527 2 -2 479 353
cat 0.0070 363 18 498 284
cat 0.0063 -2 1 350 173
cat 0.0029 359 0 496 115
cat 0.0021 157 14 350 296
cat 0.0014 352 215 440 323
cat 0.0010 309 94 419 292
dog 0.2651 250 -4 500 313
dog 0.1113 8 -5 502 365
dog 0.0051 -2 1 350 173
dog 0.0043 374 24 498 285
dog 0.0021 158 58 360 353
dog 0.0015 351 217 439 325
dog 0.0012 273 208 499 371
horse 0.0039 8 -1 502 353
horse 0.0020 268 3 500 310
horse 0.0012 351 252 429 324
sheep 0.0258 237 7 509 301
sheep 0.0025 8 -1 502 353
sheep 0.0015 360 -1 500 114
cow 0.0396 256 4 501 315
cow 0.0046 80 -5 498 369
bottle 0.0012 3 -7 340 374
sofa 0.0077 -6 -9 498 373
sofa 0.0030 269 1 500 329
pottedplant 0.0010 275 -1 499 303
diningtable 0.0559 -2 -14 490 374
diningtable 0.0065 1 239 288 371
diningtable 0.0054 0 62 294 372
diningtable 0.0030 1 307 261 374
diningtable 0.0022 -7 203 498 372
diningtable 0.0012 0 81 137 263
