person 0.0205 447 79 458 94
person 0.0042 473 81 483 95
person 0.0039 296 140 319 167
person 0.0033 172 139 202 161
person 0.0021 295 124 329 166
person 0.0020 458 79 470 94
person 0.0017 482 77 499 96
person 0.0016 422 67 450 96
person 0.0012 423 84 447 95
bicycle 0.0011 447 78 460 95
car 0.9475 82 104 430 304
car 0.5824 232 73 282 92
car 0.3680 308 82 343 93
car 0.2187 423 84 448 94
car 0.2138 335 84 348 98
car 0.0911 308 85 327 93
car 0.0801 422 66 448 94
car 0.0278 482 77 499 96
car 0.0216 397 82 421 93
car 0.0168 233 74 260 90
car 0.0161 402 85 425 94
car 0.0091 451 68 483 95
car 0.0066 399 77 448 94
car 0.0060 268 78 284 91
car 0.0051 342 49 393 106
car 0.0047 100 79 113 88
car 0.0039 468 80 482 95
car 0.0034 447 80 459 95
car 0.0031 458 79 472 94
car 0.0028 404 60 445 93
car 0.0018 286 85 308 93
car 0.0018 232 77 247 90
car 0.0012 445 52 486 95
car 0.0012 403 47 485 95
car 0.0011 348 83 382 105
motorbike 0.0022 308 83 335 92
bus 0.0175 421 66 448 95
bus 0.0085 403 47 485 95
bus 0.0045 340 47 394 108
bus 0.0025 404 60 445 93
bus 0.0017 232 73 282 92
bus 0.0013 76 105 435 300
bus 0.0011 445 55 485 95
boat 0.0021 37 26 90 65
boat 0.0015 413 65 448 94
cow 0.0010 232 73 282 92
chair 0.0021 482 77 499 96
chair 0.0018 468 80 482 95
chair 0.0015 458 79 470 94
pottedplant 0.0042 198 9 224 33
