person 0.9272 314 125 496 371
person 0.8857 137 139 306 373
person 0.8553 34 135 164 370
person 0.7490 38 48 176 219
person 0.6816 399 0 499 285
person 0.6595 145 38 349 342
person 0.6425 146 43 296 208
person 0.6280 258 20 383 356
person 0.0636 84 35 468 362
person 0.0311 258 22 359 223
person 0.0220 400 0 499 123
person 0.0140 470 31 499 144
person 0.0113 394 0 432 29
person 0.0096 252 19 500 324
person 0.0068 378 0 443 38
person 0.0065 0 33 211 301
person 0.0061 13 143 373 371
person 0.0042 0 176 32 355
person 0.0026 382 0 416 31
person 0.0025 317 181 334 206
person 0.0015 290 140 384 343
person 0.0014 321 180 347 226
person 0.0014 434 149 500 367
person 0.0013 405 69 501 198
person 0.0013 492 139 499 166
person 0.0012 208 18 221 29
person 0.0011 446 99 499 288
person 0.0011 281 117 380 243
person 0.0011 333 70 486 192
person 0.0010 191 15 215 34
person 0.0010 475 128 494 152
person 0.0010 194 15 205 32
dog 0.0013 342 93 484 201
bottle 0.0440 474 100 498 143
bottle 0.0319 316 346 346 373
bottle 0.0024 57 361 101 374
bottle 0.0023 489 135 499 150
bottle 0.0020 314 320 370 373
bottle 0.0013 34 349 56 374
bottle 0.0012 475 128 494 152
chair 0.2503 0 272 36 373
chair 0.0979 0 34 208 279
chair 0.0492 305 21 406 117
chair 0.0380 285 0 339 23
chair 0.0212 445 145 499 290
chair 0.0204 0 195 31 346
chair 0.0197 287 5 308 23
chair 0.0131 317 129 498 371
chair 0.0125 285 21 490 206
chair 0.0116 0 273 31 321
chair 0.0102 337 75 486 199
chair 0.0091 0 54 105 290
chair 0.0080 0 67 55 372
chair 0.0072 250 19 498 358
chair 0.0059 256 186 351 361
chair 0.0048 337 71 408 116
chair 0.0036 35 17 471 347
chair 0.0035 302 21 373 84
chair 0.0034 465 162 498 343
chair 0.0033 382 17 499 297
chair 0.0031 184 21 377 103
chair 0.0030 491 279 499 323
chair 0.0028 314 0 339 22
chair 0.0028 0 202 9 273
chair 0.0026 56 361 95 374
chair 0.0017 13 143 373 371
chair 0.0015 315 346 347 373
chair 0.0012 174 281 307 372
sofa 0.4796 -3 47 522 368
sofa 0.2573 -2 22 426 247
sofa 0.1853 10 33 237 352
sofa 0.1620 0 271 36 369
sofa 0.1018 101 171 500 371
sofa 0.0508 230 17 495 365
sofa 0.0375 187 20 407 146
sofa 0.0324 447 146 499 283
sofa 0.0279 308 139 500 370
sofa 0.0220 288 18 494 212
sofa 0.0215 21 19 391 132
sofa 0.0162 0 273 31 322
sofa 0.0145 382 17 499 297
sofa 0.0142 1 37 96 364
sofa 0.0118 137 39 356 334
sofa 0.0118 434 149 500 367
sofa 0.0084 183 24 368 94
sofa 0.0072 249 188 354 362
sofa 0.0057 304 21 404 110
sofa 0.0051 32 113 164 366
sofa 0.0042 0 166 36 371
sofa 0.0030 337 72 408 117
sofa 0.0030 302 21 373 84
sofa 0.0028 331 71 489 196
sofa 0.0016 4 214 382 372
sofa 0.0014 136 137 302 369
sofa 0.0010 0 94 41 282
sofa 0.0010 31 48 182 244
diningtable 0.1087 0 270 36 372
diningtable 0.0085 0 273 31 321
diningtable 0.0044 370 28 448 95
tvmonitor 0.0011 13 45 517 362
