person 0.0589 404 246 430 282
person 0.0442 194 90 211 116
person 0.0338 448 254 460 277
person 0.0071 403 249 417 282
person 0.0050 197 86 218 121
person 0.0035 435 252 461 282
person 0.0030 385 219 396 229
person 0.0029 414 247 426 275
person 0.0025 422 244 463 281
person 0.0019 399 254 411 282
person 0.0018 417 247 433 271
person 0.0016 227 89 244 107
person 0.0013 384 218 397 236
person 0.0010 445 233 466 280
bicycle 0.0060 397 235 467 282
bicycle 0.0049 431 251 462 281
bicycle 0.0039 447 253 461 281
car 0.0019 392 235 469 283
bus 0.0010 400 236 469 282
train 0.9237 13 53 355 284
train 0.1042 0 142 59 278
train 0.0041 353 237 469 283
