person 0.9208 293 106 498 371
person 0.8872 0 36 159 373
person 0.8790 123 135 276 371
person 0.0576 296 106 424 257
person 0.0288 0 320 42 374
person 0.0247 11 175 23 184
person 0.0122 31 95 64 176
person 0.0064 292 134 312 151
person 0.0058 98 168 149 249
person 0.0050 0 24 420 376
person 0.0048 0 179 42 373
person 0.0032 414 167 499 312
person 0.0025 3 175 24 191
person 0.0022 119 167 142 200
person 0.0019 31 42 74 174
person 0.0013 128 160 139 172
person 0.0012 404 293 498 373
person 0.0011 324 108 406 208
car 0.0113 292 134 312 151
boat 0.0012 293 135 312 151
cat 0.0034 275 262 312 284
bottle 0.6998 440 123 456 154
bottle 0.0766 454 130 467 155
bottle 0.0508 464 125 486 155
bottle 0.0285 426 132 437 152
bottle 0.0270 418 128 438 153
bottle 0.0147 451 127 461 155
bottle 0.0146 487 117 499 155
bottle 0.0133 422 134 432 153
bottle 0.0096 234 219 265 258
bottle 0.0086 393 125 407 144
bottle 0.0074 390 138 416 182
bottle 0.0069 399 104 408 119
bottle 0.0068 485 123 494 154
bottle 0.0058 52 129 64 164
bottle 0.0057 437 133 445 153
bottle 0.0048 438 128 449 153
bottle 0.0028 391 124 405 155
bottle 0.0026 396 112 409 141
bottle 0.0025 380 54 391 79
bottle 0.0020 392 102 407 118
bottle 0.0020 383 97 396 115
bottle 0.0019 322 53 350 89
bottle 0.0018 402 124 410 140
bottle 0.0017 360 176 383 200
bottle 0.0015 488 48 499 95
bottle 0.0010 381 99 408 142
chair 0.1107 243 52 388 185
chair 0.0799 388 139 417 194
chair 0.0323 414 168 499 309
chair 0.0282 241 98 319 183
chair 0.0171 11 175 23 184
chair 0.0131 281 102 416 200
chair 0.0123 223 177 313 301
chair 0.0101 295 133 313 152
chair 0.0086 184 39 475 377
chair 0.0081 285 131 305 158
chair 0.0079 322 53 350 89
chair 0.0074 240 144 310 184
chair 0.0048 487 117 499 154
chair 0.0042 451 301 499 368
chair 0.0040 286 108 440 270
chair 0.0033 385 139 496 200
chair 0.0029 370 138 418 242
chair 0.0028 15 151 527 365
chair 0.0027 33 137 64 175
chair 0.0025 290 158 499 370
chair 0.0020 271 115 369 176
chair 0.0018 464 125 486 155
chair 0.0018 391 124 405 155
chair 0.0017 0 345 44 373
chair 0.0014 436 258 498 367
chair 0.0014 127 160 138 170
chair 0.0014 405 294 498 373
chair 0.0010 35 147 51 174
chair 0.0010 83 173 154 364
sofa 0.6301 19 168 506 371
sofa 0.2097 411 168 499 366
sofa 0.1589 220 176 314 290
sofa 0.1504 290 158 499 370
sofa 0.0250 387 138 417 195
sofa 0.0242 116 139 289 371
sofa 0.0021 7 255 422 373
sofa 0.0015 0 323 42 374
sofa 0.0013 454 302 499 368
sofa 0.0013 405 294 498 373
sofa 0.0010 84 157 154 352
pottedplant 0.2977 382 98 409 144
pottedplant 0.0137 399 104 408 119
pottedplant 0.0112 396 120 409 142
pottedplant 0.0068 292 134 312 151
pottedplant 0.0066 383 98 399 116
pottedplant 0.0048 411 126 437 152
pottedplant 0.0030 392 102 407 118
pottedplant 0.0030 385 124 415 196
pottedplant 0.0029 363 100 412 194
pottedplant 0.0025 310 98 413 164
pottedplant 0.0011 393 125 406 144
diningtable 0.0125 407 147 498 178
diningtable 0.0091 385 143 503 195
diningtable 0.0028 191 330 332 372
diningtable 0.0013 387 138 417 195
diningtable 0.0010 418 131 467 158
tvmonitor 0.0027 488 117 498 155
