person 0.0430 282 151 298 167
person 0.0163 259 152 275 165
person 0.0095 253 152 268 163
person 0.0029 248 152 263 162
person 0.0019 8 226 17 236
person 0.0017 302 149 314 162
person 0.0016 278 153 293 167
person 0.0013 300 150 310 164
car 0.9324 202 139 332 204
car 0.0664 0 270 15 322
car 0.0577 0 128 142 323
car 0.0068 0 224 15 321
car 0.0026 305 147 332 185
car 0.0022 5 140 39 330
car 0.0018 0 219 28 321
car 0.0018 6 205 22 265
car 0.0014 319 155 332 183
bus 0.0038 0 128 142 323
bus 0.0019 0 270 15 322
bus 0.0012 438 14 499 51
train 0.0222 0 127 141 325
bird 0.0025 342 118 349 125
