person 0.8559 163 52 480 369
person 0.4531 318 94 498 363
person 0.0031 441 62 467 87
person 0.0010 419 113 499 363
bottle 0.0049 113 274 126 332
bottle 0.0023 93 282 122 336
bottle 0.0023 140 313 162 328
bottle 0.0010 95 309 123 336
chair 0.0036 117 262 177 328
chair 0.0025 156 140 480 370
chair 0.0011 453 189 499 366
chair 0.0011 112 278 126 333
chair 0.0010 330 147 492 369
sofa 0.0041 116 261 177 328
sofa 0.0035 23 215 500 370
diningtable 0.0143 3 329 186 362
diningtable 0.0095 14 340 184 372
diningtable 0.0042 97 332 184 350
diningtable 0.0030 1 284 185 359
diningtable 0.0027 41 331 99 353
diningtable 0.0022 13 299 492 372
tvmonitor 0.0279 116 262 177 330
tvmonitor 0.0118 301 78 347 144
tvmonitor 0.0090 413 25 499 107
tvmonitor 0.0041 0 279 120 337
tvmonitor 0.0033 305 90 334 142
tvmonitor 0.0027 207 55 350 153
tvmonitor 0.0012 82 258 381 360
tvmonitor 0.0012 38 281 98 336
