person 0.5142 172 34 238 196
person 0.4318 348 72 388 162
person 0.1765 231 40 300 115
person 0.1602 225 35 304 211
person 0.1140 328 96 357 143
person 0.0800 153 108 194 184
person 0.0449 188 34 235 94
person 0.0413 296 86 330 125
person 0.0375 328 101 342 128
person 0.0244 311 91 330 122
person 0.0236 339 92 364 143
person 0.0229 291 65 334 122
person 0.0226 385 119 396 136
person 0.0195 341 88 357 119
person 0.0153 310 87 327 107
person 0.0144 321 100 332 122
person 0.0143 400 134 407 151
person 0.0141 283 76 342 184
person 0.0127 378 137 393 162
person 0.0108 309 65 333 109
person 0.0101 330 100 347 123
person 0.0090 290 83 303 104
person 0.0064 407 136 416 150
person 0.0059 355 73 388 119
person 0.0057 289 84 308 119
person 0.0054 341 80 355 107
person 0.0053 181 104 215 179
person 0.0051 333 82 355 117
person 0.0049 383 129 402 150
person 0.0049 326 73 362 154
person 0.0047 316 65 335 93
person 0.0040 301 79 313 101
person 0.0030 384 124 399 141
person 0.0028 333 73 359 106
person 0.0026 358 100 386 158
person 0.0026 327 84 382 180
person 0.0024 332 83 344 100
person 0.0023 311 81 331 103
person 0.0023 155 108 189 150
person 0.0022 283 103 316 141
person 0.0020 384 116 392 133
person 0.0019 167 107 188 124
person 0.0015 248 57 323 148
person 0.0015 230 85 285 195
person 0.0015 386 129 403 143
person 0.0015 150 94 214 264
person 0.0014 323 103 335 131
person 0.0014 290 103 311 121
person 0.0014 284 73 302 111
person 0.0013 357 119 370 145
person 0.0012 166 100 195 125
person 0.0012 189 108 218 141
person 0.0011 189 33 229 68
person 0.0011 365 133 393 162
person 0.0010 257 55 335 201
bicycle 0.0124 377 137 392 163
bicycle 0.0071 169 164 210 264
bicycle 0.0017 152 113 197 187
bicycle 0.0014 382 188 420 232
bicycle 0.0010 194 182 263 310
bicycle 0.0010 188 128 226 195
car 0.6322 424 141 438 152
car 0.1148 385 130 401 141
car 0.0138 378 137 393 162
car 0.0127 382 131 400 147
car 0.0117 384 122 395 139
car 0.0066 408 137 417 148
car 0.0024 400 134 410 149
car 0.0020 291 85 325 121
car 0.0018 152 113 196 185
car 0.0018 290 103 311 121
car 0.0017 401 137 407 150
car 0.0014 395 134 406 151
car 0.0012 415 141 431 151
car 0.0010 358 100 387 159
motorbike 0.8317 273 92 374 247
motorbike 0.8257 163 76 291 312
motorbike 0.7090 327 85 382 182
motorbike 0.4481 378 137 392 163
motorbike 0.0969 365 133 393 162
motorbike 0.0448 335 100 369 144
motorbike 0.0335 350 77 390 163
motorbike 0.0302 361 125 387 158
motorbike 0.0197 176 89 237 224
motorbike 0.0176 169 166 210 264
motorbike 0.0114 152 108 195 185
motorbike 0.0111 335 136 382 180
motorbike 0.0103 346 114 369 146
motorbike 0.0095 384 122 395 139
motorbike 0.0092 385 130 401 141
motorbike 0.0087 382 131 400 147
motorbike 0.0060 357 122 370 146
motorbike 0.0053 230 85 285 195
motorbike 0.0042 150 94 214 264
motorbike 0.0031 401 137 407 150
motorbike 0.0030 173 175 269 309
motorbike 0.0028 388 131 402 155
motorbike 0.0026 152 66 239 195
motorbike 0.0022 188 128 226 195
motorbike 0.0019 193 96 237 185
motorbike 0.0016 186 78 238 141
motorbike 0.0015 180 103 219 181
motorbike 0.0015 291 85 325 121
motorbike 0.0014 328 99 350 139
motorbike 0.0013 289 94 311 121
motorbike 0.0013 340 90 360 123
motorbike 0.0013 272 111 301 193
motorbike 0.0010 407 136 416 150
bus 0.0011 424 140 436 151
bus 0.0010 424 0 496 255
train 0.0010 432 3 497 302
boat 0.0014 385 130 401 140
dog 0.0010 383 189 420 232
horse 0.0052 152 107 194 185
horse 0.0014 153 43 240 196
cow 0.0016 152 107 194 184
