person 0.8641 475 251 499 373
person 0.8598 162 96 220 157
person 0.7977 225 100 276 153
person 0.4578 279 116 334 180
person 0.2350 218 126 243 150
person 0.1662 271 138 293 161
person 0.1409 286 118 332 155
person 0.0670 275 115 298 150
person 0.0358 196 142 214 165
person 0.0328 116 274 125 286
person 0.0292 161 227 177 275
person 0.0277 183 226 194 236
person 0.0266 223 120 244 142
person 0.0245 174 141 216 168
person 0.0242 196 137 220 158
person 0.0217 273 136 291 152
person 0.0177 196 124 242 152
person 0.0159 298 125 333 170
person 0.0131 297 180 316 199
person 0.0089 91 274 101 284
person 0.0087 280 117 311 151
person 0.0087 88 274 96 284
person 0.0083 225 113 244 135
person 0.0082 367 262 375 273
person 0.0079 96 273 110 284
person 0.0074 206 138 219 152
person 0.0065 118 272 129 287
person 0.0060 245 123 273 153
person 0.0051 173 146 200 168
person 0.0049 219 126 238 140
person 0.0049 164 136 216 200
person 0.0046 194 136 246 168
person 0.0040 278 115 289 147
person 0.0037 224 107 261 133
person 0.0037 77 274 89 284
person 0.0036 177 225 192 240
person 0.0035 293 225 309 238
person 0.0035 458 260 466 269
person 0.0029 270 139 323 173
person 0.0026 305 133 334 278
person 0.0026 162 119 195 158
person 0.0024 474 259 482 270
person 0.0023 191 127 272 164
person 0.0021 291 151 322 200
person 0.0021 168 158 203 202
person 0.0020 208 101 220 125
person 0.0020 417 256 424 268
person 0.0019 486 275 499 364
person 0.0018 369 261 379 273
person 0.0017 424 260 437 269
person 0.0016 286 135 333 201
person 0.0015 420 261 430 269
person 0.0015 182 225 200 240
person 0.0015 476 253 499 311
person 0.0015 296 173 324 199
person 0.0014 491 252 499 273
person 0.0014 403 261 411 270
person 0.0013 476 258 486 271
person 0.0012 479 281 498 332
person 0.0012 176 223 210 264
person 0.0012 450 260 460 268
person 0.0012 301 134 332 155
person 0.0012 375 253 382 260
person 0.0010 130 270 141 287
person 0.0010 487 254 499 282
bicycle 0.0041 225 119 272 154
bicycle 0.0032 190 128 283 163
bicycle 0.0031 197 126 244 152
bicycle 0.0012 367 262 375 274
car 0.9349 45 263 152 331
car 0.1385 426 261 443 269
car 0.0207 423 262 436 269
car 0.0116 157 131 336 354
car 0.0091 0 260 26 271
car 0.0061 432 260 445 268
car 0.0053 420 261 430 269
car 0.0022 434 262 449 270
car 0.0020 415 261 423 269
car 0.0019 450 260 460 268
car 0.0018 161 228 176 278
car 0.0017 115 256 140 268
car 0.0015 163 139 320 204
car 0.0013 197 126 244 152
car 0.0012 436 256 454 265
car 0.0010 114 272 125 287
motorbike 0.0307 199 126 244 152
motorbike 0.0139 191 127 272 164
motorbike 0.0041 218 114 274 155
motorbike 0.0012 175 134 320 182
motorbike 0.0011 190 138 223 165
bus 0.0376 157 131 336 354
boat 0.0036 158 127 337 330
boat 0.0017 0 260 26 271
boat 0.0013 184 127 326 185
bird 0.0013 293 225 309 238
cat 0.0014 209 213 281 265
dog 0.0017 226 111 267 146
dog 0.0010 225 113 250 142
dog 0.0010 201 126 243 151
horse 0.0012 402 260 410 270
chair 0.0036 225 119 272 154
chair 0.0012 208 101 220 125
chair 0.0010 201 126 243 151
