person 0.7618 391 167 423 221
person 0.4972 436 179 459 207
person 0.3795 414 179 460 235
person 0.1007 437 177 460 243
person 0.0092 417 182 426 204
person 0.0081 429 181 440 205
person 0.0034 478 203 498 243
person 0.0027 396 178 421 204
person 0.0020 390 192 419 231
person 0.0017 76 0 129 75
person 0.0017 420 184 435 205
person 0.0013 418 178 448 206
person 0.0012 230 169 479 279
person 0.0012 446 176 469 198
person 0.0010 393 169 415 194
bicycle 0.1013 481 203 499 240
bicycle 0.0279 466 206 498 245
bicycle 0.0071 390 195 416 231
bicycle 0.0051 424 205 449 261
bicycle 0.0042 410 209 433 234
bicycle 0.0024 464 218 491 243
bicycle 0.0010 407 210 441 250
car 0.0029 411 205 434 229
motorbike 0.6857 390 193 419 231
motorbike 0.0158 394 206 435 268
motorbike 0.0103 410 205 434 230
motorbike 0.0038 391 195 414 216
motorbike 0.0037 482 203 499 235
motorbike 0.0031 401 198 421 229
motorbike 0.0021 391 201 407 230
motorbike 0.0021 469 202 499 245
motorbike 0.0019 407 183 422 205
train 0.0990 226 130 379 238
train 0.0031 0 107 443 260
train 0.0020 282 163 375 226
train 0.0015 -5 -6 457 300
bird 0.0511 79 31 109 71
bird 0.0168 79 37 99 64
bird 0.0025 79 0 109 12
bird 0.0022 68 1 142 77
bird 0.0011 56 174 110 212
cat 0.0011 80 31 109 73
horse 0.0028 57 174 110 212
chair 0.0507 441 202 489 274
chair 0.0274 399 200 486 274
chair 0.0196 478 203 498 243
chair 0.0183 456 200 494 248
chair 0.0165 399 215 439 273
chair 0.0163 398 236 429 273
chair 0.0105 444 238 480 273
chair 0.0093 425 205 447 259
chair 0.0074 458 217 491 256
chair 0.0049 407 210 441 250
chair 0.0047 444 195 464 233
chair 0.0041 435 205 452 257
chair 0.0039 485 204 499 233
chair 0.0033 448 200 477 236
chair 0.0031 456 210 489 234
chair 0.0022 409 215 433 240
chair 0.0020 467 215 493 245
chair 0.0020 461 198 486 227
chair 0.0017 414 180 459 236
chair 0.0010 460 199 469 226
chair 0.0010 411 205 434 229
sofa 0.0013 398 201 487 274
pottedplant 0.0072 341 104 357 132
pottedplant 0.0039 347 104 360 129
pottedplant 0.0017 474 205 497 243
pottedplant 0.0012 352 105 361 124
diningtable 0.0091 456 198 497 245
diningtable 0.0069 411 205 434 229
diningtable 0.0058 411 201 449 228
diningtable 0.0056 464 218 491 243
diningtable 0.0056 424 205 451 250
diningtable 0.0043 412 182 459 228
diningtable 0.0039 414 206 445 243
diningtable 0.0037 479 202 498 242
diningtable 0.0028 440 203 454 240
diningtable 0.0028 410 214 433 240
diningtable 0.0022 439 199 489 272
diningtable 0.0015 456 210 489 234
diningtable 0.0014 461 198 486 227
diningtable 0.0014 443 197 464 238
tvmonitor 0.0012 370 29 477 104
