person 0.8910 170 171 290 356
person 0.0173 110 70 127 94
person 0.0139 248 35 284 67
person 0.0096 291 56 304 74
person 0.0093 116 67 141 100
person 0.0074 123 66 139 85
person 0.0054 114 69 129 85
person 0.0050 156 52 184 98
person 0.0038 290 56 310 82
person 0.0024 9 248 21 268
person 0.0023 244 34 287 91
person 0.0020 139 58 163 98
person 0.0012 0 255 11 270
car 0.0013 111 58 143 85
car 0.0011 77 85 106 105
bird 0.2012 48 273 70 287
bird 0.1931 5 247 23 268
bird 0.1323 0 255 12 270
bird 0.1147 15 247 31 264
bird 0.0634 60 297 73 310
bird 0.0538 39 295 58 312
bird 0.0412 59 288 74 309
bird 0.0091 39 296 50 310
bird 0.0089 37 284 51 294
bird 0.0079 134 318 156 338
bird 0.0069 48 295 68 311
bird 0.0055 37 288 63 307
bird 0.0039 55 285 73 300
bird 0.0032 100 285 128 325
bird 0.0031 68 251 86 271
bird 0.0030 82 283 100 299
bird 0.0022 93 327 118 345
bird 0.0019 0 245 31 272
bird 0.0017 82 0 113 7
bird 0.0017 71 271 92 301
bird 0.0010 95 284 133 345
cat 0.0040 0 246 26 270
cat 0.0025 248 35 284 67
cat 0.0017 183 65 238 96
cat 0.0011 0 253 12 270
dog 0.0018 139 57 162 99
dog 0.0015 183 65 234 96
dog 0.0014 156 53 184 98
dog 0.0011 82 58 100 73
bottle 0.0022 16 72 26 95
bottle 0.0016 0 50 26 94
bottle 0.0015 1 66 18 94
bottle 0.0013 0 64 11 95
bottle 0.0011 356 38 390 92
bottle 0.0011 349 297 359 311
chair 0.1663 461 144 498 250
chair 0.0461 378 70 487 304
chair 0.0198 381 68 482 197
chair 0.0110 280 64 485 313
chair 0.0014 386 9 499 109
sofa 0.3832 461 144 499 254
sofa 0.1025 370 70 483 305
sofa 0.0209 240 65 479 310
sofa 0.0080 381 68 482 197
sofa 0.0028 385 0 498 110
pottedplant 0.7927 274 228 369 313
pottedplant 0.4742 335 0 405 93
pottedplant 0.3921 66 175 228 314
pottedplant 0.2111 335 261 370 310
pottedplant 0.1248 300 51 371 93
pottedplant 0.0356 0 44 27 95
pottedplant 0.0212 136 179 228 293
pottedplant 0.0095 338 283 364 310
pottedplant 0.0088 301 276 336 314
pottedplant 0.0068 62 194 143 319
pottedplant 0.0059 243 0 333 45
pottedplant 0.0055 387 -1 499 106
pottedplant 0.0051 134 318 157 338
pottedplant 0.0043 147 177 228 234
pottedplant 0.0038 4 176 252 366
pottedplant 0.0031 349 297 359 311
pottedplant 0.0028 275 249 310 306
pottedplant 0.0027 285 36 329 89
pottedplant 0.0022 295 0 330 35
pottedplant 0.0021 48 273 66 285
pottedplant 0.0020 78 179 150 253
pottedplant 0.0018 324 246 350 299
pottedplant 0.0016 339 55 370 91
pottedplant 0.0016 354 262 370 301
pottedplant 0.0016 0 59 8 90
pottedplant 0.0014 289 37 400 106
pottedplant 0.0014 60 297 73 310
pottedplant 0.0014 62 246 137 335
pottedplant 0.0014 180 281 200 309
pottedplant 0.0013 277 1 486 206
pottedplant 0.0013 340 69 358 92
pottedplant 0.0012 244 0 287 36
pottedplant 0.0012 245 20 283 64
pottedplant 0.0011 393 0 497 35
pottedplant 0.0011 189 187 232 238
pottedplant 0.0010 160 178 187 202
pottedplant 0.0010 319 84 350 94
