person 0.9146 178 209 321 469
person 0.9067 2 325 58 447
person 0.7138 130 323 185 411
person 0.1281 320 360 331 376
person 0.0532 305 360 314 376
person 0.0175 308 351 317 375
person 0.0166 325 355 336 375
person 0.0162 311 354 321 375
person 0.0116 73 387 95 426
person 0.0102 322 355 340 379
person 0.0069 53 387 97 434
person 0.0068 334 351 351 379
person 0.0045 329 352 344 372
person 0.0040 310 349 318 368
person 0.0033 174 353 214 401
person 0.0032 313 353 330 378
person 0.0030 74 387 88 414
person 0.0029 321 353 376 402
person 0.0014 336 351 348 367
person 0.0013 129 336 152 381
person 0.0013 370 356 379 403
person 0.0012 169 346 195 371
person 0.0011 273 377 289 395
person 0.0011 313 358 355 396
person 0.0010 270 342 369 446
bicycle 0.8564 158 317 371 493
bicycle 0.8258 129 364 176 447
bicycle 0.8215 10 379 59 470
bicycle 0.2158 331 351 378 411
bicycle 0.0162 47 392 75 435
bicycle 0.0156 55 387 96 434
bicycle 0.0141 336 355 373 389
bicycle 0.0131 348 353 376 379
bicycle 0.0131 16 383 41 470
bicycle 0.0129 348 370 378 410
bicycle 0.0083 173 363 213 397
bicycle 0.0076 154 370 177 408
bicycle 0.0071 368 356 379 409
bicycle 0.0069 334 351 357 382
bicycle 0.0068 328 355 378 459
bicycle 0.0065 47 397 65 431
bicycle 0.0050 159 371 214 464
bicycle 0.0048 129 375 155 430
bicycle 0.0045 39 403 60 460
bicycle 0.0044 160 365 212 415
bicycle 0.0036 76 390 97 433
bicycle 0.0031 55 419 77 436
bicycle 0.0031 329 352 344 372
bicycle 0.0021 166 395 211 440
bicycle 0.0020 267 382 368 493
bicycle 0.0019 164 372 179 401
bicycle 0.0019 336 352 348 371
bicycle 0.0018 168 372 184 403
bicycle 0.0018 27 378 59 439
bicycle 0.0016 223 334 372 454
bicycle 0.0015 313 353 330 378
bicycle 0.0014 289 344 377 478
bicycle 0.0013 371 355 379 388
bicycle 0.0013 52 387 87 413
bicycle 0.0013 313 355 359 400
bicycle 0.0013 43 384 60 424
bicycle 0.0013 325 355 336 375
bicycle 0.0013 322 355 340 379
bicycle 0.0012 132 362 167 394
bicycle 0.0011 161 356 189 399
bicycle 0.0010 132 394 151 424
motorbike 0.7105 158 320 372 495
motorbike 0.1120 323 350 378 410
motorbike 0.0207 53 387 98 434
motorbike 0.0131 329 352 358 384
motorbike 0.0115 223 334 372 454
motorbike 0.0047 334 351 351 379
motorbike 0.0044 320 356 350 383
motorbike 0.0030 129 364 176 447
motorbike 0.0029 289 344 377 478
motorbike 0.0026 320 356 331 376
motorbike 0.0026 336 355 373 389
motorbike 0.0024 313 355 359 400
motorbike 0.0023 346 352 378 378
motorbike 0.0018 11 378 59 469
motorbike 0.0018 174 364 214 397
motorbike 0.0014 164 359 201 397
motorbike 0.0014 329 352 344 372
motorbike 0.0012 46 387 73 435
dog 0.0011 60 385 97 434
dog 0.0010 77 395 98 433
horse 0.0037 53 387 94 431
horse 0.0011 158 320 372 495
bottle 0.0019 64 420 77 435
chair 0.0052 55 387 96 434
chair 0.0052 129 363 176 447
chair 0.0015 339 355 378 413
chair 0.0011 49 388 74 429
