person 0.9250 307 52 400 324
person 0.8932 86 72 180 328
person 0.8846 236 62 328 331
person 0.8756 159 83 242 334
person 0.8056 207 60 257 319
person 0.0969 208 59 255 181
person 0.0029 166 85 238 212
person 0.0026 217 158 253 320
person 0.0026 153 180 180 233
person 0.0023 312 160 327 216
person 0.0020 307 95 332 278
person 0.0020 152 176 183 279
person 0.0017 166 118 197 162
person 0.0017 171 98 196 140
person 0.0015 150 91 189 306
person 0.0013 84 94 127 308
person 0.0012 185 88 196 110
person 0.0011 177 86 226 167
person 0.0011 175 119 191 136
person 0.0011 184 88 196 129
person 0.0010 306 168 323 214
person 0.0010 104 85 169 206
bird 0.0011 169 129 231 207
bottle 0.0104 359 175 368 185
bottle 0.0070 359 168 386 200
bottle 0.0053 359 170 370 187
bottle 0.0048 235 306 256 334
bottle 0.0021 171 184 186 209
bottle 0.0017 178 185 209 206
bottle 0.0015 312 177 325 216
bottle 0.0015 178 174 220 208
bottle 0.0011 239 289 257 313
bottle 0.0011 237 318 255 333
