person 0.9165 0 54 202 371
person 0.8500 231 159 488 370
person 0.1060 5 49 413 373
person 0.0225 92 201 373 366
person 0.0103 209 266 360 372
person 0.0050 0 255 107 367
person 0.0047 422 209 499 375
person 0.0033 109 0 187 56
person 0.0031 137 245 199 372
person 0.0028 2 267 95 323
person 0.0026 107 126 194 291
person 0.0025 14 9 47 61
person 0.0023 438 279 499 374
person 0.0021 0 159 50 278
person 0.0012 159 14 176 54
person 0.0011 1 119 116 368
person 0.0010 157 0 187 55
bottle 0.0811 106 38 114 57
bottle 0.0584 56 12 81 58
bottle 0.0168 104 23 125 57
bottle 0.0144 157 0 187 55
bottle 0.0094 58 240 95 316
bottle 0.0072 126 7 167 58
bottle 0.0055 115 0 188 56
bottle 0.0053 14 9 47 61
bottle 0.0036 95 48 104 58
bottle 0.0031 159 13 176 54
bottle 0.0028 44 238 97 355
bottle 0.0022 87 48 98 58
bottle 0.0020 55 239 93 282
bottle 0.0017 128 32 148 56
bottle 0.0016 111 31 127 56
bottle 0.0011 101 1 131 56
chair 0.1165 179 200 356 344
chair 0.0576 421 211 498 371
chair 0.0367 203 200 501 372
chair 0.0094 483 320 499 375
chair 0.0048 437 281 499 373
chair 0.0044 274 267 347 324
chair 0.0042 391 261 469 372
chair 0.0028 423 219 494 280
chair 0.0026 316 252 468 373
chair 0.0019 217 267 369 361
chair 0.0017 3 187 375 370
chair 0.0015 0 159 50 278
chair 0.0014 421 262 461 343
chair 0.0012 48 238 95 320
sofa 0.3760 -16 199 505 372
sofa 0.1466 421 210 499 370
sofa 0.1229 183 202 349 322
sofa 0.0773 214 178 487 372
sofa 0.0071 423 208 499 292
sofa 0.0049 272 269 360 326
sofa 0.0020 209 266 360 372
sofa 0.0013 -3 32 492 371
sofa 0.0012 124 133 472 333
sofa 0.0012 0 159 49 274
sofa 0.0011 328 210 498 372
pottedplant 0.0289 14 9 47 61
pottedplant 0.0010 108 0 179 57
