person 0.6118 159 222 178 252
person 0.3165 158 235 182 254
person 0.2458 157 240 169 251
person 0.0436 77 252 83 260
person 0.0052 8 88 17 110
person 0.0049 0 89 9 116
person 0.0031 238 61 255 97
person 0.0031 239 79 255 96
person 0.0026 157 241 197 256
person 0.0026 0 100 8 117
person 0.0021 178 235 190 248
person 0.0020 2 90 26 116
person 0.0016 194 210 202 224
person 0.0015 192 211 200 230
person 0.0014 151 246 182 259
person 0.0011 157 81 164 90
car 0.0239 31 218 56 228
car 0.0016 1 91 33 116
boat 0.7613 290 241 316 266
boat 0.5455 159 48 202 258
boat 0.4176 149 248 198 261
boat 0.0595 156 243 181 254
boat 0.0185 150 238 193 256
boat 0.0123 167 248 197 258
boat 0.0031 148 242 319 268
boat 0.0030 157 240 169 251
boat 0.0026 31 218 56 227
boat 0.0017 22 42 209 269
boat 0.0016 150 113 195 253
boat 0.0013 150 250 176 260
boat 0.0012 161 214 195 254
boat 0.0011 173 169 196 242
boat 0.0010 158 224 176 251
bird 0.0109 77 252 83 260
bird 0.0107 31 218 56 227
bird 0.0014 240 80 255 96
dog 0.0010 31 218 56 228
cow 0.0019 31 218 56 228
