person 0.8640 470 274 498 342
person 0.7050 410 280 419 308
person 0.3938 124 261 159 292
person 0.3914 289 268 308 299
person 0.2287 303 281 317 304
person 0.1312 145 254 166 290
person 0.0558 303 281 335 306
person 0.0204 282 274 295 293
person 0.0194 265 290 286 303
person 0.0192 261 290 276 303
person 0.0175 222 287 235 301
person 0.0173 149 256 183 294
person 0.0158 327 280 339 304
person 0.0141 312 281 333 299
person 0.0131 280 252 312 302
person 0.0105 189 288 204 305
person 0.0104 372 283 387 294
person 0.0104 281 273 301 298
person 0.0103 315 274 339 302
person 0.0090 241 289 252 302
person 0.0082 205 283 238 303
person 0.0067 244 288 259 302
person 0.0062 235 288 248 301
person 0.0059 281 266 297 289
person 0.0053 154 269 187 297
person 0.0053 490 292 499 317
person 0.0048 121 272 139 289
person 0.0046 281 283 301 303
person 0.0045 471 298 491 339
person 0.0042 319 289 337 306
person 0.0041 261 243 314 299
person 0.0036 169 277 188 299
person 0.0035 349 299 357 312
person 0.0029 185 278 195 302
person 0.0029 241 285 276 303
person 0.0029 229 287 247 299
person 0.0028 257 292 269 303
person 0.0025 342 298 350 307
person 0.0023 264 263 282 276
person 0.0021 129 262 148 283
person 0.0019 228 250 252 276
person 0.0018 241 276 347 314
person 0.0017 303 272 315 294
person 0.0016 119 262 136 288
person 0.0016 272 261 293 274
person 0.0014 215 241 314 290
person 0.0011 150 248 165 277
person 0.0010 135 252 158 278
person 0.0010 216 288 232 303
person 0.0010 141 243 162 276
bicycle 0.1218 191 312 221 339
bicycle 0.0085 178 309 212 339
bicycle 0.0035 190 288 204 305
bicycle 0.0011 124 311 213 342
car 0.9005 198 281 355 340
car 0.0399 202 283 231 303
car 0.0142 190 289 205 305
car 0.0125 300 276 345 309
car 0.0114 303 288 336 307
car 0.0071 312 297 335 308
car 0.0061 197 252 215 268
car 0.0035 197 287 213 303
car 0.0022 489 293 499 314
car 0.0022 154 274 188 298
car 0.0021 201 275 231 296
car 0.0020 211 243 312 281
car 0.0017 169 277 188 299
car 0.0015 231 276 270 285
car 0.0015 287 269 317 300
car 0.0013 313 282 337 302
car 0.0011 154 250 201 301
car 0.0010 195 241 207 251
car 0.0010 191 312 221 339
car 0.0010 200 249 232 269
motorbike 0.0111 189 310 224 339
motorbike 0.0012 190 288 204 305
bus 0.9479 0 159 215 355
bus 0.0793 211 241 312 283
bus 0.0094 161 239 318 293
bus 0.0035 209 246 354 305
bus 0.0034 197 251 216 269
bus 0.0018 208 238 303 256
bus 0.0010 424 266 498 321
train 0.0067 215 243 312 283
boat 0.0048 211 241 312 283
horse 0.0015 300 275 340 308
chair 0.0749 56 8 82 44
chair 0.0045 32 8 58 45
chair 0.0027 121 272 139 289
chair 0.0017 5 77 29 113
chair 0.0011 121 275 160 297
pottedplant 0.0011 370 283 386 294
