bird 0.0012 480 168 494 199
dog 0.0013 155 152 202 178
sheep 0.9550 415 128 499 208
sheep 0.9325 273 129 395 217
sheep 0.9288 433 94 499 139
sheep 0.9222 332 110 407 167
sheep 0.9051 99 169 234 250
sheep 0.8891 267 95 323 145
sheep 0.8651 196 145 283 221
sheep 0.3886 154 152 199 179
sheep 0.3241 159 153 237 228
sheep 0.0086 160 151 222 174
sheep 0.0084 470 129 499 201
sheep 0.0080 433 95 455 114
sheep 0.0076 332 112 351 132
sheep 0.0061 487 103 499 129
sheep 0.0059 283 95 298 107
sheep 0.0042 273 95 297 111
sheep 0.0038 103 159 191 210
sheep 0.0031 282 96 320 108
sheep 0.0025 267 99 280 115
sheep 0.0020 467 99 500 130
sheep 0.0018 301 99 323 118
sheep 0.0017 297 97 321 107
sheep 0.0017 302 99 324 138
sheep 0.0011 310 128 347 146
sheep 0.0010 199 146 269 163
cow 0.0023 434 96 499 137
