person 0.5018 409 117 437 180
person 0.0349 205 151 241 182
person 0.0321 446 153 463 176
person 0.0210 461 151 473 175
person 0.0156 444 153 455 176
person 0.0067 440 148 475 176
person 0.0065 303 131 316 147
person 0.0059 457 142 476 175
person 0.0049 471 154 482 175
person 0.0034 471 137 483 176
person 0.0031 343 147 355 156
person 0.0022 302 131 313 142
person 0.0019 419 130 439 177
person 0.0016 330 146 341 153
person 0.0015 411 122 468 178
person 0.0014 485 162 499 175
person 0.0014 191 0 206 16
person 0.0010 473 162 485 175
person 0.0010 278 134 288 144
person 0.0010 332 145 349 154
car 0.0106 435 150 453 173
car 0.0100 343 147 355 156
car 0.0076 332 145 349 154
car 0.0075 330 146 341 153
car 0.0028 0 169 512 335
car 0.0026 446 153 463 176
car 0.0022 435 148 468 176
car 0.0016 255 138 276 145
car 0.0010 481 157 499 173
train 0.0012 279 141 381 167
bird 0.8841 75 134 131 184
bird 0.7887 206 150 241 182
bird 0.0248 3 134 132 188
bird 0.0129 100 149 252 185
bird 0.0074 59 130 286 184
bird 0.0019 408 118 438 179
bird 0.0018 224 156 240 172
bird 0.0016 12 115 476 231
cat 0.0044 409 118 438 179
dog 0.0438 446 153 463 175
dog 0.0412 409 119 438 179
dog 0.0033 444 153 455 176
dog 0.0020 205 151 241 182
dog 0.0019 459 149 474 175
dog 0.0015 440 148 475 176
dog 0.0014 435 152 451 175
horse 0.5146 409 118 438 180
horse 0.0314 427 138 479 178
horse 0.0219 436 151 464 175
horse 0.0056 419 130 439 177
horse 0.0030 447 149 475 176
horse 0.0020 439 154 453 176
horse 0.0012 409 118 493 178
horse 0.0012 414 145 430 176
sheep 0.0026 445 153 463 176
sheep 0.0022 205 151 241 182
sheep 0.0019 409 119 438 179
cow 0.0114 409 118 438 179
cow 0.0016 444 151 468 176
cow 0.0013 420 141 475 175
chair 0.0447 446 153 463 176
chair 0.0103 447 149 475 176
chair 0.0070 461 151 473 175
chair 0.0045 486 161 499 175
chair 0.0040 444 153 455 176
chair 0.0034 471 154 481 175
chair 0.0029 473 162 485 175
chair 0.0028 344 147 356 156
chair 0.0020 482 164 495 176
chair 0.0018 471 137 483 176
chair 0.0013 436 153 450 175
chair 0.0010 478 156 499 175
pottedplant 0.0031 457 142 476 175
pottedplant 0.0018 470 138 484 172
diningtable 0.0101 1 166 514 332
diningtable 0.0013 480 158 499 175
