person 0.0011 170 167 366 243
bicycle 0.0398 70 75 303 267
bicycle 0.0388 213 145 300 244
bicycle 0.0178 112 145 323 254
bicycle 0.0079 202 168 367 243
bicycle 0.0024 78 82 155 240
bicycle 0.0014 23 60 329 359
cat 0.0015 184 9 237 68
cat 0.0014 67 13 312 421
bottle 0.5204 116 26 248 451
bottle 0.0056 197 101 224 181
bottle 0.0038 258 155 280 177
bottle 0.0033 196 57 239 182
bottle 0.0030 245 143 300 178
bottle 0.0018 183 9 237 65
bottle 0.0015 180 86 223 251
bottle 0.0012 245 145 258 172
bottle 0.0011 115 91 275 285
bottle 0.0011 218 150 279 229
chair 0.4230 91 172 149 243
chair 0.3585 275 172 374 245
chair 0.1231 214 145 301 243
chair 0.0190 70 75 303 267
chair 0.0054 67 13 312 421
chair 0.0054 246 143 302 178
chair 0.0050 113 193 146 245
chair 0.0041 78 83 166 246
chair 0.0039 112 145 323 254
chair 0.0027 218 160 278 225
chair 0.0013 197 114 221 185
chair 0.0012 194 42 303 255
chair 0.0011 224 168 352 244
sofa 0.3508 277 173 374 244
sofa 0.0084 170 167 366 243
pottedplant 0.0263 76 19 291 311
pottedplant 0.0142 81 68 249 253
pottedplant 0.0116 78 83 166 246
pottedplant 0.0043 216 144 303 237
pottedplant 0.0017 25 11 337 462
pottedplant 0.0012 196 57 241 182
diningtable 0.8689 -1 237 375 498
diningtable 0.0112 238 241 372 306
diningtable 0.0083 0 241 156 492
diningtable 0.0072 0 241 122 302
diningtable 0.0062 20 20 361 457
diningtable 0.0039 278 170 371 244
diningtable 0.0025 233 240 375 494
diningtable 0.0012 -2 399 405 496
diningtable 0.0010 51 134 376 269
