person 0.9438 54 38 265 370
person 0.8840 380 103 499 370
person 0.8435 284 108 416 304
person 0.8340 0 67 85 371
person 0.8087 206 90 294 366
person 0.6487 399 9 499 156
person 0.2069 267 109 491 370
person 0.0994 271 290 400 372
person 0.0837 5 117 74 289
person 0.0301 268 198 410 367
person 0.0180 433 46 499 360
person 0.0094 400 87 450 146
person 0.0084 455 8 499 130
person 0.0066 400 54 474 146
person 0.0065 242 167 281 365
person 0.0047 0 65 40 211
person 0.0045 462 28 499 244
person 0.0030 391 87 463 191
person 0.0025 465 99 499 167
person 0.0022 247 257 277 367
person 0.0021 11 237 63 369
person 0.0019 0 95 37 287
person 0.0018 0 291 38 371
person 0.0017 228 278 262 369
person 0.0011 125 119 374 371
person 0.0011 258 158 318 296
person 0.0010 131 151 180 343
person 0.0010 474 85 497 256
person 0.0010 206 91 291 202
bottle 0.0019 131 151 180 343
bottle 0.0019 315 164 329 176
bottle 0.0019 126 242 148 313
bottle 0.0012 169 252 181 276
bottle 0.0012 248 182 258 191
chair 0.0909 266 234 388 372
chair 0.0536 269 236 315 299
chair 0.0215 0 292 38 372
chair 0.0087 361 294 399 314
chair 0.0081 378 153 397 183
chair 0.0048 228 291 261 372
chair 0.0047 264 127 450 370
chair 0.0043 71 291 105 371
chair 0.0035 1 118 92 364
chair 0.0033 278 291 400 373
chair 0.0025 245 171 315 300
chair 0.0023 265 236 313 363
chair 0.0016 22 250 83 372
chair 0.0014 247 257 277 367
chair 0.0013 359 295 398 362
chair 0.0012 10 222 42 242
chair 0.0012 401 87 447 139
chair 0.0011 233 276 261 333
chair 0.0011 268 280 500 372
chair 0.0010 243 276 256 306
sofa 0.3537 266 236 397 371
sofa 0.0605 3 227 446 374
sofa 0.0166 269 238 315 298
sofa 0.0139 267 162 464 371
sofa 0.0086 268 280 500 372
sofa 0.0047 361 294 399 314
sofa 0.0044 125 119 374 371
sofa 0.0034 359 292 399 350
sofa 0.0012 228 289 261 372
sofa 0.0010 5 117 74 289
diningtable 0.0020 -28 231 465 373
