person 0.0059 -5 1 504 377
car 0.0018 15 359 169 373
cat 0.0037 90 46 334 339
dog 0.8407 98 52 348 327
bottle 0.0010 429 0 467 25
chair 0.0036 0 1 411 372
chair 0.0035 0 239 170 370
chair 0.0021 9 -2 489 205
chair 0.0019 390 -4 499 126
chair 0.0016 10 359 168 373
sofa 0.7580 0 -1 487 376
sofa 0.0145 0 6 203 368
sofa 0.0019 20 0 475 172
sofa 0.0015 90 0 275 66
sofa 0.0015 1 0 330 271
diningtable 0.0044 0 235 169 371
diningtable 0.0033 -3 5 505 371
diningtable 0.0026 15 359 169 373
tvmonitor 0.0224 390 -1 499 125
