person 0.9156 9 5 316 500
person 0.0034 162 114 247 159
person 0.0034 243 224 320 486
person 0.0028 134 412 244 497
person 0.0024 18 0 243 313
person 0.0018 152 31 326 490
bird 0.0014 161 116 242 158
bottle 0.1018 129 120 248 477
bottle 0.0087 153 104 252 342
bottle 0.0048 173 151 237 328
bottle 0.0045 165 115 248 161
bottle 0.0045 189 148 238 225
bottle 0.0033 198 258 258 500
bottle 0.0029 210 119 244 189
bottle 0.0025 103 244 276 508
bottle 0.0018 134 412 243 497
bottle 0.0015 128 370 177 430
bottle 0.0015 188 232 227 295
bottle 0.0012 196 159 225 199
bottle 0.0010 189 158 217 218
bottle 0.0010 162 113 248 210
chair 0.0040 20 120 324 490
chair 0.0014 238 217 321 479
