person 0.0017 458 272 466 285
person 0.0014 406 255 418 266
bird 0.0994 135 270 165 298
bird 0.0507 406 255 417 266
bird 0.0119 135 258 194 298
bird 0.0023 22 192 54 223
bird 0.0023 458 272 466 285
dog 0.0132 56 187 92 214
dog 0.0096 42 216 127 266
dog 0.0095 80 156 107 182
dog 0.0029 406 255 417 266
dog 0.0013 206 162 238 209
dog 0.0012 21 192 55 223
dog 0.0011 135 270 165 298
horse 0.0164 81 156 107 182
horse 0.0131 207 162 238 210
horse 0.0019 482 159 499 187
horse 0.0015 236 137 255 163
horse 0.0012 42 216 127 266
horse 0.0011 56 187 92 213
horse 0.0011 399 139 418 149
sheep 0.0394 80 156 106 181
sheep 0.0351 134 269 166 298
sheep 0.0116 406 255 418 266
sheep 0.0049 49 217 123 267
sheep 0.0047 207 162 238 209
sheep 0.0042 482 159 499 187
sheep 0.0031 458 149 495 172
sheep 0.0029 478 154 498 177
sheep 0.0026 56 187 92 213
sheep 0.0015 134 254 207 299
sheep 0.0015 23 192 54 212
sheep 0.0010 236 139 254 163
cow 0.8711 44 217 126 269
cow 0.8626 206 162 238 211
cow 0.8304 458 150 497 187
cow 0.7826 80 156 107 183
cow 0.7368 21 192 55 223
cow 0.6912 56 187 92 214
cow 0.1980 481 158 499 187
cow 0.0566 458 150 478 161
cow 0.0403 134 265 169 298
cow 0.0332 135 258 194 298
cow 0.0239 236 138 254 162
cow 0.0124 456 149 474 181
cow 0.0114 400 139 420 150
cow 0.0094 453 140 480 151
cow 0.0065 458 150 491 167
cow 0.0051 406 255 417 266
cow 0.0035 42 217 66 235
cow 0.0029 237 138 281 176
cow 0.0027 266 149 281 176
cow 0.0020 456 161 470 182
cow 0.0015 478 154 498 177
cow 0.0014 270 157 297 175
cow 0.0014 418 136 434 149
cow 0.0011 51 217 112 242
bottle 0.0011 135 269 166 298
chair 0.0030 71 349 121 374
pottedplant 0.0060 58 237 205 373
pottedplant 0.0027 70 349 121 373
pottedplant 0.0014 66 270 164 371
pottedplant 0.0010 12 224 144 377
