person 0.0017 304 229 342 251
person 0.0016 325 230 340 250
bicycle 0.0083 282 206 362 306
bicycle 0.0053 294 226 343 252
car 0.0060 5 -19 490 334
car 0.0053 280 206 360 304
car 0.0024 291 254 340 303
car 0.0010 -8 296 503 354
motorbike 0.0010 4 -2 487 309
aeroplane 0.0011 4 -2 487 309
bus 0.0486 3 -4 484 307
bus 0.0022 280 206 360 304
train 0.3299 0 -2 489 326
train 0.0022 280 205 359 263
boat 0.0083 8 214 453 344
boat 0.0016 2 -28 491 338
boat 0.0012 7 273 491 352
bottle 0.5369 160 208 202 304
bottle 0.3259 220 220 253 305
bottle 0.1771 257 206 293 306
bottle 0.0307 197 218 225 304
bottle 0.0191 198 248 219 305
bottle 0.0159 258 202 353 306
bottle 0.0055 291 259 339 303
bottle 0.0035 187 212 225 252
bottle 0.0024 191 210 244 286
bottle 0.0024 280 205 359 263
bottle 0.0021 248 202 275 305
bottle 0.0012 22 240 245 315
bottle 0.0011 304 228 342 251
diningtable 0.0053 1 241 489 353
diningtable 0.0034 -8 296 503 354
