person 0.7668 446 298 462 347
person 0.7457 483 310 499 374
person 0.0128 118 230 133 240
person 0.0060 484 314 497 342
person 0.0023 448 299 460 319
person 0.0021 350 364 372 373
person 0.0021 423 304 430 332
person 0.0019 480 320 491 355
person 0.0017 361 365 372 373
person 0.0014 282 260 290 284
person 0.0012 481 331 490 345
person 0.0011 483 331 493 360
aeroplane 0.0132 146 10 454 345
aeroplane 0.0056 143 142 331 361
aeroplane 0.0019 227 77 499 374
aeroplane 0.0016 129 203 453 370
train 0.0043 135 156 466 370
train 0.0042 245 250 291 317
train 0.0034 158 235 294 319
train 0.0016 130 225 318 366
train 0.0012 147 55 355 352
boat 0.0106 130 225 318 366
boat 0.0046 116 220 475 370
boat 0.0013 140 22 478 370
bird 0.0229 118 230 133 240
bird 0.0035 377 56 401 70
bird 0.0017 157 -3 474 352
cat 0.0118 118 230 133 240
dog 0.0097 118 230 133 240
horse 0.0021 117 230 133 241
chair 0.0464 115 239 156 311
chair 0.0030 118 253 150 294
chair 0.0030 116 232 230 350
chair 0.0010 257 333 387 373
sofa 0.0019 115 239 155 309
sofa 0.0014 116 234 261 370
pottedplant 0.0019 154 4 488 360
