person 0.0328 397 123 414 135
person 0.0279 419 109 449 140
person 0.0079 455 115 465 138
person 0.0072 104 132 115 152
person 0.0050 103 116 115 149
person 0.0039 103 118 113 133
person 0.0039 416 119 433 133
person 0.0039 65 129 75 144
person 0.0032 49 126 61 145
person 0.0031 50 125 85 180
person 0.0022 203 103 215 120
person 0.0022 433 122 450 140
person 0.0018 422 114 441 135
person 0.0017 49 126 74 163
person 0.0015 198 103 219 144
person 0.0015 176 101 217 142
person 0.0015 182 102 212 131
person 0.0012 408 60 422 79
person 0.0012 454 115 472 150
person 0.0012 192 103 215 123
person 0.0010 358 108 388 147
car 0.0070 70 24 481 292
car 0.0043 36 154 146 259
car 0.0024 492 153 499 188
car 0.0014 0 96 88 191
bus 0.4566 70 24 481 292
bus 0.0465 70 61 339 263
bus 0.0141 76 66 160 250
bus 0.0030 20 78 176 259
bus 0.0012 0 94 89 193
train 0.0822 86 33 498 292
train 0.0539 0 93 90 219
train 0.0012 20 78 176 259
boat 0.0070 68 29 492 285
horse 0.0087 39 177 91 255
horse 0.0058 39 178 88 200
horse 0.0020 38 165 138 259
horse 0.0013 0 96 88 192
horse 0.0013 50 125 85 180
sheep 0.0036 42 177 89 200
sheep 0.0015 41 177 90 254
cow 0.0249 39 177 89 202
cow 0.0155 39 177 89 249
cow 0.0063 1 170 89 243
cow 0.0028 38 157 146 259
cow 0.0012 175 99 266 150
cow 0.0012 175 103 219 147
cow 0.0011 0 100 88 197
