person 0.0037 425 16 499 134
car 0.0016 0 33 66 46
car 0.0011 134 188 146 197
chair 0.8116 421 18 499 230
chair 0.7938 358 21 421 128
chair 0.2796 30 62 468 367
chair 0.0173 461 68 499 225
chair 0.0066 39 98 258 368
chair 0.0063 479 48 499 123
chair 0.0043 466 135 499 227
chair 0.0041 407 51 432 127
chair 0.0034 420 20 471 138
chair 0.0026 417 26 435 58
chair 0.0026 415 25 445 130
chair 0.0024 467 74 500 147
chair 0.0022 488 59 499 88
chair 0.0018 159 0 248 100
chair 0.0018 436 107 495 205
chair 0.0016 418 27 429 50
chair 0.0016 431 22 468 104
chair 0.0013 418 39 433 57
chair 0.0012 431 112 495 152
chair 0.0012 44 62 444 225
chair 0.0012 482 30 499 95
chair 0.0012 0 44 102 194
chair 0.0012 425 25 446 104
sofa 0.7233 37 56 449 367
sofa 0.0460 39 97 255 370
sofa 0.0068 422 17 499 227
sofa 0.0032 359 22 419 81
sofa 0.0021 423 19 497 125
sofa 0.0014 1 49 102 196
sofa 0.0012 42 54 408 193
diningtable 0.0074 358 22 423 127
diningtable 0.0043 423 19 497 125
diningtable 0.0030 0 49 103 194
diningtable 0.0030 417 42 433 58
diningtable 0.0017 423 17 500 228
tvmonitor 0.0098 0 50 101 192
tvmonitor 0.0052 160 0 261 99
tvmonitor 0.0018 359 22 419 81
