person 0.7961 196 193 271 350
person 0.6188 153 191 182 257
person 0.0653 149 191 183 315
person 0.0492 185 206 211 240
person 0.0248 92 107 108 137
person 0.0224 199 207 214 237
person 0.0152 183 209 200 239
person 0.0119 247 209 269 274
person 0.0114 127 91 141 111
person 0.0092 205 190 260 256
person 0.0089 96 107 105 119
person 0.0083 248 209 268 237
person 0.0061 95 106 107 126
person 0.0057 248 233 264 270
person 0.0054 235 203 249 227
person 0.0050 123 91 142 126
person 0.0044 177 220 204 256
person 0.0040 244 226 264 257
person 0.0034 183 206 197 229
person 0.0030 255 181 293 358
person 0.0030 203 207 215 228
person 0.0028 209 191 241 239
person 0.0024 236 205 254 240
person 0.0020 104 109 114 141
person 0.0020 248 211 265 226
person 0.0018 46 58 68 99
person 0.0018 304 147 333 470
person 0.0016 211 191 237 219
person 0.0013 310 184 331 338
person 0.0012 184 222 199 238
person 0.0011 249 192 283 298
person 0.0010 236 220 261 251
bicycle 0.1807 237 146 290 195
bicycle 0.0075 237 167 265 194
bicycle 0.0017 174 222 201 256
car 0.0030 259 185 293 326
motorbike 0.8314 160 218 273 384
motorbike 0.1410 237 145 291 195
motorbike 0.1012 257 184 293 321
motorbike 0.0757 156 226 207 347
motorbike 0.0325 249 198 280 296
motorbike 0.0221 249 233 275 288
motorbike 0.0198 248 234 263 272
motorbike 0.0127 174 222 201 256
motorbike 0.0113 247 220 268 275
motorbike 0.0093 149 196 187 324
motorbike 0.0073 256 166 298 410
motorbike 0.0070 250 241 266 282
motorbike 0.0052 258 251 275 288
motorbike 0.0049 248 210 268 244
motorbike 0.0047 184 209 211 240
motorbike 0.0034 244 226 264 257
motorbike 0.0033 184 222 200 239
motorbike 0.0017 181 217 208 252
motorbike 0.0016 172 230 200 271
motorbike 0.0011 249 210 266 227
