person 0.7445 8 91 31 125
person 0.6016 44 90 59 118
person 0.3959 426 149 455 180
person 0.2870 374 158 450 308
person 0.2193 28 88 43 115
person 0.2110 37 73 48 92
person 0.1662 35 75 49 107
person 0.1026 476 164 485 184
person 0.0999 27 95 45 124
person 0.0941 21 71 30 94
person 0.0706 25 72 40 94
person 0.0690 446 168 462 181
person 0.0642 443 159 463 181
person 0.0519 352 72 370 91
person 0.0328 8 99 41 178
person 0.0225 413 95 434 133
person 0.0200 414 95 428 123
person 0.0179 134 47 194 90
person 0.0172 10 91 27 112
person 0.0118 430 149 448 172
person 0.0114 426 149 483 265
person 0.0072 31 25 165 361
person 0.0063 472 159 486 255
person 0.0063 22 87 58 187
person 0.0050 0 92 11 111
person 0.0047 464 162 486 184
person 0.0042 448 157 485 184
person 0.0041 20 0 454 369
person 0.0037 107 31 143 95
person 0.0036 478 158 487 175
person 0.0033 0 88 7 108
person 0.0032 34 145 122 353
person 0.0030 416 95 425 115
person 0.0030 246 6 254 24
person 0.0029 53 73 81 107
person 0.0022 200 37 291 120
person 0.0021 233 0 242 22
person 0.0021 84 61 111 87
person 0.0018 116 31 140 74
person 0.0018 475 161 485 214
person 0.0018 118 31 133 50
person 0.0015 412 95 436 178
person 0.0014 53 73 77 91
person 0.0013 16 71 28 96
person 0.0013 121 31 134 43
person 0.0012 400 94 426 122
person 0.0012 121 39 144 91
person 0.0012 472 148 499 277
person 0.0012 425 152 440 175
person 0.0010 211 36 289 87
person 0.0010 426 152 468 206
bicycle 0.0011 19 0 446 355
car 0.6467 21 11 457 358
car 0.0036 27 97 45 125
car 0.0031 373 55 485 121
car 0.0024 263 2 283 40
car 0.0014 169 20 261 54
car 0.0010 401 79 500 130
motorbike 0.3838 20 2 447 358
motorbike 0.0010 27 95 45 124
bus 0.0026 23 12 455 360
boat 0.0324 169 18 260 52
bird 0.2056 198 36 290 117
bird 0.0816 135 48 195 90
bird 0.0740 200 75 244 114
bird 0.0633 215 47 278 87
bird 0.0075 130 45 249 111
bird 0.0050 164 16 270 109
bird 0.0049 254 37 289 84
bird 0.0045 217 76 266 115
bird 0.0039 216 35 319 94
bird 0.0025 177 64 215 89
bird 0.0024 352 73 369 90
bird 0.0023 165 16 259 66
bird 0.0023 199 77 211 89
bird 0.0020 200 77 230 95
bird 0.0016 182 73 210 90
bird 0.0015 201 73 217 87
bird 0.0013 118 43 274 144
cat 0.0045 374 160 451 312
dog 0.0057 376 159 451 308
dog 0.0029 352 73 369 90
dog 0.0029 446 168 462 181
dog 0.0017 132 47 195 91
bottle 0.0045 352 72 370 91
bottle 0.0031 359 115 394 166
bottle 0.0026 245 7 254 27
bottle 0.0011 263 0 283 39
bottle 0.0011 7 203 16 228
bottle 0.0010 27 97 45 125
chair 0.0516 170 21 262 52
chair 0.0193 134 47 190 90
chair 0.0109 168 20 260 88
chair 0.0081 8 125 40 179
chair 0.0052 233 7 256 35
chair 0.0047 84 61 111 87
chair 0.0035 229 9 259 48
chair 0.0033 34 126 60 195
chair 0.0033 8 137 25 177
chair 0.0027 246 7 254 27
chair 0.0025 27 97 45 125
chair 0.0023 252 0 284 42
chair 0.0022 246 10 258 32
chair 0.0017 234 0 243 22
chair 0.0017 373 150 451 308
chair 0.0016 195 0 264 25
chair 0.0016 9 124 40 136
chair 0.0015 31 114 45 127
chair 0.0015 201 2 253 49
chair 0.0014 237 1 274 44
chair 0.0013 10 104 29 124
chair 0.0012 243 3 260 34
chair 0.0012 1 90 40 180
chair 0.0011 0 88 7 108
chair 0.0010 29 88 42 108
diningtable 0.0670 9 124 41 137
diningtable 0.0449 7 121 41 179
diningtable 0.0052 169 13 259 52
diningtable 0.0040 27 97 45 125
diningtable 0.0016 23 96 57 190
diningtable 0.0013 9 133 28 177
diningtable 0.0012 31 114 45 127
tvmonitor 0.1922 47 22 65 54
tvmonitor 0.0020 263 0 283 40
tvmonitor 0.0015 428 156 485 263
