person 0.9181 138 11 266 369
person 0.8925 372 173 499 371
person 0.4908 4 0 90 108
person 0.0383 0 23 62 106
person 0.0248 39 2 112 140
person 0.0173 0 124 38 227
person 0.0112 236 60 255 132
person 0.0109 53 73 111 142
person 0.0105 2 132 31 305
person 0.0086 19 82 58 105
person 0.0084 199 231 240 364
person 0.0071 0 0 57 75
person 0.0056 2 46 113 141
person 0.0044 62 1 108 87
person 0.0040 234 64 257 190
person 0.0037 0 -1 80 203
person 0.0031 82 205 107 255
person 0.0027 205 231 223 282
person 0.0020 133 12 260 166
person 0.0019 56 323 107 374
person 0.0019 0 80 67 142
person 0.0019 5 -13 339 374
person 0.0017 0 117 49 370
person 0.0012 208 231 222 257
person 0.0011 221 47 255 135
person 0.0010 215 61 255 189
bicycle 0.1522 1 -1 58 76
bicycle 0.0134 61 348 101 374
bicycle 0.0086 58 325 107 374
bicycle 0.0046 0 14 33 75
bicycle 0.0012 0 0 132 172
car 0.0012 0 2 55 85
motorbike 0.0093 1 -1 57 75
motorbike 0.0040 58 325 107 374
motorbike 0.0032 38 274 77 325
bus 0.0150 5 -13 339 374
bus 0.0052 0 -4 152 363
bus 0.0013 1 -2 141 177
bus 0.0012 0 0 365 199
train 0.4565 2 -6 344 372
train 0.1410 112 5 269 365
train 0.0304 0 -6 163 367
train 0.0031 1 -2 138 177
train 0.0010 1 0 393 168
bird 0.0020 0 127 38 189
bird 0.0011 348 165 366 181
cat 0.0023 0 127 38 189
dog 0.0158 0 126 38 223
bottle 0.0075 206 232 223 282
bottle 0.0071 209 317 242 364
bottle 0.0068 360 152 390 213
bottle 0.0023 348 163 375 185
bottle 0.0016 348 165 366 181
bottle 0.0014 352 162 384 205
bottle 0.0013 198 269 241 363
chair 0.0823 0 0 57 75
chair 0.0184 0 100 63 143
chair 0.0071 52 69 113 142
chair 0.0058 1 93 117 157
chair 0.0043 0 100 62 187
chair 0.0041 56 322 90 360
chair 0.0041 0 -2 22 73
chair 0.0031 0 153 38 189
chair 0.0015 0 0 58 32
chair 0.0014 127 315 158 373
chair 0.0013 39 2 112 140
chair 0.0013 0 0 131 169
chair 0.0012 0 21 33 75
chair 0.0012 56 322 107 374
chair 0.0012 0 126 38 221
sofa 0.0028 61 87 451 256
sofa 0.0022 17 0 482 305
sofa 0.0010 176 104 395 230
diningtable 0.0011 246 103 391 227
tvmonitor 0.1429 249 101 393 232
tvmonitor 0.0017 61 87 451 256
tvmonitor 0.0010 17 0 482 305
