person 0.1085 410 62 499 158
person 0.0215 411 52 499 315
person 0.0075 0 30 56 193
person 0.0031 473 62 499 139
motorbike 0.0013 0 27 57 190
bird 0.0387 410 62 498 159
bird 0.0031 0 26 56 196
cat 0.0089 412 62 500 157
cat 0.0089 138 57 343 215
dog 0.8077 138 56 344 217
dog 0.3770 412 61 499 159
dog 0.0984 0 25 57 195
dog 0.0022 413 53 499 313
horse 0.4525 0 27 56 194
horse 0.3824 412 61 499 159
horse 0.1814 141 58 338 214
horse 0.0129 411 52 499 315
sheep 0.0256 0 28 56 136
sheep 0.0141 410 69 498 155
sheep 0.0068 140 58 336 216
sheep 0.0014 326 96 341 109
cow 0.2883 0 28 55 193
cow 0.0421 142 58 339 213
cow 0.0353 412 62 500 157
cow 0.0011 412 62 499 264
sofa 0.0018 0 27 56 191
