person 0.3934 118 288 188 334
person 0.0185 50 49 408 382
person 0.0071 137 287 175 322
person 0.0043 139 288 161 318
person 0.0020 127 318 186 333
bird 0.1510 45 53 316 327
bird 0.0267 118 288 187 334
bird 0.0253 194 125 218 138
bird 0.0029 56 101 95 117
bird 0.0025 126 318 186 333
bird 0.0024 96 137 399 375
bird 0.0015 198 128 214 140
bird 0.0013 177 80 205 126
bird 0.0012 159 78 220 141
cat 0.2852 49 63 311 328
cat 0.0204 118 288 187 335
cat 0.0067 29 30 463 387
dog 0.5154 39 47 384 373
dog 0.0708 118 288 187 334
dog 0.0210 47 61 234 315
dog 0.0020 126 318 186 333
dog 0.0020 136 288 168 320
dog 0.0011 117 311 188 344
horse 0.0020 36 43 413 373
sheep 0.0137 46 56 316 297
cow 0.0019 36 43 413 373
sofa 0.0031 15 57 414 373
diningtable 0.0024 14 8 498 395
