person 0.8074 202 119 282 231
person 0.0049 325 188 385 241
person 0.0045 133 157 179 207
person 0.0036 164 150 203 195
person 0.0027 145 159 176 195
person 0.0027 349 83 362 107
person 0.0023 227 119 251 158
person 0.0018 125 154 191 226
person 0.0018 181 151 203 192
person 0.0014 172 151 197 185
person 0.0013 250 195 292 240
person 0.0011 369 185 402 237
person 0.0010 0 227 9 249
car 0.9496 91 161 496 373
car 0.8308 3 127 263 329
car 0.0243 61 129 304 262
car 0.0133 206 122 301 186
car 0.0123 6 96 98 164
car 0.0072 129 128 221 144
car 0.0066 0 236 109 330
car 0.0057 0 238 39 288
car 0.0047 334 65 494 162
car 0.0033 125 128 230 197
car 0.0031 0 227 8 249
car 0.0027 247 133 303 178
car 0.0014 13 103 50 121
car 0.0012 -2 -1 501 199
car 0.0010 19 96 94 130
motorbike 0.0011 94 160 499 372
bus 0.0018 333 66 493 162
bus 0.0017 95 161 495 378
chair 0.0106 339 64 484 148
chair 0.0083 359 65 477 108
