person 0.0042 335 255 353 285
person 0.0032 0 4 13 138
person 0.0030 349 254 361 284
person 0.0022 107 0 139 8
person 0.0010 434 153 499 273
boat 0.0014 0 -19 493 379
bird 0.0052 365 255 378 277
bird 0.0050 350 253 361 280
bird 0.0035 335 255 353 285
bird 0.0014 378 266 386 278
bottle 0.1015 335 255 353 285
bottle 0.0969 349 254 361 291
bottle 0.0222 317 280 337 297
bottle 0.0181 365 255 378 276
bottle 0.0151 352 266 365 294
bottle 0.0115 352 254 377 295
bottle 0.0088 378 265 389 278
bottle 0.0074 322 328 341 362
bottle 0.0064 350 254 362 274
bottle 0.0041 201 274 214 308
bottle 0.0038 332 260 348 282
bottle 0.0031 362 256 377 291
bottle 0.0015 343 256 368 301
bottle 0.0012 107 0 138 8
bottle 0.0011 322 328 332 345
bottle 0.0011 412 317 434 338
bottle 0.0010 315 270 340 297
chair 0.2902 48 264 147 372
chair 0.2020 45 176 331 371
chair 0.1888 412 157 499 285
chair 0.1446 437 113 498 191
chair 0.1009 255 138 493 348
chair 0.0624 285 139 418 241
chair 0.0210 113 269 336 373
chair 0.0210 408 107 502 247
chair 0.0153 255 207 345 357
chair 0.0114 449 152 499 189
chair 0.0089 442 149 499 235
chair 0.0089 55 182 259 299
chair 0.0060 459 169 499 283
chair 0.0052 262 244 321 355
chair 0.0039 289 188 407 284
chair 0.0036 460 197 499 246
chair 0.0034 319 251 383 324
chair 0.0029 199 270 306 330
chair 0.0016 263 201 417 341
chair 0.0014 199 270 265 312
chair 0.0013 50 255 237 372
chair 0.0012 199 270 236 307
sofa 0.0090 285 140 419 241
sofa 0.0059 437 113 499 184
sofa 0.0055 413 113 499 285
sofa 0.0051 49 264 149 370
sofa 0.0036 41 177 326 369
diningtable 0.1401 40 191 330 369
diningtable 0.0742 110 282 337 371
diningtable 0.0385 412 128 499 286
diningtable 0.0084 448 151 499 182
diningtable 0.0041 438 114 500 160
diningtable 0.0039 49 264 149 370
diningtable 0.0029 418 161 495 215
diningtable 0.0029 255 205 352 347
diningtable 0.0026 256 206 350 273
diningtable 0.0019 441 107 499 236
diningtable 0.0014 275 198 401 274
diningtable 0.0011 273 197 496 340
tvmonitor 0.0012 4 -1 465 336
tvmonitor 0.0011 54 180 260 339
