person 0.8711 173 166 243 275
person 0.3724 210 56 240 110
person 0.0035 491 239 499 278
person 0.0016 234 54 246 113
bicycle 0.0011 204 87 237 114
cat 0.0036 292 26 348 60
cat 0.0010 405 260 426 308
dog 0.0045 205 86 238 114
dog 0.0024 206 58 238 114
dog 0.0018 220 88 241 113
horse 0.0041 204 87 238 114
horse 0.0034 292 26 348 60
horse 0.0013 206 58 238 114
bottle 0.0074 211 238 221 258
bottle 0.0044 216 234 226 247
bottle 0.0041 216 236 227 257
bottle 0.0023 424 181 431 210
bottle 0.0017 227 242 245 259
bottle 0.0016 214 231 224 243
bottle 0.0011 186 282 197 316
bottle 0.0010 398 191 421 203
chair 0.7017 39 238 180 370
chair 0.2151 133 168 342 279
chair 0.0976 406 262 424 361
chair 0.0509 2 358 74 374
chair 0.0184 406 260 425 306
chair 0.0145 127 198 177 273
chair 0.0081 171 170 245 275
chair 0.0074 142 224 179 272
chair 0.0068 128 172 205 274
chair 0.0046 132 194 243 289
chair 0.0035 204 87 238 114
chair 0.0035 63 229 90 241
chair 0.0027 465 336 499 374
chair 0.0023 173 231 209 273
chair 0.0023 407 241 445 369
chair 0.0020 57 240 111 280
chair 0.0017 1 347 47 373
chair 0.0010 171 232 183 273
sofa 0.9207 138 167 346 285
sofa 0.7176 39 233 183 371
sofa 0.5749 168 184 308 264
sofa 0.0576 408 261 426 361
sofa 0.0338 406 261 426 308
sofa 0.0318 0 349 77 374
sofa 0.0019 412 231 450 371
sofa 0.0010 0 302 74 372
pottedplant 0.6646 391 139 435 208
pottedplant 0.0030 439 126 462 236
pottedplant 0.0024 407 154 431 204
pottedplant 0.0016 433 133 452 218
pottedplant 0.0012 414 169 430 209
pottedplant 0.0010 292 26 349 60
diningtable 0.1309 185 240 312 325
diningtable 0.0150 0 347 75 374
diningtable 0.0119 157 191 321 314
diningtable 0.0021 406 261 426 307
diningtable 0.0020 254 245 306 263
diningtable 0.0012 0 348 39 373
tvmonitor 0.0025 401 234 428 271
tvmonitor 0.0015 413 231 452 371
tvmonitor 0.0013 34 70 67 125
tvmonitor 0.0010 398 193 419 204
