person 0.8982 19 0 222 367
person 0.8888 275 -3 496 369
person 0.1249 4 -11 497 367
person 0.0086 429 6 469 82
person 0.0019 203 160 375 372
person 0.0012 369 331 451 374
cat 0.0020 203 160 375 372
cat 0.0019 401 136 499 360
dog 0.8287 201 135 385 359
dog 0.0679 344 153 490 371
dog 0.0051 401 130 500 354
dog 0.0025 201 49 365 302
dog 0.0020 131 56 316 312
horse 0.0016 246 55 366 148
sheep 0.0761 174 68 251 150
sheep 0.0487 245 55 363 148
sheep 0.0098 180 67 265 234
sheep 0.0080 183 60 329 274
sheep 0.0032 179 58 344 171
sheep 0.0013 200 136 386 352
sheep 0.0011 367 152 486 371
cow 0.0504 246 55 363 145
cow 0.0290 173 69 251 150
bottle 0.0060 369 331 452 374
chair 0.1023 427 8 469 82
chair 0.0473 2 26 495 363
chair 0.0389 4 0 226 368
chair 0.0324 1 186 84 371
chair 0.0286 8 9 90 171
chair 0.0201 3 7 106 362
chair 0.0178 173 69 251 148
chair 0.0132 246 55 365 147
chair 0.0110 265 43 498 369
chair 0.0103 9 11 52 162
chair 0.0072 285 2 473 92
chair 0.0047 11 4 211 175
chair 0.0042 376 119 500 368
chair 0.0038 45 15 91 86
chair 0.0033 253 2 484 150
chair 0.0033 0 338 19 374
chair 0.0027 465 145 499 326
chair 0.0017 131 56 316 312
chair 0.0015 314 272 415 366
chair 0.0012 425 4 498 138
chair 0.0010 49 214 112 366
sofa 0.7038 0 44 505 369
sofa 0.3637 0 184 93 370
sofa 0.0605 0 242 486 373
sofa 0.0538 376 145 499 370
sofa 0.0335 280 99 498 369
sofa 0.0279 0 143 300 371
sofa 0.0176 173 69 251 150
sofa 0.0101 246 55 366 146
sofa 0.0083 4 0 226 368
sofa 0.0073 429 6 469 82
sofa 0.0071 0 13 85 363
sofa 0.0067 3 2 502 222
sofa 0.0056 211 28 482 158
sofa 0.0039 314 272 415 366
sofa 0.0032 465 145 499 326
sofa 0.0027 6 9 90 171
sofa 0.0020 274 232 503 372
sofa 0.0019 20 256 273 371
sofa 0.0018 61 286 115 372
sofa 0.0012 454 216 498 368
sofa 0.0011 70 7 446 108
diningtable 0.0027 2 0 66 28
diningtable 0.0010 21 0 63 13
tvmonitor 0.0033 470 6 499 75
