person 0.8841 39 -1 485 395
person 0.0068 264 2 478 393
person 0.0012 0 313 47 396
car 0.0014 464 196 494 238
car 0.0012 3 206 488 396
car 0.0010 468 197 494 210
cat 0.8248 71 46 374 397
cat 0.0155 32 72 255 374
cat 0.0028 155 159 372 393
dog 0.0029 60 58 376 395
bottle 0.0013 53 184 106 258
chair 0.0325 17 -7 492 396
chair 0.0145 6 193 479 396
chair 0.0028 0 286 173 396
chair 0.0022 423 183 499 288
chair 0.0015 0 312 47 398
chair 0.0013 1 370 44 399
chair 0.0012 423 0 499 256
sofa 0.0126 10 0 487 398
sofa 0.0062 3 206 488 396
sofa 0.0028 0 295 175 397
sofa 0.0010 422 180 499 294
pottedplant 0.0013 0 312 47 398
