person 0.0025 226 154 287 193
bird 0.8339 331 159 497 273
bird 0.7458 102 215 233 295
bird 0.6333 107 157 317 236
bird 0.5540 3 241 187 343
bird 0.2573 8 195 318 347
bird 0.2496 223 154 320 229
bird 0.1768 226 155 302 196
bird 0.1045 338 159 492 212
bird 0.0413 87 165 322 296
bird 0.0257 338 160 423 200
bird 0.0095 100 171 215 239
bird 0.0091 101 189 138 234
bird 0.0047 147 178 277 212
bird 0.0019 340 213 443 272
cat 0.0035 223 154 319 229
cat 0.0011 98 160 320 238
cat 0.0010 226 155 288 195
dog 0.0014 98 160 320 238
bottle 0.0072 226 155 285 194
bottle 0.0011 224 153 319 235
