person 0.9020 357 209 428 329
person 0.8440 278 201 322 348
person 0.2755 482 226 499 317
person 0.1942 482 228 499 273
person 0.0130 213 150 236 191
person 0.0107 427 271 496 322
person 0.0075 277 243 292 293
person 0.0051 442 226 498 324
person 0.0050 375 252 390 284
person 0.0041 272 277 332 348
person 0.0036 5 182 33 210
person 0.0033 270 286 290 317
person 0.0029 157 180 177 209
person 0.0025 485 244 499 294
person 0.0021 270 258 292 305
person 0.0018 281 233 299 285
person 0.0018 280 289 358 342
person 0.0016 197 131 218 197
person 0.0015 199 135 236 198
person 0.0012 269 280 291 304
person 0.0011 285 199 318 289
bicycle 0.0010 0 210 46 333
car 0.0020 6 182 33 210
car 0.0020 483 247 498 277
car 0.0016 483 244 499 305
car 0.0011 297 291 362 343
bird 0.0214 282 361 293 373
bird 0.0068 269 285 291 314
bird 0.0028 485 245 499 305
bird 0.0012 483 247 498 277
cat 0.0974 269 285 291 314
cat 0.0029 270 258 292 305
cat 0.0017 258 300 282 316
cat 0.0010 279 244 292 284
dog 0.1817 269 285 291 314
dog 0.0257 278 287 353 339
dog 0.0177 425 272 496 323
dog 0.0111 270 258 292 305
dog 0.0056 482 231 499 318
dog 0.0051 273 268 324 339
dog 0.0047 258 300 282 316
dog 0.0027 483 247 498 277
dog 0.0026 277 243 292 293
dog 0.0025 354 315 373 329
dog 0.0011 279 244 316 276
horse 0.0033 482 234 499 321
horse 0.0013 427 271 496 322
horse 0.0011 270 286 290 317
sheep 0.8879 424 272 496 322
sheep 0.8580 297 290 361 344
sheep 0.2427 486 245 499 312
sheep 0.0193 479 230 499 315
sheep 0.0099 269 285 290 316
sheep 0.0096 483 247 498 277
sheep 0.0040 296 309 334 344
sheep 0.0022 320 317 338 344
sheep 0.0021 354 315 373 329
sheep 0.0019 258 300 282 316
sheep 0.0018 431 271 486 285
sheep 0.0016 275 238 327 348
sheep 0.0012 277 243 292 293
sheep 0.0010 427 274 451 286
cow 0.0035 479 230 499 315
cow 0.0031 425 272 496 323
cow 0.0021 300 289 364 342
cow 0.0017 485 245 499 305
bottle 0.0060 136 177 148 211
bottle 0.0057 133 175 144 208
bottle 0.0026 279 244 292 283
bottle 0.0025 126 195 136 210
bottle 0.0024 376 251 389 283
bottle 0.0018 157 178 177 210
bottle 0.0016 117 174 140 210
bottle 0.0012 383 204 392 221
chair 0.0165 272 282 338 326
chair 0.0068 157 181 177 209
chair 0.0065 0 210 45 336
chair 0.0040 276 250 312 305
chair 0.0023 270 284 292 316
chair 0.0021 483 247 498 277
chair 0.0021 281 286 357 343
chair 0.0012 277 243 292 293
chair 0.0011 485 245 499 305
chair 0.0010 298 313 327 343
pottedplant 0.1195 258 300 281 317
pottedplant 0.1016 116 174 138 210
pottedplant 0.0408 263 286 290 316
pottedplant 0.0061 214 150 236 190
pottedplant 0.0055 125 195 136 210
pottedplant 0.0046 135 176 149 210
pottedplant 0.0018 119 174 135 188
pottedplant 0.0015 198 140 221 195
pottedplant 0.0015 0 210 46 333
pottedplant 0.0010 137 194 149 211
pottedplant 0.0010 357 201 378 224
pottedplant 0.0010 274 291 288 316
tvmonitor 0.0120 357 207 373 223
