person 0.1614 328 23 377 90
person 0.1095 370 56 396 101
person 0.0602 182 179 206 203
person 0.0535 50 21 85 62
person 0.0400 333 22 370 57
person 0.0386 25 8 64 61
person 0.0302 1 15 40 60
person 0.0125 369 50 434 102
person 0.0120 97 3 126 42
person 0.0100 197 191 206 203
person 0.0096 311 43 338 94
person 0.0086 285 49 316 103
person 0.0083 0 18 22 56
person 0.0080 434 0 456 31
person 0.0065 230 45 258 81
person 0.0062 58 22 81 51
person 0.0061 225 180 245 204
person 0.0058 327 29 357 64
person 0.0056 366 24 416 94
person 0.0054 85 2 154 69
person 0.0051 440 53 477 99
person 0.0050 421 0 452 36
person 0.0048 113 176 222 204
person 0.0046 451 0 496 38
person 0.0045 345 24 381 58
person 0.0045 445 2 499 74
person 0.0039 233 64 256 80
person 0.0038 304 0 335 42
person 0.0037 443 0 456 22
person 0.0035 75 2 126 65
person 0.0035 367 23 413 62
person 0.0035 374 22 403 54
person 0.0032 414 20 478 104
person 0.0030 361 57 378 90
person 0.0023 39 24 66 60
person 0.0023 184 178 194 189
person 0.0023 290 2 339 99
person 0.0021 126 53 160 71
person 0.0021 185 178 201 194
person 0.0019 368 9 453 103
person 0.0019 426 48 475 121
person 0.0018 303 60 336 101
person 0.0017 232 62 261 107
person 0.0017 74 25 116 65
person 0.0017 81 0 112 36
person 0.0016 250 37 286 83
person 0.0015 408 1 455 60
person 0.0015 370 3 400 48
person 0.0015 443 0 476 31
person 0.0015 198 62 217 75
person 0.0015 384 28 412 52
person 0.0014 105 165 334 210
person 0.0013 424 52 461 99
person 0.0013 198 62 236 77
person 0.0012 400 2 425 36
person 0.0012 121 31 160 71
person 0.0012 401 4 468 86
person 0.0012 399 25 430 53
person 0.0012 439 33 468 64
person 0.0011 225 166 309 208
person 0.0011 392 76 418 101
person 0.0011 61 21 81 36
person 0.0011 456 22 499 98
person 0.0011 332 55 372 89
person 0.0010 462 31 500 67
person 0.0010 469 4 499 44
person 0.0010 156 37 190 75
person 0.0010 326 32 356 91
person 0.0010 168 178 198 206
car 0.1413 35 162 429 268
car 0.0224 1 17 39 58
car 0.0217 369 46 439 102
car 0.0159 81 48 121 65
car 0.0118 38 31 124 66
car 0.0085 124 52 160 71
car 0.0081 0 18 21 55
car 0.0069 375 49 434 72
car 0.0050 385 43 472 103
car 0.0044 56 177 220 247
car 0.0038 68 32 159 69
car 0.0033 0 37 44 59
car 0.0031 280 82 312 100
car 0.0029 0 5 30 25
car 0.0028 0 19 19 33
car 0.0027 287 0 336 18
car 0.0025 49 44 85 63
car 0.0024 203 62 239 77
car 0.0024 462 54 498 99
car 0.0023 224 166 316 212
car 0.0023 54 2 159 68
car 0.0022 79 31 126 62
car 0.0020 188 1 239 19
car 0.0019 75 176 215 205
car 0.0018 219 0 308 52
car 0.0014 331 43 375 91
car 0.0014 428 53 472 100
car 0.0013 290 52 371 100
car 0.0013 54 21 94 63
car 0.0012 43 51 78 63
car 0.0012 446 0 492 30
car 0.0011 136 55 163 71
car 0.0011 443 55 476 67
car 0.0011 121 31 160 71
car 0.0010 223 7 303 28
car 0.0010 234 34 268 49
car 0.0010 81 0 114 38
motorbike 0.0017 48 163 440 265
motorbike 0.0013 0 15 43 59
aeroplane 0.0662 36 161 438 269
aeroplane 0.0013 21 75 472 266
aeroplane 0.0013 225 166 311 210
bus 0.2880 50 165 439 264
boat 0.0038 48 163 440 265
