person 0.0192 177 245 198 278
person 0.0128 274 204 291 237
person 0.0085 66 335 73 346
person 0.0057 209 250 221 276
person 0.0044 218 257 229 277
person 0.0035 210 252 229 278
person 0.0030 274 203 287 220
person 0.0018 176 244 222 282
person 0.0016 145 248 166 278
person 0.0015 277 215 289 235
person 0.0010 107 191 132 208
bicycle 0.0011 81 370 117 440
car 0.0133 81 370 117 440
car 0.0044 97 393 110 439
bus 0.0056 83 370 116 441
train 0.9231 106 195 245 378
train 0.0063 84 371 115 447
train 0.0023 -8 83 117 491
boat 0.0013 83 370 118 443
pottedplant 0.0022 4 375 103 494
