person 0.9034 -3 11 332 497
person 0.7710 205 11 309 229
person 0.7434 70 0 211 95
person 0.0439 121 22 335 305
person 0.0409 250 0 318 70
person 0.0335 211 11 257 69
person 0.0225 243 2 319 130
person 0.0147 210 10 287 156
person 0.0115 69 61 104 101
person 0.0099 78 -1 320 104
person 0.0086 313 0 332 42
person 0.0072 23 10 315 224
person 0.0069 70 36 150 100
person 0.0037 281 98 317 153
person 0.0033 143 448 180 487
person 0.0017 1 310 129 494
person 0.0017 267 20 316 68
person 0.0014 304 3 332 140
person 0.0011 243 20 260 58
person 0.0011 214 19 258 111
person 0.0011 89 57 127 84
person 0.0010 247 21 295 73
person 0.0010 278 90 327 218
person 0.0010 16 49 112 147
person 0.0010 63 400 100 470
bicycle 0.3296 -9 269 333 497
bicycle 0.0287 -2 251 128 495
bicycle 0.0200 0 333 188 499
bicycle 0.0169 9 395 117 498
bicycle 0.0066 4 459 120 499
bicycle 0.0055 112 393 187 493
bicycle 0.0048 62 464 172 498
bicycle 0.0047 -12 46 338 490
bicycle 0.0038 0 352 59 439
bicycle 0.0034 0 360 28 413
bicycle 0.0033 284 141 323 225
bicycle 0.0033 2 426 183 497
bicycle 0.0032 123 446 181 498
bicycle 0.0030 0 459 53 499
bicycle 0.0025 279 89 328 222
bicycle 0.0019 0 285 76 449
bicycle 0.0014 37 369 141 496
bicycle 0.0013 95 479 171 498
bicycle 0.0010 234 80 324 223
car 0.0360 244 27 318 144
car 0.0107 210 106 313 227
car 0.0069 226 26 329 249
car 0.0048 143 448 180 487
car 0.0040 282 90 326 224
car 0.0039 206 225 251 247
car 0.0037 284 144 322 164
car 0.0031 217 119 264 176
car 0.0028 251 61 318 111
car 0.0027 237 141 316 224
car 0.0014 70 36 150 100
car 0.0014 264 0 318 69
car 0.0014 241 41 315 101
car 0.0012 156 36 332 282
motorbike 0.0041 -15 51 335 491
bus 0.0012 -5 5 336 496
boat 0.0193 -17 102 342 494
horse 0.0046 -6 31 341 490
bottle 0.0127 292 163 311 221
bottle 0.0095 143 448 180 487
bottle 0.0071 69 399 100 468
bottle 0.0013 204 271 330 319
bottle 0.0012 318 279 331 305
chair 0.0171 91 287 333 497
chair 0.0113 -2 196 301 492
chair 0.0063 199 312 332 497
chair 0.0060 -2 251 128 495
chair 0.0026 257 71 313 138
chair 0.0015 -1 359 28 414
chair 0.0012 63 400 100 470
chair 0.0011 252 282 327 320
chair 0.0011 247 42 289 71
chair 0.0011 263 91 301 145
chair 0.0011 -1 262 65 445
chair 0.0010 35 395 113 496
chair 0.0010 243 5 318 136
pottedplant 0.0049 313 0 332 42
pottedplant 0.0013 -1 360 28 422
pottedplant 0.0011 266 0 318 67
