person 0.0975 242 175 257 197
person 0.0959 45 246 57 271
person 0.0576 328 80 338 90
person 0.0257 51 244 62 270
person 0.0203 212 175 233 195
person 0.0112 35 50 80 83
person 0.0109 176 148 189 170
person 0.0070 85 229 99 261
person 0.0059 57 242 67 268
person 0.0055 75 223 94 257
person 0.0025 184 180 194 200
person 0.0024 236 181 253 199
person 0.0020 485 191 499 203
person 0.0020 218 178 244 196
person 0.0018 373 79 381 89
person 0.0017 183 171 215 198
person 0.0015 88 227 102 252
person 0.0011 32 49 84 148
person 0.0011 348 76 355 90
person 0.0011 183 179 207 202
person 0.0011 62 246 75 266
bicycle 0.0238 45 246 59 271
bicycle 0.0170 329 80 340 90
bicycle 0.0147 51 244 62 270
bicycle 0.0113 75 223 94 257
bicycle 0.0021 299 80 316 91
bicycle 0.0020 86 227 102 255
bicycle 0.0017 334 75 353 90
car 0.8060 420 186 499 223
car 0.1045 408 204 428 219
car 0.0443 485 191 499 203
car 0.0176 486 192 499 224
car 0.0159 85 225 102 260
car 0.0013 492 202 499 225
car 0.0013 249 158 261 169
car 0.0010 75 223 94 257
motorbike 0.0023 328 80 338 90
bus 0.7263 169 117 303 269
bus 0.0016 411 184 500 223
bus 0.0010 87 228 102 255
train 0.6756 169 117 303 269
boat 0.0050 477 37 499 57
dog 0.0019 328 80 339 90
horse 0.0024 328 80 338 90
bottle 0.0010 48 248 60 270
chair 0.0111 329 80 340 90
chair 0.0021 48 248 60 270
chair 0.0017 43 246 56 271
chair 0.0011 327 79 336 90
chair 0.0010 300 80 318 92
pottedplant 0.2736 61 228 83 265
pottedplant 0.2487 31 218 85 266
pottedplant 0.1869 30 218 49 259
pottedplant 0.1183 74 224 90 262
pottedplant 0.1049 85 228 101 260
pottedplant 0.0795 65 242 79 266
pottedplant 0.0748 60 242 69 266
pottedplant 0.0568 62 246 75 266
pottedplant 0.0482 44 224 60 266
pottedplant 0.0306 84 241 93 263
pottedplant 0.0264 66 256 79 266
pottedplant 0.0261 79 238 89 262
pottedplant 0.0236 77 219 103 260
pottedplant 0.0143 73 248 83 264
pottedplant 0.0129 31 239 41 260
pottedplant 0.0117 48 248 60 270
pottedplant 0.0109 103 235 126 253
pottedplant 0.0102 29 220 41 260
pottedplant 0.0101 41 245 62 271
pottedplant 0.0092 51 239 66 268
pottedplant 0.0091 370 79 381 89
pottedplant 0.0056 46 221 64 243
pottedplant 0.0037 328 80 339 90
pottedplant 0.0026 50 221 65 235
pottedplant 0.0021 30 217 44 243
pottedplant 0.0020 364 81 380 90
pottedplant 0.0020 89 227 102 246
pottedplant 0.0014 334 75 353 90
pottedplant 0.0011 105 244 125 255
pottedplant 0.0010 31 251 45 272
pottedplant 0.0010 348 74 355 89
