bicycle 0.0085 232 9 334 249
boat 0.0014 128 182 181 232
bottle 0.0019 198 467 211 498
pottedplant 0.7493 113 346 242 470
pottedplant 0.5565 127 277 179 350
pottedplant 0.0899 132 482 171 498
pottedplant 0.0433 201 441 224 470
pottedplant 0.0319 128 182 181 233
pottedplant 0.0316 126 405 186 468
pottedplant 0.0253 199 442 224 496
pottedplant 0.0234 179 483 198 499
pottedplant 0.0150 126 62 182 121
pottedplant 0.0083 136 280 172 303
pottedplant 0.0072 191 469 210 498
pottedplant 0.0039 132 396 215 498
pottedplant 0.0035 201 441 220 455
pottedplant 0.0028 130 482 208 499
pottedplant 0.0026 122 120 190 234
pottedplant 0.0023 168 479 188 498
pottedplant 0.0013 139 289 166 302
pottedplant 0.0013 169 473 210 499
pottedplant 0.0010 180 408 225 496
