person 0.0734 281 185 301 213
person 0.0723 273 185 287 198
person 0.0630 272 185 295 216
person 0.0528 286 185 297 198
person 0.0270 353 62 362 74
person 0.0175 260 203 276 220
person 0.0133 258 190 282 220
person 0.0118 266 195 289 219
person 0.0098 289 189 307 212
person 0.0085 265 184 290 202
person 0.0059 255 197 271 219
person 0.0057 287 59 296 73
person 0.0043 266 41 275 52
person 0.0041 350 61 365 97
person 0.0041 261 41 269 52
person 0.0039 408 67 421 82
person 0.0036 285 57 301 94
person 0.0024 271 42 279 52
person 0.0021 323 39 338 69
person 0.0021 258 203 284 224
person 0.0021 287 180 309 206
person 0.0020 264 9 277 21
person 0.0019 156 19 170 34
person 0.0016 326 40 335 57
person 0.0014 405 62 424 82
person 0.0014 345 64 370 113
person 0.0013 235 172 318 257
person 0.0011 294 176 309 191
person 0.0011 413 72 499 288
person 0.0010 9 40 24 66
car 0.4528 11 40 36 63
car 0.2431 108 22 158 49
car 0.1484 33 36 70 76
car 0.1293 11 41 25 52
car 0.0527 51 15 115 40
car 0.0398 45 14 150 75
car 0.0280 107 25 141 43
car 0.0239 9 40 24 66
car 0.0233 130 22 156 40
car 0.0227 100 14 120 25
car 0.0188 308 30 490 96
car 0.0170 56 13 152 48
car 0.0156 127 30 161 52
car 0.0126 156 19 170 34
car 0.0112 98 12 144 43
car 0.0100 136 18 171 39
car 0.0089 136 0 256 43
car 0.0082 308 215 498 368
car 0.0061 398 36 494 94
car 0.0060 223 35 237 47
car 0.0058 91 14 131 36
car 0.0049 99 10 139 26
car 0.0045 3 41 20 70
car 0.0042 50 4 137 40
car 0.0040 142 12 153 23
car 0.0039 213 5 254 26
car 0.0038 231 3 496 91
car 0.0037 54 17 104 33
car 0.0037 35 35 62 48
car 0.0035 88 7 252 57
car 0.0028 33 37 63 58
car 0.0028 213 12 232 25
car 0.0027 93 0 138 26
car 0.0024 224 2 233 10
car 0.0022 144 12 169 31
car 0.0022 208 0 270 28
car 0.0019 151 20 170 46
car 0.0018 222 0 257 10
car 0.0017 224 2 242 12
car 0.0013 153 12 208 34
car 0.0013 54 32 125 73
car 0.0013 452 49 499 95
car 0.0011 433 24 497 47
car 0.0011 442 22 499 97
car 0.0010 108 17 190 52
bus 0.9483 103 81 319 262
bus 0.5784 308 217 498 370
bus 0.4052 33 36 70 77
bus 0.3078 230 1 498 88
bus 0.0484 135 0 254 42
bus 0.0381 233 24 322 71
bus 0.0148 236 173 318 258
bus 0.0132 9 40 35 64
bus 0.0085 231 18 412 73
bus 0.0056 103 81 193 171
bus 0.0040 39 15 141 75
bus 0.0040 56 13 160 50
bus 0.0019 26 -4 490 67
bus 0.0018 318 32 503 95
bus 0.0014 104 82 230 219
bus 0.0014 247 151 307 239
bus 0.0014 398 36 494 94
bus 0.0014 30 -1 139 39
bus 0.0012 10 40 24 55
bus 0.0011 106 19 160 48
bus 0.0011 208 0 281 31
bus 0.0010 203 0 490 224
train 0.0260 227 1 499 83
train 0.0140 33 36 70 77
train 0.0069 308 215 496 368
train 0.0029 26 -4 490 67
train 0.0027 98 88 320 264
boat 0.0150 230 3 499 88
boat 0.0020 33 36 70 76
cat 0.0013 411 82 499 248
diningtable 0.0015 310 219 498 371
tvmonitor 0.0016 307 216 495 360
