person 0.1223 367 228 381 252
person 0.0506 386 243 414 298
person 0.0478 334 193 345 203
person 0.0471 107 143 124 164
person 0.0248 372 80 388 96
person 0.0227 107 143 119 157
person 0.0119 306 124 316 141
person 0.0111 108 148 126 170
person 0.0107 403 84 411 100
person 0.0098 390 83 403 98
person 0.0086 362 220 378 243
person 0.0074 414 81 424 101
person 0.0073 322 202 349 219
person 0.0063 290 121 301 139
person 0.0060 389 263 411 297
person 0.0056 374 151 383 166
person 0.0048 448 119 459 142
person 0.0047 460 129 471 143
person 0.0045 1 141 13 157
person 0.0045 328 142 338 166
person 0.0042 112 158 127 171
person 0.0038 362 77 386 96
person 0.0037 286 114 315 141
person 0.0035 140 176 157 205
person 0.0029 321 126 331 147
person 0.0028 348 206 388 241
person 0.0027 394 82 407 99
person 0.0024 279 126 294 138
person 0.0022 354 157 365 166
person 0.0021 340 130 354 145
person 0.0020 351 121 366 142
person 0.0019 337 156 357 166
person 0.0017 401 267 411 297
person 0.0017 329 139 337 153
person 0.0016 353 217 380 241
person 0.0016 295 121 311 140
person 0.0015 424 87 432 103
person 0.0014 387 121 397 143
person 0.0013 424 115 432 142
person 0.0013 407 116 415 142
person 0.0013 119 171 158 210
person 0.0012 324 194 338 205
person 0.0012 386 265 395 294
person 0.0011 189 150 212 180
person 0.0010 186 128 195 143
person 0.0010 357 155 373 166
person 0.0010 279 113 289 125
person 0.0010 364 125 389 144
bicycle 0.0024 294 307 358 325
bicycle 0.0019 268 234 366 325
bicycle 0.0012 448 115 477 144
bicycle 0.0010 316 311 370 325
car 0.0604 114 170 158 208
car 0.0092 134 176 158 208
car 0.0031 1 161 159 239
car 0.0025 40 187 99 196
car 0.0022 77 150 107 158
car 0.0018 68 187 97 195
car 0.0015 205 167 231 181
car 0.0012 279 125 294 137
car 0.0011 74 168 99 177
boat 0.0034 261 32 346 102
boat 0.0010 1 165 159 242
bird 0.0063 367 228 381 252
bird 0.0015 402 87 411 100
bird 0.0011 223 45 258 53
bird 0.0011 386 243 413 297
bird 0.0011 448 119 459 141
cat 0.0069 367 228 381 252
dog 0.0016 367 228 381 252
bottle 0.0650 367 228 381 252
bottle 0.0176 328 142 338 166
bottle 0.0154 414 78 424 101
bottle 0.0120 386 243 413 297
bottle 0.0105 335 192 345 202
bottle 0.0092 119 85 132 103
bottle 0.0050 403 83 412 101
bottle 0.0048 387 121 397 143
bottle 0.0037 401 267 411 297
bottle 0.0037 407 116 415 142
bottle 0.0029 418 84 431 103
bottle 0.0029 424 87 432 103
bottle 0.0027 374 152 382 167
bottle 0.0022 257 64 270 97
bottle 0.0022 425 114 432 142
bottle 0.0021 413 85 422 101
bottle 0.0020 108 85 116 95
bottle 0.0020 390 82 403 98
bottle 0.0018 387 267 397 297
bottle 0.0015 389 263 409 297
bottle 0.0014 315 34 326 69
bottle 0.0013 107 143 120 155
bottle 0.0013 380 308 391 325
bottle 0.0011 329 139 337 153
bottle 0.0011 48 82 70 101
bottle 0.0010 251 67 258 89
bottle 0.0010 82 89 95 102
chair 0.6393 448 224 478 273
chair 0.5565 483 207 499 275
chair 0.5375 269 225 365 324
chair 0.3531 456 200 483 230
chair 0.3259 456 200 487 257
chair 0.3058 424 212 442 249
chair 0.2677 268 241 299 323
chair 0.2650 422 195 447 250
chair 0.2333 285 216 321 289
chair 0.1442 274 223 322 323
chair 0.1355 291 209 339 277
chair 0.1129 299 207 322 254
chair 0.0859 286 220 305 280
chair 0.0804 378 197 398 216
chair 0.0755 299 194 320 204
chair 0.0639 333 194 345 202
chair 0.0597 354 203 389 215
chair 0.0486 349 196 373 205
chair 0.0451 397 168 412 183
chair 0.0298 475 205 496 267
chair 0.0264 473 199 487 232
chair 0.0219 315 268 397 299
chair 0.0215 446 203 459 240
chair 0.0212 359 216 404 245
chair 0.0206 437 214 449 247
chair 0.0197 147 168 191 198
chair 0.0186 409 169 434 183
chair 0.0181 418 308 470 325
chair 0.0179 302 205 331 245
chair 0.0176 324 220 352 241
chair 0.0174 297 195 323 211
chair 0.0166 371 171 391 184
chair 0.0162 471 202 488 263
chair 0.0158 448 186 469 202
chair 0.0150 473 198 498 223
chair 0.0148 300 204 355 245
chair 0.0144 324 194 334 203
chair 0.0139 312 204 399 245
chair 0.0138 316 171 330 183
chair 0.0138 348 206 388 241
chair 0.0126 127 163 149 173
chair 0.0125 404 223 425 240
chair 0.0122 346 258 387 271
chair 0.0118 389 263 409 297
chair 0.0116 205 167 231 181
chair 0.0116 414 239 448 274
chair 0.0114 279 178 293 189
chair 0.0111 236 165 249 182
chair 0.0106 294 207 432 261
chair 0.0106 317 240 373 256
chair 0.0102 326 205 348 219
chair 0.0099 383 169 404 184
chair 0.0095 315 247 391 270
chair 0.0092 115 169 159 209
chair 0.0089 270 241 287 259
chair 0.0089 383 166 410 178
chair 0.0082 362 167 391 182
chair 0.0082 348 206 389 221
chair 0.0074 421 194 447 220
chair 0.0073 300 273 317 294
chair 0.0073 306 270 489 321
chair 0.0067 353 217 380 241
chair 0.0065 337 169 362 184
chair 0.0063 209 166 248 182
chair 0.0063 322 241 408 260
chair 0.0063 306 173 317 185
chair 0.0062 270 192 293 214
chair 0.0062 359 170 373 184
chair 0.0060 396 266 412 297
chair 0.0060 313 268 472 300
chair 0.0059 348 169 370 184
chair 0.0059 421 225 483 277
chair 0.0059 353 195 390 206
chair 0.0059 393 238 446 268
chair 0.0057 283 212 403 308
chair 0.0057 424 262 448 273
chair 0.0056 333 193 394 205
chair 0.0055 486 205 499 237
chair 0.0053 471 189 497 196
chair 0.0053 299 208 311 248
chair 0.0051 114 162 143 172
chair 0.0051 301 201 325 215
chair 0.0047 303 198 398 210
chair 0.0045 134 163 156 193
chair 0.0044 335 208 374 242
chair 0.0044 310 258 348 271
chair 0.0040 487 211 499 253
chair 0.0039 291 193 301 213
chair 0.0039 395 174 410 184
chair 0.0038 447 199 463 224
chair 0.0038 285 220 299 247
chair 0.0038 303 204 338 216
chair 0.0034 293 171 307 186
chair 0.0032 370 170 418 185
chair 0.0032 298 170 316 186
chair 0.0032 307 169 320 185
chair 0.0032 285 191 315 213
chair 0.0031 334 152 358 166
chair 0.0031 474 196 496 208
chair 0.0030 412 304 498 324
sofa 0.0295 147 167 191 198
sofa 0.0219 114 170 158 208
sofa 0.0180 194 166 248 183
sofa 0.0132 41 165 158 216
sofa 0.0120 1 161 159 239
sofa 0.0087 188 167 251 196
sofa 0.0067 117 162 191 200
sofa 0.0064 141 163 258 194
sofa 0.0042 186 149 250 183
sofa 0.0036 205 166 226 180
sofa 0.0034 130 162 151 173
sofa 0.0025 295 167 437 191
sofa 0.0024 191 165 211 179
sofa 0.0023 267 236 366 323
sofa 0.0020 297 200 403 248
sofa 0.0017 317 239 421 273
sofa 0.0017 122 149 195 175
sofa 0.0015 187 149 217 179
sofa 0.0015 448 222 479 274
sofa 0.0013 408 166 433 178
sofa 0.0012 92 238 290 322
sofa 0.0012 381 167 414 178
sofa 0.0010 302 194 323 203
sofa 0.0010 336 216 406 251
pottedplant 0.1199 384 242 413 297
pottedplant 0.0462 107 143 126 165
pottedplant 0.0436 384 244 410 272
pottedplant 0.0310 365 221 381 250
pottedplant 0.0240 190 150 212 179
pottedplant 0.0229 390 82 403 98
pottedplant 0.0157 261 32 346 102
pottedplant 0.0149 339 127 354 145
pottedplant 0.0087 414 79 424 101
pottedplant 0.0087 110 153 126 172
pottedplant 0.0085 107 143 121 159
pottedplant 0.0079 322 126 331 146
pottedplant 0.0076 389 244 409 259
pottedplant 0.0072 448 115 477 144
pottedplant 0.0061 201 157 214 179
pottedplant 0.0060 336 216 406 251
pottedplant 0.0060 448 118 462 142
pottedplant 0.0059 387 238 444 275
pottedplant 0.0059 204 167 224 180
pottedplant 0.0057 334 193 345 203
pottedplant 0.0056 342 134 355 145
pottedplant 0.0055 460 150 479 167
pottedplant 0.0052 275 112 322 142
pottedplant 0.0051 301 308 363 325
pottedplant 0.0050 190 166 207 180
pottedplant 0.0048 362 77 386 96
pottedplant 0.0047 403 83 412 101
pottedplant 0.0046 351 75 379 95
pottedplant 0.0045 356 219 382 242
pottedplant 0.0043 327 127 338 147
pottedplant 0.0037 279 170 294 191
pottedplant 0.0035 388 243 406 253
pottedplant 0.0035 193 161 245 180
pottedplant 0.0034 368 248 405 271
pottedplant 0.0030 328 143 338 167
pottedplant 0.0028 55 148 75 160
pottedplant 0.0027 372 79 388 96
pottedplant 0.0026 105 145 140 174
pottedplant 0.0026 121 133 137 142
pottedplant 0.0024 448 150 472 179
pottedplant 0.0024 199 152 228 180
pottedplant 0.0024 335 154 356 166
pottedplant 0.0024 351 121 365 135
pottedplant 0.0024 357 157 373 166
pottedplant 0.0024 317 239 421 273
pottedplant 0.0023 356 160 376 175
pottedplant 0.0023 237 165 249 181
pottedplant 0.0023 328 137 337 149
pottedplant 0.0019 79 153 133 183
pottedplant 0.0019 340 154 366 165
pottedplant 0.0019 332 150 350 166
pottedplant 0.0019 266 34 310 90
pottedplant 0.0018 392 262 410 291
pottedplant 0.0018 354 157 365 166
pottedplant 0.0017 418 84 431 103
pottedplant 0.0017 294 171 306 186
pottedplant 0.0017 367 234 379 251
pottedplant 0.0016 110 170 158 211
pottedplant 0.0016 364 125 387 144
pottedplant 0.0016 319 312 369 325
pottedplant 0.0015 401 80 421 101
pottedplant 0.0015 349 268 496 300
pottedplant 0.0015 115 147 130 163
pottedplant 0.0013 255 41 299 98
pottedplant 0.0012 386 266 395 285
pottedplant 0.0012 279 126 294 139
pottedplant 0.0012 407 116 415 142
pottedplant 0.0012 177 114 237 145
pottedplant 0.0012 316 171 330 183
pottedplant 0.0010 423 87 431 103
pottedplant 0.0010 312 148 333 168
pottedplant 0.0010 281 156 303 171
pottedplant 0.0010 252 69 277 98
pottedplant 0.0010 324 194 334 203
diningtable 0.4904 304 268 499 323
diningtable 0.2707 316 240 421 269
diningtable 0.1340 308 228 458 264
diningtable 0.0761 299 201 429 251
diningtable 0.0666 470 196 499 213
diningtable 0.0640 318 239 380 256
diningtable 0.0518 299 200 384 218
diningtable 0.0499 295 184 439 220
diningtable 0.0495 409 272 498 301
diningtable 0.0491 316 269 399 298
diningtable 0.0488 299 201 371 243
diningtable 0.0427 312 191 413 206
diningtable 0.0413 313 268 472 300
diningtable 0.0386 467 199 498 270
diningtable 0.0358 471 194 499 204
diningtable 0.0355 302 203 352 218
diningtable 0.0348 480 205 499 275
diningtable 0.0318 387 239 446 271
diningtable 0.0292 470 189 498 199
diningtable 0.0203 481 202 499 234
diningtable 0.0186 303 198 398 210
diningtable 0.0183 334 248 401 271
diningtable 0.0178 308 245 404 260
diningtable 0.0165 296 193 322 203
diningtable 0.0152 452 194 495 225
diningtable 0.0146 295 167 437 191
diningtable 0.0143 473 198 498 223
diningtable 0.0135 91 235 302 323
diningtable 0.0116 211 166 248 182
diningtable 0.0114 409 278 500 324
diningtable 0.0103 480 203 499 218
diningtable 0.0098 448 217 482 274
diningtable 0.0098 297 195 323 211
diningtable 0.0097 401 240 445 260
diningtable 0.0092 358 216 403 245
diningtable 0.0085 318 173 411 186
diningtable 0.0080 345 257 386 271
diningtable 0.0078 398 168 413 182
diningtable 0.0078 330 203 350 218
diningtable 0.0074 383 166 410 178
diningtable 0.0071 324 220 352 240
diningtable 0.0069 414 239 448 274
diningtable 0.0066 487 208 499 237
diningtable 0.0063 362 167 391 182
diningtable 0.0063 456 200 483 226
diningtable 0.0062 350 204 390 215
diningtable 0.0061 338 187 443 204
diningtable 0.0057 333 193 394 205
diningtable 0.0048 324 291 485 315
diningtable 0.0047 392 298 502 324
diningtable 0.0045 384 240 436 295
diningtable 0.0044 297 193 498 266
diningtable 0.0044 403 166 434 182
diningtable 0.0043 421 195 448 248
diningtable 0.0041 326 163 395 180
diningtable 0.0040 421 225 483 277
diningtable 0.0039 302 205 331 245
diningtable 0.0038 36 186 490 325
diningtable 0.0036 447 203 460 234
diningtable 0.0036 330 166 362 179
diningtable 0.0033 309 288 410 324
diningtable 0.0032 448 186 469 202
diningtable 0.0031 350 196 375 205
diningtable 0.0029 377 198 398 215
diningtable 0.0029 342 242 367 253
diningtable 0.0026 117 162 149 173
diningtable 0.0026 310 255 364 271
diningtable 0.0026 205 165 227 180
diningtable 0.0025 473 199 487 232
diningtable 0.0023 420 261 447 273
diningtable 0.0021 333 194 345 202
diningtable 0.0021 285 191 315 213
diningtable 0.0020 324 192 338 203
diningtable 0.0020 370 170 418 185
diningtable 0.0020 456 200 488 260
diningtable 0.0018 337 164 371 181
diningtable 0.0017 268 232 440 323
diningtable 0.0017 319 191 344 203
diningtable 0.0017 419 252 447 270
diningtable 0.0016 264 177 380 224
diningtable 0.0014 368 248 405 271
diningtable 0.0014 395 197 424 240
diningtable 0.0014 360 188 438 235
diningtable 0.0013 347 294 484 308
diningtable 0.0013 371 171 391 184
diningtable 0.0012 296 307 360 325
diningtable 0.0012 447 199 463 224
diningtable 0.0012 346 184 407 203
diningtable 0.0012 299 173 317 186
diningtable 0.0011 308 282 416 307
diningtable 0.0010 236 165 249 181
tvmonitor 0.1298 351 216 404 250
tvmonitor 0.1238 277 112 321 147
tvmonitor 0.0106 378 150 413 167
tvmonitor 0.0093 412 153 435 171
tvmonitor 0.0091 350 204 390 215
tvmonitor 0.0072 450 165 465 182
tvmonitor 0.0069 421 195 448 247
tvmonitor 0.0060 377 198 398 215
tvmonitor 0.0047 350 76 377 95
tvmonitor 0.0038 279 125 293 140
tvmonitor 0.0035 278 112 293 129
tvmonitor 0.0030 319 210 414 246
tvmonitor 0.0029 414 161 434 175
tvmonitor 0.0028 81 147 105 156
tvmonitor 0.0027 279 178 293 190
tvmonitor 0.0024 408 166 433 178
tvmonitor 0.0016 448 150 477 182
tvmonitor 0.0014 397 170 412 183
tvmonitor 0.0012 291 168 437 196
tvmonitor 0.0011 424 115 432 142
tvmonitor 0.0010 448 183 470 202
