person 0.2547 277 10 296 38
person 0.2499 285 10 297 34
person 0.2429 279 9 290 35
person 0.1063 458 2 467 25
person 0.1030 469 1 478 25
person 0.0844 310 9 318 24
person 0.0844 288 10 299 28
person 0.0709 325 6 334 23
person 0.0490 275 12 288 37
person 0.0401 140 24 152 50
person 0.0379 311 1 335 24
person 0.0347 310 7 328 25
person 0.0286 280 8 288 22
person 0.0243 202 51 210 65
person 0.0242 180 1 192 34
person 0.0225 390 0 400 17
person 0.0181 114 72 127 103
person 0.0171 279 0 335 24
person 0.0160 143 22 158 48
person 0.0151 389 0 412 20
person 0.0146 386 0 395 14
person 0.0133 130 30 146 51
person 0.0120 473 0 496 21
person 0.0113 215 50 225 68
person 0.0094 408 0 421 12
person 0.0068 413 0 425 14
person 0.0066 402 0 415 12
person 0.0061 242 1 255 29
person 0.0058 359 13 368 23
person 0.0056 282 7 299 20
person 0.0048 114 72 125 87
person 0.0043 395 0 415 15
person 0.0042 381 0 393 21
person 0.0042 258 10 273 27
person 0.0041 97 76 115 104
person 0.0036 211 -1 227 41
person 0.0034 147 20 169 46
person 0.0033 481 5 498 23
person 0.0033 213 0 227 14
person 0.0032 265 0 275 15
person 0.0032 296 14 307 26
person 0.0030 488 1 498 16
person 0.0030 427 1 435 13
person 0.0028 337 0 347 23
person 0.0028 280 83 312 115
person 0.0026 215 60 224 68
person 0.0026 353 13 363 23
person 0.0025 102 3 113 20
person 0.0023 339 6 350 23
person 0.0020 159 17 181 43
person 0.0018 209 -4 231 69
person 0.0017 189 64 197 71
person 0.0017 363 13 379 23
person 0.0016 428 0 442 12
person 0.0016 387 -1 435 23
person 0.0015 170 2 192 38
person 0.0015 215 48 234 67
person 0.0015 178 67 186 74
person 0.0014 201 44 215 64
person 0.0014 98 77 110 87
person 0.0012 156 70 165 78
person 0.0011 128 22 149 41
person 0.0011 378 7 391 22
bicycle 0.0758 276 21 290 38
bicycle 0.0492 275 11 295 38
bicycle 0.0218 256 10 274 28
bicycle 0.0113 282 12 293 34
bicycle 0.0108 147 20 172 46
bicycle 0.0104 137 14 191 49
bicycle 0.0100 142 23 158 49
bicycle 0.0092 310 7 328 25
bicycle 0.0045 286 11 299 32
bicycle 0.0043 160 17 180 40
bicycle 0.0041 129 30 144 51
bicycle 0.0040 140 25 151 50
bicycle 0.0033 278 9 289 36
bicycle 0.0032 278 0 335 25
bicycle 0.0032 470 5 498 26
bicycle 0.0029 262 13 292 37
bicycle 0.0022 141 2 187 40
bicycle 0.0017 308 10 320 25
bicycle 0.0016 296 14 307 26
bicycle 0.0014 325 7 334 23
bicycle 0.0012 130 22 150 50
car 0.6911 189 0 213 14
car 0.6395 111 2 150 17
car 0.5331 32 0 69 17
car 0.4886 0 0 43 22
car 0.1129 154 1 182 14
car 0.1085 0 0 23 20
car 0.0468 27 0 45 13
car 0.0368 132 2 184 20
car 0.0336 152 2 172 12
car 0.0336 222 3 235 14
car 0.0223 101 0 113 11
car 0.0209 112 0 131 13
car 0.0208 0 0 15 11
car 0.0199 121 2 190 31
car 0.0174 214 0 233 13
car 0.0152 142 3 186 44
car 0.0143 387 0 431 23
car 0.0131 134 2 150 10
car 0.0125 470 0 496 24
car 0.0101 129 31 144 51
car 0.0096 398 0 414 11
car 0.0085 128 22 149 41
car 0.0076 428 0 459 16
car 0.0071 179 0 194 14
car 0.0070 277 0 323 23
car 0.0060 365 14 386 23
car 0.0046 293 11 314 26
car 0.0045 407 0 424 12
car 0.0045 179 0 193 30
car 0.0036 475 0 495 15
car 0.0035 214 0 236 22
car 0.0032 310 7 328 25
car 0.0026 419 1 437 15
car 0.0025 466 2 477 24
car 0.0024 163 1 185 33
car 0.0023 116 24 144 44
car 0.0022 426 0 466 37
car 0.0022 428 0 442 12
car 0.0022 115 17 149 37
car 0.0021 224 5 235 23
car 0.0021 472 10 499 26
car 0.0020 389 0 412 20
car 0.0020 315 0 334 21
car 0.0015 458 2 467 25
car 0.0015 128 16 150 28
car 0.0014 450 0 467 27
car 0.0013 170 2 192 38
car 0.0013 275 17 294 38
car 0.0012 292 0 336 24
car 0.0012 153 18 178 44
motorbike 0.1281 275 17 294 38
motorbike 0.0240 458 2 468 25
motorbike 0.0228 470 6 498 26
motorbike 0.0148 469 1 478 25
motorbike 0.0097 278 0 335 25
motorbike 0.0094 310 7 328 25
motorbike 0.0089 283 10 296 35
motorbike 0.0048 130 30 146 51
motorbike 0.0035 138 25 150 50
motorbike 0.0034 153 18 178 44
motorbike 0.0034 279 9 291 35
motorbike 0.0026 287 10 299 29
motorbike 0.0026 473 0 496 21
motorbike 0.0025 137 14 191 49
motorbike 0.0020 308 10 320 25
motorbike 0.0018 256 10 274 28
motorbike 0.0014 147 20 169 46
motorbike 0.0014 141 2 187 40
motorbike 0.0013 296 14 307 26
motorbike 0.0011 111 2 186 22
motorbike 0.0010 325 7 334 23
aeroplane 0.1229 276 0 337 24
aeroplane 0.0010 0 0 44 21
bus 0.0020 275 0 337 24
train 0.8343 21 32 496 320
train 0.0119 387 0 432 23
train 0.0058 279 1 453 26
train 0.0057 352 -1 473 27
train 0.0021 278 0 335 25
train 0.0010 303 38 394 94
boat 0.0209 277 0 332 23
boat 0.0070 387 0 432 23
boat 0.0018 365 12 388 23
boat 0.0011 293 11 314 26
bird 0.0528 202 51 210 65
bird 0.0070 113 72 126 102
bird 0.0054 214 50 225 67
bird 0.0040 98 76 110 86
bird 0.0039 114 72 125 87
bird 0.0036 215 60 224 68
bird 0.0032 189 65 197 71
bird 0.0028 132 75 139 82
bird 0.0019 283 10 296 35
bird 0.0018 144 73 152 80
bird 0.0015 168 68 176 75
bird 0.0015 178 67 186 74
bird 0.0012 156 70 163 77
dog 0.0021 280 12 296 38
dog 0.0014 309 8 332 25
dog 0.0010 276 21 290 38
horse 0.0090 280 12 296 38
horse 0.0085 310 6 333 25
horse 0.0052 276 21 290 38
horse 0.0025 255 10 273 28
horse 0.0021 278 0 335 25
horse 0.0021 288 10 299 28
horse 0.0011 285 10 297 34
bottle 0.0028 201 51 210 67
bottle 0.0028 113 72 127 103
bottle 0.0015 215 50 225 68
bottle 0.0011 335 53 343 62
chair 0.0068 310 6 333 25
chair 0.0063 325 6 334 23
chair 0.0044 296 14 307 26
chair 0.0040 351 14 361 23
chair 0.0036 275 21 288 38
chair 0.0034 254 9 273 28
chair 0.0034 129 32 143 51
chair 0.0032 287 10 299 29
chair 0.0027 282 12 293 34
chair 0.0026 365 12 388 23
chair 0.0023 359 14 368 23
chair 0.0022 275 11 295 38
chair 0.0018 426 6 458 38
chair 0.0018 224 4 234 14
chair 0.0018 341 10 350 24
chair 0.0017 337 0 347 23
chair 0.0016 470 5 498 26
chair 0.0015 223 5 236 24
chair 0.0013 309 10 318 24
diningtable 0.0045 365 12 388 23
