person 0.8958 273 115 356 259
person 0.8706 15 84 105 260
person 0.0313 15 101 52 247
person 0.0049 56 77 75 89
person 0.0039 27 78 82 133
person 0.0028 24 87 102 187
person 0.0021 91 176 109 206
person 0.0019 28 102 52 128
person 0.0018 52 76 81 109
person 0.0017 44 172 77 210
person 0.0017 490 138 499 146
person 0.0012 46 178 64 207
person 0.0012 71 177 109 207
bicycle 0.9366 257 184 373 296
bicycle 0.9038 14 177 104 298
bicycle 0.0879 289 145 381 287
bicycle 0.0076 23 176 110 217
bicycle 0.0043 339 147 382 235
bicycle 0.0023 62 179 108 206
bicycle 0.0023 55 179 107 291
bicycle 0.0012 92 179 110 205
bicycle 0.0011 43 176 81 212
bicycle 0.0011 19 207 49 270
car 0.0015 55 76 74 88
motorbike 0.0022 15 175 104 301
bird 0.0162 91 178 110 205
bird 0.0023 113 94 123 101
bird 0.0018 462 239 475 246
bird 0.0017 74 178 110 208
cat 0.0024 91 178 110 205
dog 0.0036 91 178 110 205
dog 0.0030 305 201 325 228
dog 0.0022 282 184 330 247
cow 0.0042 113 94 123 101
cow 0.0032 491 138 499 145
bottle 0.0336 48 216 62 243
bottle 0.0042 45 214 55 235
bottle 0.0039 306 201 324 229
bottle 0.0019 345 191 363 212
bottle 0.0016 462 239 475 246
bottle 0.0015 46 182 60 206
bottle 0.0014 312 208 327 233
