person 0.0819 0 356 14 374
person 0.0029 398 242 415 258
person 0.0016 247 217 257 241
person 0.0015 403 319 412 328
person 0.0010 213 216 226 232
bicycle 0.0010 0 356 14 374
car 0.0593 331 183 354 191
car 0.0082 355 180 369 188
car 0.0030 0 357 13 374
car 0.0024 355 177 394 188
car 0.0022 363 218 388 229
car 0.0019 234 48 253 60
car 0.0015 200 355 300 373
car 0.0013 266 50 280 58
car 0.0011 352 179 379 188
car 0.0011 393 174 410 183
motorbike 0.0012 0 359 14 375
bus 0.0124 415 227 498 286
bus 0.0079 204 114 249 131
bus 0.0069 116 180 217 198
bus 0.0047 331 183 354 191
bus 0.0034 222 202 392 231
bus 0.0032 221 183 417 220
bus 0.0026 355 177 394 188
bus 0.0023 207 174 262 187
bus 0.0019 203 88 270 103
bus 0.0018 314 220 418 269
bus 0.0018 218 188 277 206
bus 0.0015 363 218 388 229
bus 0.0015 204 203 391 255
bus 0.0014 355 180 369 188
bus 0.0013 202 94 270 111
bus 0.0012 200 204 254 238
bus 0.0012 205 111 245 119
bus 0.0012 227 356 294 373
bus 0.0011 218 185 276 198
train 0.8617 192 203 416 270
train 0.8512 416 227 499 286
train 0.3105 115 184 219 221
train 0.2333 56 167 458 217
train 0.2054 -38 238 492 371
train 0.1208 200 182 408 222
train 0.1137 117 179 221 201
train 0.0609 204 133 289 184
train 0.0589 160 253 461 371
train 0.0586 14 177 236 221
train 0.0535 8 121 500 198
train 0.0457 -25 192 481 290
train 0.0449 -34 182 453 247
train 0.0332 98 129 308 177
train 0.0329 108 173 290 196
train 0.0261 216 178 328 203
train 0.0260 121 112 257 138
train 0.0252 -4 94 494 165
train 0.0164 141 180 311 206
train 0.0147 108 156 293 180
train 0.0102 203 113 248 131
train 0.0094 177 257 300 369
train 0.0090 27 172 236 195
train 0.0086 194 201 276 225
train 0.0086 197 202 330 244
train 0.0073 105 127 271 157
train 0.0071 204 87 274 104
train 0.0067 322 221 420 270
train 0.0063 -2 59 502 137
train 0.0060 226 201 396 230
train 0.0054 6 110 292 192
train 0.0050 351 175 408 188
train 0.0046 135 255 217 327
train 0.0046 216 192 339 214
train 0.0044 180 263 218 326
train 0.0042 204 95 497 233
train 0.0042 194 203 239 234
train 0.0040 22 195 217 224
train 0.0039 197 202 239 220
train 0.0038 196 173 274 190
train 0.0033 49 212 318 260
train 0.0027 80 159 225 180
train 0.0024 302 192 401 212
train 0.0023 120 60 293 83
train 0.0021 218 188 277 206
train 0.0020 3 303 436 370
train 0.0020 81 146 223 167
train 0.0020 0 142 223 227
train 0.0019 207 95 272 107
train 0.0019 355 51 452 89
train 0.0019 361 218 388 229
train 0.0019 376 176 408 185
train 0.0018 113 135 223 151
train 0.0017 205 120 247 134
train 0.0017 199 351 301 373
train 0.0016 405 83 499 225
train 0.0016 218 185 276 198
train 0.0015 119 91 275 125
train 0.0015 192 204 266 241
train 0.0015 31 311 116 330
train 0.0015 274 179 287 187
train 0.0015 193 204 211 233
train 0.0015 6 148 231 187
train 0.0015 221 194 259 206
train 0.0014 257 204 502 287
train 0.0013 193 202 218 212
train 0.0013 348 159 411 185
train 0.0013 137 82 276 101
train 0.0011 363 227 419 269
train 0.0010 121 197 198 220
train 0.0010 276 178 323 198
boat 0.0190 402 80 499 213
boat 0.0060 204 87 274 104
boat 0.0057 120 60 293 83
boat 0.0057 123 110 255 132
boat 0.0053 204 114 249 131
boat 0.0045 116 180 217 198
boat 0.0029 -4 94 494 165
boat 0.0029 201 356 299 373
boat 0.0027 282 49 318 64
boat 0.0025 218 84 499 238
boat 0.0024 158 3 223 27
boat 0.0024 182 6 222 24
boat 0.0022 267 50 281 58
boat 0.0021 -2 59 502 137
boat 0.0019 207 95 272 107
boat 0.0018 229 39 274 56
boat 0.0017 237 48 272 60
boat 0.0017 454 20 499 41
boat 0.0017 228 45 284 60
boat 0.0015 137 82 276 101
boat 0.0014 47 30 497 115
boat 0.0013 140 84 170 100
boat 0.0013 232 33 325 61
boat 0.0012 262 44 322 63
boat 0.0012 257 49 277 60
boat 0.0012 192 8 219 22
boat 0.0012 481 21 499 36
boat 0.0012 204 134 288 181
boat 0.0012 231 49 255 59
boat 0.0011 112 117 239 141
boat 0.0011 110 129 295 176
boat 0.0011 108 95 268 132
boat 0.0011 48 120 462 200
boat 0.0011 266 47 299 59
boat 0.0011 427 85 467 147
boat 0.0010 175 88 216 103
boat 0.0010 3 2 356 82
