person 0.9140 359 172 478 369
person 0.8756 258 198 360 370
person 0.8683 129 179 258 369
person 0.8446 27 187 137 349
person 0.8395 338 171 407 271
person 0.8083 235 167 292 250
person 0.0313 378 164 416 212
person 0.0154 378 164 424 264
person 0.0080 140 181 184 259
person 0.0075 138 209 176 257
person 0.0050 343 171 376 259
person 0.0031 348 179 356 198
person 0.0026 5 261 33 315
person 0.0024 345 184 361 250
person 0.0023 405 234 427 271
person 0.0019 105 250 121 268
person 0.0018 142 178 224 255
person 0.0018 0 138 24 220
person 0.0017 346 166 417 218
person 0.0015 95 190 140 256
person 0.0014 348 219 428 361
person 0.0014 352 229 420 296
person 0.0013 101 139 115 168
person 0.0012 60 231 447 371
person 0.0011 161 251 183 269
bicycle 0.0012 180 139 193 165
car 0.0192 100 138 115 169
cat 0.0038 5 261 33 315
dog 0.0014 5 261 33 315
bottle 0.0407 99 277 110 296
bottle 0.0307 227 221 237 238
bottle 0.0302 109 269 124 295
bottle 0.0130 107 250 121 267
bottle 0.0113 137 228 151 253
bottle 0.0056 405 233 429 272
bottle 0.0052 341 233 348 250
bottle 0.0041 0 196 8 228
bottle 0.0033 109 258 122 284
bottle 0.0023 337 235 347 253
bottle 0.0022 330 242 339 254
bottle 0.0020 6 196 16 216
bottle 0.0015 343 238 353 252
bottle 0.0013 128 256 141 283
bottle 0.0010 262 231 273 244
chair 0.9185 296 303 399 373
chair 0.8732 421 305 499 373
chair 0.8395 159 327 277 373
chair 0.8164 0 265 100 373
chair 0.1871 161 251 183 269
chair 0.0892 142 213 177 258
chair 0.0758 405 234 426 271
chair 0.0580 227 221 238 237
chair 0.0435 345 194 362 248
chair 0.0369 235 203 254 235
chair 0.0278 398 224 413 270
chair 0.0163 400 212 428 253
chair 0.0156 137 225 152 253
chair 0.0136 343 255 383 305
chair 0.0121 376 223 421 270
chair 0.0118 227 209 247 237
chair 0.0109 358 285 380 303
chair 0.0108 136 211 156 251
chair 0.0107 236 220 250 239
chair 0.0096 346 257 361 303
chair 0.0090 320 196 353 247
chair 0.0089 393 207 422 267
chair 0.0082 256 257 282 355
chair 0.0081 391 220 408 270
chair 0.0074 147 230 175 255
chair 0.0070 406 228 419 256
chair 0.0070 234 210 289 250
chair 0.0063 34 299 96 348
chair 0.0062 140 239 263 367
chair 0.0061 258 296 277 330
chair 0.0059 160 339 170 374
chair 0.0057 255 255 282 302
chair 0.0054 233 223 245 238
chair 0.0051 409 234 428 253
chair 0.0046 239 202 257 225
chair 0.0038 163 350 279 373
chair 0.0035 415 234 429 247
chair 0.0034 240 234 284 259
chair 0.0033 363 228 407 268
chair 0.0032 394 239 407 268
chair 0.0031 94 220 141 257
chair 0.0031 141 250 180 272
chair 0.0031 221 204 373 269
chair 0.0031 254 326 282 374
chair 0.0031 407 231 423 248
chair 0.0031 260 240 406 358
chair 0.0031 338 182 423 269
chair 0.0031 335 186 445 344
chair 0.0030 153 217 174 247
chair 0.0028 54 231 392 372
chair 0.0028 410 229 430 245
chair 0.0028 424 346 487 373
chair 0.0027 384 252 404 268
chair 0.0024 213 221 233 240
chair 0.0023 362 290 389 304
chair 0.0023 0 283 17 372
chair 0.0023 378 164 414 210
chair 0.0023 226 234 285 277
chair 0.0022 126 220 181 279
chair 0.0022 25 242 119 343
chair 0.0022 369 252 404 270
chair 0.0022 355 257 413 366
chair 0.0021 352 263 374 291
chair 0.0021 259 240 303 355
chair 0.0018 364 297 493 370
chair 0.0018 352 229 420 296
chair 0.0017 277 220 421 284
chair 0.0017 140 181 184 259
chair 0.0017 94 279 147 372
chair 0.0016 471 305 499 359
chair 0.0014 134 339 172 374
chair 0.0014 339 254 371 269
chair 0.0013 124 254 164 284
chair 0.0013 382 168 427 274
chair 0.0012 2 259 33 320
chair 0.0012 238 228 250 239
chair 0.0011 0 138 24 220
chair 0.0011 226 223 244 247
chair 0.0010 267 326 281 374
chair 0.0010 259 259 352 370
chair 0.0010 10 245 172 364
chair 0.0010 306 302 393 336
sofa 0.0187 0 262 98 372
sofa 0.0027 391 210 429 270
sofa 0.0021 297 303 397 371
sofa 0.0017 354 166 420 258
sofa 0.0017 400 212 428 253
sofa 0.0017 144 213 176 257
sofa 0.0016 406 234 428 271
sofa 0.0014 0 273 27 369
sofa 0.0014 377 165 416 209
pottedplant 0.2640 0 152 23 222
pottedplant 0.0113 137 228 151 253
pottedplant 0.0111 5 185 17 219
pottedplant 0.0075 377 165 415 209
pottedplant 0.0043 146 216 176 257
pottedplant 0.0018 0 197 9 228
pottedplant 0.0017 136 211 156 251
pottedplant 0.0012 378 164 424 264
pottedplant 0.0011 105 250 122 268
diningtable 0.3455 93 269 152 370
diningtable 0.3396 97 252 296 371
diningtable 0.0743 100 252 169 292
diningtable 0.0489 60 231 447 371
diningtable 0.0488 239 240 286 274
diningtable 0.0430 94 241 413 309
diningtable 0.0409 246 247 285 299
diningtable 0.0379 251 247 284 261
diningtable 0.0328 230 242 410 299
diningtable 0.0261 232 232 393 274
diningtable 0.0223 254 254 284 269
diningtable 0.0166 199 238 315 272
diningtable 0.0102 240 234 284 259
diningtable 0.0084 342 256 383 304
diningtable 0.0074 228 233 413 357
diningtable 0.0064 166 213 326 293
diningtable 0.0058 114 253 163 272
diningtable 0.0057 0 197 21 276
diningtable 0.0046 124 253 164 284
diningtable 0.0046 256 254 281 292
diningtable 0.0038 143 307 278 370
diningtable 0.0038 256 253 284 334
diningtable 0.0026 221 241 279 329
diningtable 0.0024 401 211 426 248
diningtable 0.0024 358 285 380 303
diningtable 0.0022 337 250 373 266
diningtable 0.0018 266 253 284 260
diningtable 0.0018 105 258 171 340
diningtable 0.0018 72 247 168 373
diningtable 0.0017 125 253 153 268
diningtable 0.0016 409 234 428 253
diningtable 0.0016 223 201 416 289
diningtable 0.0016 315 252 389 299
diningtable 0.0015 126 220 181 279
diningtable 0.0015 405 234 428 272
diningtable 0.0015 258 238 302 320
diningtable 0.0011 352 263 374 291
diningtable 0.0010 97 287 136 307
