person 0.9383 3 69 413 372
person 0.8563 449 322 499 374
person 0.0448 403 335 437 374
person 0.0107 427 362 450 373
person 0.0052 393 240 404 270
person 0.0042 398 238 405 263
person 0.0032 0 252 133 373
person 0.0024 470 322 497 348
person 0.0023 492 340 499 359
person 0.0018 389 242 405 290
person 0.0017 374 243 382 269
person 0.0017 387 234 398 274
person 0.0010 86 234 100 258
car 0.0104 404 335 449 374
car 0.0082 427 362 450 373
car 0.0045 491 336 499 359
car 0.0029 449 347 471 357
car 0.0022 162 107 201 150
bus 0.0079 428 205 499 321
bus 0.0073 356 196 498 361
bus 0.0043 385 194 436 361
bus 0.0016 439 321 473 356
bus 0.0013 347 221 401 281
bus 0.0010 429 203 499 258
bus 0.0010 407 318 474 369
train 0.0034 343 192 497 368
bottle 0.0023 86 234 100 258
chair 0.0078 166 158 198 210
chair 0.0039 4 198 432 372
chair 0.0022 199 54 237 92
chair 0.0012 156 156 203 232
sofa 0.0018 4 198 432 372
tvmonitor 0.0199 161 85 202 153
tvmonitor 0.0037 163 109 201 144
tvmonitor 0.0023 166 157 198 213
