person 0.0037 1 -8 470 348
person 0.0013 4 248 496 371
person 0.0012 366 -5 499 353
car 0.0202 77 -7 498 305
car 0.0036 330 -2 499 229
bus 0.0010 95 -6 494 259
dog 0.8049 84 28 416 317
chair 0.2898 0 -2 126 323
chair 0.0963 -4 -3 473 331
chair 0.0135 4 248 496 371
chair 0.0094 123 -6 495 234
chair 0.0029 208 0 336 30
chair 0.0024 136 2 334 178
chair 0.0023 330 -2 499 229
chair 0.0022 84 -3 125 279
chair 0.0018 155 1 330 77
chair 0.0011 24 -41 375 220
sofa 0.0985 -3 8 498 376
sofa 0.0637 0 1 127 327
sofa 0.0112 4 248 496 371
sofa 0.0016 332 -2 500 229
diningtable 0.3769 -1 248 494 370
diningtable 0.0026 0 1 127 327
diningtable 0.0021 -1 278 277 371
diningtable 0.0019 0 56 500 378
tvmonitor 0.0081 333 -2 499 231
tvmonitor 0.0020 158 -6 495 239
