person 0.8971 154 104 265 239
person 0.0331 128 130 138 140
person 0.0070 129 110 138 140
person 0.0021 180 105 264 176
person 0.0010 183 159 207 179
bicycle 0.7206 151 163 236 263
bicycle 0.0089 179 177 230 238
bicycle 0.0015 155 139 290 261
motorbike 0.0011 150 164 238 264
bottle 0.0020 151 221 180 256
bottle 0.0017 183 161 201 180
bottle 0.0014 154 224 174 244
bottle 0.0012 193 158 209 174
chair 0.0034 152 153 247 265
chair 0.0013 201 154 214 169
pottedplant 0.0011 129 130 138 140
diningtable 0.0184 244 144 468 183
diningtable 0.0028 1 137 192 160
diningtable 0.0019 -2 141 196 188
diningtable 0.0014 251 144 460 164
