person 0.8230 204 2 403 327
person 0.2968 134 168 153 216
person 0.1329 98 172 114 209
person 0.0358 15 4 443 330
person 0.0220 206 130 260 222
person 0.0201 95 167 108 201
person 0.0164 136 175 166 213
person 0.0130 340 159 491 328
person 0.0105 137 159 488 328
person 0.0081 147 183 166 210
person 0.0030 100 158 110 174
person 0.0019 81 171 114 220
person 0.0015 138 187 155 214
person 0.0013 112 159 124 168
person 0.0013 10 124 261 329
person 0.0012 90 169 117 204
person 0.0010 102 170 141 215
dog 0.0085 136 175 166 213
dog 0.0040 134 166 153 215
dog 0.0015 147 183 166 210
horse 0.0077 133 166 165 215
horse 0.0025 96 171 114 209
horse 0.0021 141 183 167 213
bottle 0.0082 227 208 245 243
bottle 0.0041 132 167 155 215
bottle 0.0021 222 206 250 273
bottle 0.0020 19 37 100 291
bottle 0.0017 199 185 230 265
bottle 0.0013 199 185 222 232
chair 0.1372 337 160 491 328
chair 0.0129 165 164 489 328
chair 0.0081 0 232 50 322
chair 0.0023 14 43 99 296
chair 0.0018 470 259 484 328
chair 0.0015 238 272 279 330
chair 0.0015 0 232 26 317
chair 0.0015 459 262 488 329
chair 0.0010 239 264 329 330
sofa 0.0538 341 158 491 329
sofa 0.0079 165 164 489 328
diningtable 0.0029 26 131 217 287
tvmonitor 0.5319 32 130 202 275
tvmonitor 0.0069 92 170 121 208
tvmonitor 0.0066 15 51 163 304
tvmonitor 0.0044 0 230 23 314
tvmonitor 0.0030 103 153 197 224
tvmonitor 0.0026 132 167 155 215
tvmonitor 0.0019 0 232 45 321
tvmonitor 0.0010 3 -2 484 333
tvmonitor 0.0010 43 147 172 230
