person 0.1626 253 121 275 144
person 0.0709 260 122 274 137
person 0.0295 385 36 392 46
person 0.0234 256 122 266 139
person 0.0124 236 123 271 145
person 0.0042 280 120 296 142
person 0.0026 248 123 264 141
person 0.0023 280 118 310 143
person 0.0021 216 131 244 147
person 0.0020 215 123 267 147
person 0.0012 172 43 179 60
person 0.0010 325 114 341 122
car 0.9350 106 109 410 217
car 0.0092 377 119 407 153
car 0.0059 377 120 411 184
car 0.0027 105 143 199 202
aeroplane 0.0017 211 40 220 48
aeroplane 0.0011 385 36 392 47
boat 0.0019 385 36 392 47
boat 0.0013 211 40 220 49
bird 0.0213 385 36 392 47
bird 0.0047 211 40 220 49
bottle 0.0014 275 198 291 222
chair 0.0042 377 119 403 138
