person 0.8640 213 8 388 328
person 0.0033 47 10 429 338
boat 0.0026 75 147 451 330
bird 0.0069 89 152 359 330
horse 0.0027 79 141 436 330
chair 0.0047 87 150 369 330
chair 0.0044 361 317 497 333
chair 0.0034 170 169 227 205
pottedplant 0.0479 370 214 496 321
pottedplant 0.0277 325 157 498 322
pottedplant 0.0059 318 211 384 308
pottedplant 0.0051 0 72 168 327
pottedplant 0.0048 320 -1 499 322
pottedplant 0.0043 319 208 443 320
pottedplant 0.0041 151 113 203 172
pottedplant 0.0014 5 196 174 326
diningtable 0.0032 358 317 498 333
diningtable 0.0012 32 166 497 330
