person 0.7017 142 131 324 335
person 0.5826 264 -1 498 333
person 0.3113 80 103 490 335
person 0.0742 151 125 278 277
person 0.0556 306 136 499 335
person 0.0323 194 127 274 240
person 0.0220 142 197 262 271
person 0.0194 1 60 499 255
person 0.0173 130 191 209 277
person 0.0143 405 1 499 149
person 0.0115 264 160 394 301
person 0.0032 256 88 406 226
person 0.0021 0 62 293 336
person 0.0018 205 111 410 326
person 0.0015 19 186 223 288
person 0.0014 301 165 387 271
person 0.0013 392 4 499 276
person 0.0011 147 83 426 247
dog 0.0224 130 191 209 277
bottle 0.8579 286 256 315 326
bottle 0.0018 281 251 297 318
chair 0.0030 95 -5 498 343
chair 0.0014 312 176 498 334
sofa 0.6115 1 71 508 338
sofa 0.1862 99 103 381 334
sofa 0.0510 1 55 278 263
sofa 0.0128 265 -8 499 336
sofa 0.0021 9 220 463 334
sofa 0.0013 0 126 63 240
sofa 0.0012 317 133 499 334
diningtable 0.0102 226 315 372 338
diningtable 0.0030 312 314 381 333
diningtable 0.0021 21 243 423 335
diningtable 0.0015 261 323 363 337
diningtable 0.0010 92 300 379 336
