person 0.9247 216 68 390 279
person 0.8884 98 92 254 298
person 0.0040 157 36 192 67
person 0.0034 148 36 205 97
person 0.0019 142 0 277 99
car 0.0018 372 266 398 294
car 0.0010 350 268 390 302
aeroplane 0.0016 302 302 364 320
cat 0.0025 121 310 155 327
cat 0.0010 299 322 402 374
cat 0.0010 371 309 397 371
bottle 0.2248 371 309 396 369
bottle 0.1691 139 351 164 375
bottle 0.0439 391 329 420 373
bottle 0.0119 79 311 90 368
bottle 0.0052 177 341 243 374
bottle 0.0036 157 36 191 67
bottle 0.0033 310 307 398 375
bottle 0.0019 116 359 152 373
bottle 0.0016 176 288 202 330
bottle 0.0014 252 131 268 147
chair 0.8464 66 204 128 291
chair 0.8429 0 220 47 298
chair 0.0213 382 182 394 256
chair 0.0114 48 190 259 287
chair 0.0107 0 219 36 272
chair 0.0065 381 180 403 262
chair 0.0065 377 182 391 265
chair 0.0061 69 96 419 291
chair 0.0056 0 150 43 297
chair 0.0054 16 151 184 294
chair 0.0035 376 243 385 263
chair 0.0021 0 157 27 225
chair 0.0014 467 349 493 374
sofa 0.0259 15 114 460 324
sofa 0.0032 0 221 45 296
sofa 0.0016 7 230 475 371
pottedplant 0.0018 53 152 116 179
pottedplant 0.0017 253 131 269 147
diningtable 0.7259 -2 259 495 371
diningtable 0.2088 9 150 164 287
diningtable 0.1673 251 259 500 370
diningtable 0.0634 384 260 499 328
diningtable 0.0544 2 283 263 369
diningtable 0.0103 11 151 161 217
diningtable 0.0068 0 294 45 368
diningtable 0.0061 33 153 157 188
diningtable 0.0049 471 323 499 373
diningtable 0.0048 22 110 476 352
diningtable 0.0037 0 157 27 225
diningtable 0.0034 77 283 226 357
diningtable 0.0034 442 312 500 373
diningtable 0.0021 398 299 499 372
diningtable 0.0020 0 220 35 272
diningtable 0.0019 0 290 143 369
diningtable 0.0017 205 272 342 363
diningtable 0.0012 236 331 378 374
diningtable 0.0011 294 329 496 376
tvmonitor 0.8560 308 70 392 161
tvmonitor 0.0329 141 0 281 101
tvmonitor 0.0012 143 1 220 74
tvmonitor 0.0011 0 157 28 225
