person 0.8136 20 10 433 327
person 0.4625 249 126 435 330
person 0.2745 405 272 481 331
person 0.0615 0 48 103 330
person 0.0198 473 186 499 331
person 0.0051 412 185 498 331
person 0.0039 476 254 499 331
person 0.0028 1 58 104 177
person 0.0023 1 58 241 327
person 0.0021 0 85 54 268
person 0.0019 268 131 388 273
person 0.0018 0 101 14 134
bus 0.0012 473 182 499 332
bird 0.0019 0 101 93 300
dog 0.0030 0 104 93 316
dog 0.0011 32 28 363 339
bottle 0.0034 64 29 104 142
bottle 0.0023 4 28 104 260
bottle 0.0014 71 27 105 90
chair 0.0046 473 183 499 328
chair 0.0017 380 273 480 331
sofa 0.0017 -4 135 491 331
