person 0.5579 227 49 490 377
person 0.0554 14 10 483 375
person 0.0230 119 108 182 330
person 0.0136 0 53 29 95
person 0.0083 82 85 237 369
person 0.0060 231 67 347 369
person 0.0034 0 49 31 348
person 0.0025 99 211 220 348
person 0.0012 193 205 296 368
person 0.0011 128 105 180 226
car 0.0018 0 1 501 356
bus 0.0101 7 -7 486 374
train 0.0208 6 3 483 373
cat 0.1165 235 57 451 377
cat 0.0041 223 67 346 369
cat 0.0024 102 86 256 359
cat 0.0018 111 111 190 348
cat 0.0013 141 37 332 375
cat 0.0011 191 119 304 373
dog 0.0161 220 58 474 381
dog 0.0015 218 73 349 374
dog 0.0012 102 86 256 359
sofa 0.0024 9 48 502 373
tvmonitor 0.1664 6 -5 491 370
