person 0.1119 239 155 259 180
person 0.0425 448 325 499 373
person 0.0053 287 33 296 49
person 0.0031 214 149 227 173
person 0.0025 210 148 218 160
person 0.0013 417 211 435 226
person 0.0012 211 143 230 180
person 0.0012 0 138 8 163
person 0.0011 270 137 497 261
car 0.0013 63 168 252 355
bird 0.0019 344 16 358 34
cat 0.0015 417 211 435 226
cat 0.0014 240 155 258 180
dog 0.0025 240 155 258 180
bottle 0.4368 330 241 356 305
bottle 0.0039 212 176 224 188
bottle 0.0032 338 241 353 277
bottle 0.0024 352 249 364 271
bottle 0.0021 403 247 424 276
bottle 0.0016 336 241 352 254
bottle 0.0013 329 330 352 346
bottle 0.0011 178 107 192 173
bottle 0.0010 0 138 17 288
chair 0.8812 60 162 249 361
chair 0.4163 447 327 499 373
chair 0.1684 398 186 499 327
chair 0.1594 77 110 165 188
chair 0.0646 116 110 161 145
chair 0.0563 272 136 497 266
chair 0.0556 194 134 272 204
chair 0.0383 276 161 398 264
chair 0.0229 77 138 170 171
chair 0.0149 186 152 226 191
chair 0.0148 208 158 245 191
chair 0.0127 463 187 499 254
chair 0.0080 409 179 467 237
chair 0.0075 82 109 162 150
chair 0.0053 159 119 178 183
chair 0.0053 462 188 499 319
chair 0.0042 2 156 60 291
chair 0.0039 232 141 265 176
chair 0.0037 453 308 499 341
chair 0.0028 469 242 499 320
chair 0.0027 0 158 16 295
chair 0.0025 317 168 370 216
chair 0.0023 446 235 499 362
chair 0.0020 237 151 262 180
chair 0.0018 13 216 57 283
chair 0.0017 167 108 194 191
chair 0.0016 258 152 283 203
chair 0.0013 206 139 228 163
chair 0.0012 283 169 498 338
chair 0.0012 213 140 235 181
chair 0.0011 191 80 292 202
sofa 0.8691 268 138 499 298
sofa 0.6009 63 167 251 358
sofa 0.4950 395 185 499 321
sofa 0.0601 447 326 498 373
sofa 0.0398 77 108 166 185
sofa 0.0198 117 110 161 145
sofa 0.0104 462 188 499 253
sofa 0.0070 273 159 394 265
sofa 0.0053 462 188 499 319
sofa 0.0051 284 245 475 369
sofa 0.0026 77 138 167 170
sofa 0.0015 82 109 162 150
sofa 0.0014 4 155 66 292
sofa 0.0013 469 242 499 320
sofa 0.0013 337 177 469 262
sofa 0.0012 186 132 282 201
pottedplant 0.6601 187 154 226 190
pottedplant 0.4582 17 164 82 276
pottedplant 0.4560 193 75 294 155
pottedplant 0.3646 342 176 459 288
pottedplant 0.2617 251 76 297 162
pottedplant 0.0655 206 158 226 187
pottedplant 0.0184 2 160 60 291
pottedplant 0.0180 262 107 292 163
pottedplant 0.0132 356 176 468 233
pottedplant 0.0130 185 154 199 187
pottedplant 0.0086 407 179 468 237
pottedplant 0.0068 212 176 224 188
pottedplant 0.0062 193 77 242 137
pottedplant 0.0061 227 120 257 148
pottedplant 0.0058 235 131 255 149
pottedplant 0.0046 194 176 208 191
pottedplant 0.0041 403 247 424 276
pottedplant 0.0036 161 76 186 163
pottedplant 0.0036 199 133 267 189
pottedplant 0.0035 275 45 307 64
pottedplant 0.0031 48 219 76 288
pottedplant 0.0024 257 117 277 154
pottedplant 0.0022 350 249 366 273
pottedplant 0.0019 18 176 48 225
pottedplant 0.0019 201 153 219 168
pottedplant 0.0017 60 160 83 185
pottedplant 0.0016 330 244 355 305
pottedplant 0.0015 1 137 31 288
pottedplant 0.0013 170 93 191 181
pottedplant 0.0011 201 103 220 133
pottedplant 0.0011 260 162 283 201
pottedplant 0.0010 350 362 378 374
pottedplant 0.0010 185 165 195 188
pottedplant 0.0010 166 82 184 129
pottedplant 0.0010 232 141 265 176
pottedplant 0.0010 344 179 423 243
diningtable 0.2126 283 245 472 370
diningtable 0.0041 79 141 164 188
diningtable 0.0022 448 325 499 373
tvmonitor 0.0030 198 133 269 192
tvmonitor 0.0029 78 140 164 188
tvmonitor 0.0016 237 149 263 183
