person 0.1782 155 160 172 174
person 0.0936 175 159 191 174
person 0.0706 337 159 356 174
person 0.0684 135 161 149 177
person 0.0511 148 160 167 176
person 0.0375 318 143 326 153
person 0.0306 354 156 377 174
person 0.0300 363 159 380 175
person 0.0274 2 133 10 142
person 0.0231 351 155 368 173
person 0.0227 170 157 187 173
person 0.0197 344 155 360 173
person 0.0176 330 159 346 173
person 0.0173 323 160 334 173
person 0.0111 164 158 178 172
person 0.0104 103 128 111 156
person 0.0094 169 125 186 142
person 0.0081 187 131 195 150
person 0.0079 183 161 201 175
person 0.0066 105 126 112 148
person 0.0053 311 153 367 207
person 0.0048 320 157 342 180
person 0.0047 194 132 204 149
person 0.0039 303 133 311 148
person 0.0038 192 139 201 150
person 0.0036 96 132 109 157
person 0.0034 187 142 195 153
person 0.0027 284 133 292 153
person 0.0026 350 151 365 163
person 0.0020 300 139 308 149
person 0.0019 316 142 327 157
person 0.0017 117 152 152 179
person 0.0017 153 140 162 148
person 0.0017 314 137 322 151
person 0.0017 490 130 499 146
person 0.0016 338 151 354 165
person 0.0015 192 125 208 150
person 0.0015 174 137 189 151
person 0.0015 391 136 403 149
person 0.0015 93 134 107 152
person 0.0012 99 121 112 144
person 0.0011 318 135 327 151
person 0.0011 152 163 173 181
person 0.0011 3 131 16 142
car 0.9318 281 146 407 239
car 0.9150 108 148 235 238
car 0.8657 438 130 498 165
car 0.0291 5 125 56 145
car 0.0197 32 134 109 160
car 0.0181 397 129 423 149
car 0.0162 244 139 261 150
car 0.0158 20 123 109 152
car 0.0119 2 128 79 167
car 0.0098 243 139 281 155
car 0.0086 36 138 57 147
car 0.0060 427 134 441 148
car 0.0055 395 130 406 138
car 0.0051 403 136 422 149
car 0.0047 394 130 407 145
car 0.0044 37 137 73 148
car 0.0039 4 126 36 143
car 0.0037 389 136 404 149
car 0.0035 369 131 404 148
car 0.0032 411 138 423 149
car 0.0032 30 126 55 146
car 0.0029 438 134 453 147
car 0.0027 426 125 446 148
car 0.0026 437 135 454 159
car 0.0025 425 136 437 149
car 0.0024 1 131 11 143
car 0.0021 490 131 499 151
car 0.0019 201 162 216 175
car 0.0018 209 140 249 158
car 0.0017 244 141 262 157
car 0.0016 245 126 328 157
car 0.0014 260 141 280 155
car 0.0014 242 141 251 152
car 0.0014 72 136 109 157
car 0.0014 489 142 499 164
car 0.0011 93 134 107 152
car 0.0011 22 124 48 143
bus 0.0051 245 126 328 157
bus 0.0016 245 135 283 156
bus 0.0015 156 123 211 161
bird 0.0015 168 126 186 143
horse 0.0023 169 127 187 143
pottedplant 0.0029 169 125 186 142
pottedplant 0.0014 159 123 211 167
pottedplant 0.0012 316 131 326 149
diningtable 0.0011 -3 102 492 375
