person 0.8411 2 -2 322 330
person 0.5263 380 117 497 327
person 0.0304 201 35 502 326
person 0.0039 0 29 67 312
bicycle 0.0025 -10 4 497 332
car 0.0015 1 -5 459 333
boat 0.0022 7 -8 490 334
bird 0.0076 382 25 498 332
bird 0.0048 242 25 498 332
bird 0.0027 -2 9 502 330
cat 0.4259 386 17 499 323
cat 0.3571 241 10 487 340
cat 0.0309 397 9 500 183
cat 0.0256 -2 9 502 330
dog 0.1397 254 13 506 338
dog 0.0579 -2 9 502 330
dog 0.0131 384 31 499 331
dog 0.0029 398 10 500 180
dog 0.0019 154 170 498 330
horse 0.0118 -1 -8 500 335
sheep 0.0022 132 23 500 331
cow 0.0045 -5 4 496 334
cow 0.0040 225 27 497 331
bottle 0.0011 382 25 498 332
chair 0.0032 1 -5 459 333
chair 0.0029 247 1 499 340
chair 0.0018 0 37 60 306
chair 0.0012 0 282 127 331
chair 0.0010 241 7 489 172
sofa 0.0125 7 -8 490 334
sofa 0.0013 0 36 56 305
sofa 0.0010 234 14 497 330
