bicycle 0.0125 338 225 425 468
bicycle 0.0030 0 289 105 406
bicycle 0.0025 346 242 425 374
bicycle 0.0010 229 150 310 202
bicycle 0.0010 188 137 304 219
car 0.0038 55 441 70 460
bottle 0.0010 348 248 385 309
chair 0.0769 363 313 425 461
chair 0.0497 0 289 105 422
chair 0.0050 95 324 188 398
chair 0.0047 346 242 425 374
chair 0.0041 20 392 213 496
chair 0.0026 18 290 205 490
chair 0.0023 4 289 105 344
chair 0.0021 18 377 414 496
chair 0.0020 335 191 424 470
chair 0.0017 101 329 145 361
chair 0.0014 133 387 222 493
sofa 0.0131 351 241 425 459
sofa 0.0030 16 328 384 494
sofa 0.0028 0 289 106 408
pottedplant 0.4436 338 225 425 468
pottedplant 0.3884 41 54 407 491
pottedplant 0.1128 0 289 106 381
pottedplant 0.0514 183 172 401 485
pottedplant 0.0512 347 242 425 373
pottedplant 0.0437 16 328 384 494
pottedplant 0.0287 0 290 36 373
pottedplant 0.0190 0 330 84 377
pottedplant 0.0180 337 381 365 414
pottedplant 0.0170 201 323 323 479
pottedplant 0.0130 98 317 195 398
pottedplant 0.0112 61 77 254 446
pottedplant 0.0107 18 391 224 497
pottedplant 0.0090 0 93 122 379
pottedplant 0.0082 321 188 425 383
pottedplant 0.0060 98 299 226 441
pottedplant 0.0054 84 285 330 473
pottedplant 0.0053 0 290 33 334
pottedplant 0.0031 336 371 378 415
pottedplant 0.0023 96 231 232 408
pottedplant 0.0020 15 311 222 482
pottedplant 0.0020 200 273 366 426
pottedplant 0.0019 53 434 71 461
pottedplant 0.0017 137 349 183 396
pottedplant 0.0016 131 330 214 466
pottedplant 0.0014 385 287 425 368
pottedplant 0.0012 96 328 152 397
pottedplant 0.0011 -3 17 184 406
diningtable 0.0171 18 377 414 496
diningtable 0.0048 20 392 213 496
diningtable 0.0022 15 202 402 497
diningtable 0.0013 351 241 425 459
tvmonitor 0.0156 363 317 424 460
