person 0.6930 433 0 459 28
person 0.3852 315 14 329 49
person 0.3552 330 6 349 51
person 0.3123 302 14 317 48
person 0.0530 476 0 498 22
person 0.0514 423 0 433 24
person 0.0486 443 0 466 33
person 0.0427 350 8 374 53
person 0.0326 286 2 308 44
person 0.0287 310 14 323 49
person 0.0277 420 0 429 24
person 0.0264 461 0 480 26
person 0.0235 452 0 475 29
person 0.0214 398 0 428 24
person 0.0212 413 1 427 23
person 0.0180 287 16 303 43
person 0.0120 306 0 333 48
person 0.0119 388 0 404 20
person 0.0117 69 0 112 56
person 0.0111 454 0 466 22
person 0.0103 323 18 332 49
person 0.0101 42 0 72 59
person 0.0098 285 12 297 39
person 0.0082 316 1 347 50
person 0.0073 427 0 441 26
person 0.0069 417 15 428 39
person 0.0069 349 20 359 51
person 0.0067 417 13 427 25
person 0.0058 448 0 492 31
person 0.0053 338 17 349 50
person 0.0050 379 1 412 28
person 0.0048 123 0 144 17
person 0.0044 265 15 304 57
person 0.0044 375 0 405 19
person 0.0043 398 10 430 41
person 0.0032 475 1 487 22
person 0.0032 328 17 339 49
person 0.0030 51 15 68 60
person 0.0029 244 1 308 48
person 0.0028 282 8 295 34
person 0.0027 282 0 303 30
person 0.0025 356 23 375 53
person 0.0023 433 16 499 98
person 0.0023 194 11 307 94
person 0.0021 401 9 425 23
person 0.0021 123 0 139 11
person 0.0020 291 1 307 26
person 0.0019 59 3 82 62
person 0.0019 401 0 422 12
person 0.0018 353 21 367 52
person 0.0018 3 -12 492 302
person 0.0017 0 31 28 84
person 0.0017 298 18 312 47
person 0.0017 122 0 167 18
person 0.0015 383 0 403 12
person 0.0014 328 1 383 54
person 0.0014 369 1 418 42
person 0.0014 176 17 207 56
person 0.0013 138 0 333 49
person 0.0013 327 -2 499 218
person 0.0013 307 0 324 17
person 0.0012 455 145 498 203
person 0.0010 432 170 488 202
person 0.0010 260 0 297 29
bicycle 0.0516 53 2 126 59
bicycle 0.0189 443 0 466 34
bicycle 0.0143 0 38 14 86
bicycle 0.0108 42 2 70 60
bicycle 0.0102 0 35 28 85
bicycle 0.0088 45 4 88 87
bicycle 0.0066 374 5 419 40
bicycle 0.0056 65 6 83 59
bicycle 0.0053 341 1 425 54
bicycle 0.0040 56 18 70 60
bicycle 0.0032 65 5 101 60
bicycle 0.0024 399 15 429 40
bicycle 0.0023 1 3 86 89
bicycle 0.0023 365 6 448 65
bicycle 0.0021 354 20 375 53
bicycle 0.0020 9 4 68 62
bicycle 0.0018 347 5 371 53
bicycle 0.0014 2 83 146 253
bicycle 0.0014 359 7 385 44
bicycle 0.0013 82 15 120 57
bicycle 0.0013 438 15 458 31
car 0.0155 400 8 426 23
car 0.0046 0 36 29 84
car 0.0042 398 0 429 24
car 0.0015 353 1 376 10
car 0.0014 74 0 148 58
car 0.0013 477 0 498 21
car 0.0013 97 0 391 63
car 0.0012 122 0 460 105
car 0.0012 135 0 218 53
motorbike 0.9004 39 -10 497 347
motorbike 0.6372 0 35 29 86
motorbike 0.1969 105 1 375 117
motorbike 0.1704 7 -2 284 253
motorbike 0.1441 363 0 424 42
motorbike 0.1351 107 1 215 63
motorbike 0.1217 100 18 215 115
motorbike 0.0839 0 38 15 85
motorbike 0.0293 93 3 489 160
motorbike 0.0208 442 3 466 34
motorbike 0.0153 398 10 430 41
motorbike 0.0153 427 12 499 208
motorbike 0.0147 433 16 499 100
motorbike 0.0124 76 0 485 78
motorbike 0.0109 56 3 132 59
motorbike 0.0096 379 0 427 29
motorbike 0.0089 401 9 426 23
motorbike 0.0081 375 0 405 19
motorbike 0.0078 1 4 66 88
motorbike 0.0071 145 17 201 59
motorbike 0.0064 365 6 448 65
motorbike 0.0059 45 2 187 75
motorbike 0.0054 16 5 215 111
motorbike 0.0052 362 5 395 41
motorbike 0.0052 353 4 500 212
motorbike 0.0039 478 1 498 21
motorbike 0.0034 398 0 428 24
motorbike 0.0033 135 0 309 61
motorbike 0.0032 194 11 307 94
motorbike 0.0029 427 25 444 38
motorbike 0.0028 329 2 411 54
motorbike 0.0026 414 18 428 40
motorbike 0.0020 388 0 404 20
motorbike 0.0020 448 0 492 31
motorbike 0.0017 207 1 416 65
motorbike 0.0017 347 5 371 53
motorbike 0.0016 438 15 458 31
motorbike 0.0015 427 0 441 26
motorbike 0.0012 380 17 487 102
motorbike 0.0011 364 1 395 22
bottle 0.0145 302 13 317 48
bottle 0.0022 447 133 496 200
chair 0.0013 443 0 466 34
chair 0.0010 44 6 71 88
