person 0.9059 1 62 110 476
person 0.0488 344 196 374 301
person 0.0184 21 97 38 125
person 0.0038 94 98 107 106
person 0.0028 317 24 375 318
person 0.0018 88 99 102 107
person 0.0016 341 96 375 308
person 0.0013 49 0 89 13
person 0.0012 345 69 372 105
person 0.0011 82 100 104 144
person 0.0011 23 83 48 121
person 0.0010 344 78 355 103
bottle 0.0096 343 188 374 302
bottle 0.0033 115 61 361 431
chair 0.1783 103 175 137 329
chair 0.0617 344 196 374 301
chair 0.0565 107 196 135 278
chair 0.0171 115 218 144 329
chair 0.0060 346 278 374 301
chair 0.0042 89 126 147 345
chair 0.0021 344 252 374 300
chair 0.0014 85 94 134 221
chair 0.0013 364 279 374 300
chair 0.0013 101 174 133 225
chair 0.0012 330 80 346 105
chair 0.0012 89 112 251 344
chair 0.0011 87 241 105 254
chair 0.0010 110 96 372 429
pottedplant 0.0894 212 18 373 319
pottedplant 0.0157 78 3 316 239
pottedplant 0.0125 100 97 370 435
pottedplant 0.0047 262 39 302 100
pottedplant 0.0043 317 24 375 318
pottedplant 0.0035 95 95 369 235
pottedplant 0.0031 101 174 132 210
diningtable 0.0081 58 297 374 492
diningtable 0.0076 102 171 145 319
diningtable 0.0055 345 194 374 294
diningtable 0.0020 92 100 361 408
