person 0.9281 208 135 427 369
person 0.8680 0 172 194 372
person 0.0939 99 200 178 263
person 0.0807 80 186 212 371
person 0.0217 36 154 411 372
person 0.0068 483 349 499 374
person 0.0049 0 351 21 374
person 0.0044 87 241 170 367
person 0.0033 209 135 332 283
person 0.0031 123 324 172 373
person 0.0024 88 202 185 299
person 0.0020 0 178 21 203
person 0.0014 0 177 87 373
person 0.0014 0 297 72 373
person 0.0013 139 260 208 374
car 0.0339 67 63 84 71
car 0.0199 427 60 439 73
car 0.0082 463 80 489 90
car 0.0035 60 127 478 378
car 0.0024 0 79 16 91
car 0.0017 484 76 497 85
car 0.0016 387 71 499 263
car 0.0015 489 74 498 84
car 0.0015 72 63 97 72
car 0.0013 90 63 101 72
car 0.0011 471 77 491 87
car 0.0010 416 62 427 78
bus 0.0014 427 60 439 73
train 0.0017 138 135 454 370
boat 0.5958 -7 129 485 369
boat 0.1611 464 81 488 90
boat 0.0094 471 77 491 87
boat 0.0082 412 79 423 86
boat 0.0062 -4 167 271 375
boat 0.0059 0 79 16 98
boat 0.0055 463 64 491 90
boat 0.0052 489 74 498 84
boat 0.0051 427 59 438 72
boat 0.0047 308 82 370 92
boat 0.0046 205 134 428 368
boat 0.0041 276 43 297 59
boat 0.0040 465 85 481 93
boat 0.0036 484 76 497 85
boat 0.0026 414 63 424 81
boat 0.0021 338 75 365 84
boat 0.0020 419 63 478 89
boat 0.0019 451 81 475 89
boat 0.0017 308 77 374 90
boat 0.0015 427 79 469 89
boat 0.0015 411 79 435 88
boat 0.0014 415 62 447 86
boat 0.0013 437 74 484 89
boat 0.0013 1 -9 262 341
boat 0.0013 461 80 493 96
boat 0.0012 480 72 495 86
boat 0.0011 461 73 474 85
cat 0.0013 98 200 178 263
dog 0.0865 99 200 178 263
dog 0.0055 79 195 209 369
horse 0.0053 100 199 177 263
horse 0.0017 24 252 404 372
horse 0.0016 61 187 216 371
sheep 0.0047 102 199 179 263
cow 0.0094 102 199 177 263
bottle 0.0047 135 281 163 341
bottle 0.0023 137 312 162 341
bottle 0.0013 483 349 499 374
chair 0.1408 66 130 484 371
chair 0.1378 182 174 427 369
chair 0.1193 333 192 425 325
chair 0.0658 130 257 376 373
chair 0.0320 99 200 178 263
chair 0.0266 192 181 286 281
chair 0.0186 0 295 75 372
chair 0.0150 483 349 499 374
chair 0.0124 0 351 21 374
chair 0.0093 86 241 206 374
chair 0.0061 139 261 207 374
chair 0.0033 187 201 341 290
chair 0.0031 188 239 213 270
chair 0.0025 90 191 147 233
chair 0.0018 92 252 143 360
chair 0.0016 0 251 182 372
chair 0.0014 63 143 226 264
chair 0.0011 134 277 163 341
chair 0.0011 76 215 164 363
chair 0.0010 252 265 358 371
sofa 0.2716 147 142 437 370
sofa 0.1229 100 246 425 373
sofa 0.0680 334 193 425 326
sofa 0.0051 1 233 201 371
sofa 0.0028 100 200 177 262
sofa 0.0011 483 349 499 374
sofa 0.0011 192 184 288 281
