person 0.2834 4 259 17 296
person 0.0061 167 162 182 169
person 0.0036 5 279 16 298
person 0.0019 399 81 420 117
person 0.0014 370 217 379 225
person 0.0010 162 163 181 173
bicycle 0.0128 400 103 421 116
bicycle 0.0029 394 83 422 115
bicycle 0.0023 5 264 17 297
bicycle 0.0014 5 279 16 298
car 0.9189 148 161 225 198
car 0.1201 362 105 377 113
car 0.0273 332 107 349 114
car 0.0227 149 100 160 107
car 0.0073 400 103 421 116
car 0.0035 381 106 399 115
car 0.0022 342 106 355 114
car 0.0015 366 106 380 114
car 0.0015 408 82 417 92
motorbike 0.0153 4 263 17 298
motorbike 0.0018 149 99 160 107
aeroplane 0.0017 232 42 298 50
bus 0.1272 440 15 499 305
train 0.0010 418 12 499 320
train 0.0010 2 299 502 474
boat 0.0015 149 100 160 107
bird 0.0013 4 259 17 296
dog 0.0014 5 264 17 297
horse 0.0021 149 100 160 107
cow 0.0028 149 100 160 107
bottle 0.0039 5 260 16 295
chair 0.0072 402 103 421 116
chair 0.0012 396 82 422 116
