person 0.0056 335 174 345 193
person 0.0055 289 172 298 181
person 0.0051 269 16 277 29
person 0.0028 153 15 162 27
person 0.0025 285 175 297 184
person 0.0020 244 21 253 29
person 0.0019 331 174 344 188
person 0.0015 409 181 417 196
person 0.0015 98 18 105 29
person 0.0013 296 174 323 183
person 0.0012 323 174 336 185
car 0.9183 254 173 346 208
car 0.1093 370 136 390 143
car 0.0036 335 174 345 193
car 0.0033 243 21 252 28
aeroplane 0.0039 371 135 390 142
aeroplane 0.0012 0 -6 488 33
train 0.0292 10 -8 501 38
train 0.0019 66 -2 350 33
boat 0.0012 0 -6 488 33
boat 0.0011 371 135 390 142
chair 0.0012 153 15 164 26
