person 0.9080 54 2 486 375
person 0.8030 22 54 107 324
person 0.1886 438 40 471 124
person 0.1492 376 42 419 121
person 0.1220 96 145 116 209
person 0.1041 464 35 499 126
person 0.0927 0 157 28 216
person 0.0418 0 158 42 301
person 0.0357 0 82 31 186
person 0.0258 111 139 135 203
person 0.0203 401 28 433 111
person 0.0154 15 114 32 190
person 0.0150 89 180 117 248
person 0.0125 440 78 465 123
person 0.0107 86 147 116 230
person 0.0095 93 94 133 202
person 0.0089 1 179 104 303
person 0.0082 121 132 130 164
person 0.0069 92 184 116 211
person 0.0035 400 28 429 69
person 0.0028 120 126 133 188
person 0.0027 117 136 128 164
person 0.0023 105 124 119 164
person 0.0023 430 225 499 343
person 0.0022 109 138 119 164
person 0.0022 3 139 43 240
person 0.0018 13 147 30 185
person 0.0017 24 38 214 354
person 0.0016 119 105 132 161
person 0.0016 409 142 470 185
person 0.0016 108 185 118 209
person 0.0014 484 50 499 118
person 0.0014 0 101 20 154
person 0.0013 0 81 28 127
person 0.0011 101 146 114 191
person 0.0011 127 11 191 189
person 0.0010 490 40 499 111
person 0.0010 0 201 44 369
bicycle 0.0116 431 224 499 342
bicycle 0.0022 88 179 116 247
car 0.0013 392 186 498 232
motorbike 0.0011 88 179 116 247
cat 0.0027 464 34 493 118
cat 0.0020 438 41 472 125
cat 0.0010 440 79 465 125
dog 0.0101 464 34 494 110
dog 0.0038 440 79 465 125
dog 0.0025 439 42 471 125
bottle 0.0386 126 14 192 211
bottle 0.0384 111 137 135 199
bottle 0.0378 99 145 115 191
bottle 0.0084 110 142 118 165
bottle 0.0069 105 124 119 164
bottle 0.0063 117 136 128 164
bottle 0.0063 108 185 118 209
bottle 0.0056 95 154 116 211
bottle 0.0054 120 126 133 188
bottle 0.0051 92 184 116 211
bottle 0.0037 121 132 130 164
bottle 0.0032 2 123 12 160
bottle 0.0030 108 143 120 184
bottle 0.0029 204 198 299 263
bottle 0.0027 0 128 8 159
bottle 0.0024 366 0 377 9
bottle 0.0022 438 0 462 11
bottle 0.0019 119 105 132 161
bottle 0.0017 8 121 22 183
bottle 0.0017 109 123 119 152
bottle 0.0015 414 0 424 10
bottle 0.0015 378 0 389 8
bottle 0.0013 425 0 437 10
bottle 0.0012 101 150 111 172
bottle 0.0011 0 154 16 174
bottle 0.0011 117 117 128 151
bottle 0.0011 15 116 31 189
bottle 0.0010 441 257 452 279
bottle 0.0010 123 133 136 193
chair 0.5934 432 224 499 342
chair 0.5920 1 205 39 369
chair 0.5637 403 196 469 242
chair 0.0524 0 307 21 369
chair 0.0419 0 171 28 217
chair 0.0320 90 185 112 215
chair 0.0295 1 206 31 306
chair 0.0246 71 206 94 277
chair 0.0211 16 202 49 309
chair 0.0176 1 169 502 372
chair 0.0173 5 192 89 313
chair 0.0152 463 300 499 338
chair 0.0141 91 210 110 248
chair 0.0117 89 183 117 248
chair 0.0109 11 150 29 185
chair 0.0103 463 302 499 372
chair 0.0092 85 183 96 202
chair 0.0091 97 185 117 212
chair 0.0090 0 236 22 373
chair 0.0083 458 201 499 227
chair 0.0083 0 156 20 183
chair 0.0078 390 182 480 204
chair 0.0077 421 224 466 253
chair 0.0065 86 184 100 213
chair 0.0064 431 227 490 280
chair 0.0054 86 147 116 230
chair 0.0054 17 319 37 367
chair 0.0044 306 189 493 362
chair 0.0040 0 212 10 301
chair 0.0036 479 339 499 372
chair 0.0035 443 265 498 367
chair 0.0034 26 317 41 372
chair 0.0034 27 109 106 315
chair 0.0031 84 169 114 205
chair 0.0030 113 167 135 202
chair 0.0030 294 162 444 278
chair 0.0024 393 188 496 233
chair 0.0024 10 316 21 368
chair 0.0023 0 205 30 257
chair 0.0022 423 231 449 255
chair 0.0021 405 197 464 213
chair 0.0020 391 184 441 202
chair 0.0020 0 215 8 235
chair 0.0019 8 168 29 203
chair 0.0018 0 158 16 174
chair 0.0018 85 161 224 255
chair 0.0018 17 261 45 307
chair 0.0017 79 182 98 237
chair 0.0016 17 301 47 366
chair 0.0016 438 240 476 300
chair 0.0016 23 209 47 271
chair 0.0015 94 160 116 211
chair 0.0013 14 320 28 368
chair 0.0013 323 181 499 251
chair 0.0012 462 253 498 318
chair 0.0011 108 185 118 209
chair 0.0011 0 208 20 238
chair 0.0011 9 194 136 368
chair 0.0010 66 194 106 291
chair 0.0010 0 213 20 270
sofa 0.0179 0 169 506 372
sofa 0.0036 429 224 499 367
sofa 0.0010 5 190 100 343
pottedplant 0.1653 95 93 133 195
pottedplant 0.1124 126 8 190 187
pottedplant 0.0938 97 93 132 147
pottedplant 0.0746 130 11 188 91
pottedplant 0.0257 0 81 29 179
pottedplant 0.0024 98 101 113 123
pottedplant 0.0023 99 46 176 223
pottedplant 0.0019 411 141 468 184
pottedplant 0.0015 95 100 116 146
pottedplant 0.0013 120 126 133 188
pottedplant 0.0013 84 60 141 217
diningtable 0.0703 430 224 499 363
diningtable 0.0185 392 181 491 203
diningtable 0.0159 393 188 496 233
diningtable 0.0138 464 300 499 339
diningtable 0.0112 88 182 116 248
diningtable 0.0093 432 223 499 290
diningtable 0.0091 0 158 17 178
diningtable 0.0089 397 193 500 276
diningtable 0.0075 91 205 110 246
diningtable 0.0060 84 154 115 205
diningtable 0.0041 457 201 499 226
diningtable 0.0040 0 156 28 214
diningtable 0.0035 418 223 467 253
diningtable 0.0027 0 102 29 218
diningtable 0.0026 0 306 20 362
diningtable 0.0026 85 182 96 201
diningtable 0.0024 426 196 495 227
diningtable 0.0023 0 169 506 372
diningtable 0.0015 422 230 453 254
diningtable 0.0014 91 191 115 229
diningtable 0.0014 87 158 106 177
diningtable 0.0014 479 339 499 372
diningtable 0.0013 0 201 47 316
diningtable 0.0013 92 184 111 211
diningtable 0.0012 432 228 490 266
diningtable 0.0012 1 179 104 303
diningtable 0.0010 74 206 94 258
tvmonitor 0.0113 49 2 129 65
