person 0.9080 384 83 499 247
person 0.8972 5 143 254 370
person 0.8966 385 249 499 372
person 0.8956 204 54 345 198
person 0.7911 0 49 90 315
person 0.0562 137 220 199 302
person 0.0553 0 11 10 31
person 0.0402 135 226 225 339
person 0.0402 0 11 17 39
person 0.0258 0 9 21 56
person 0.0196 116 165 200 307
person 0.0164 0 296 11 371
person 0.0143 0 239 22 314
person 0.0133 449 251 499 372
person 0.0088 0 49 91 160
person 0.0073 243 187 496 365
person 0.0053 57 76 92 146
person 0.0046 0 253 19 374
person 0.0044 485 92 499 154
person 0.0032 478 103 499 237
person 0.0027 2 121 50 385
person 0.0024 144 233 165 267
person 0.0023 0 141 36 321
person 0.0020 135 236 170 289
person 0.0019 451 248 499 278
person 0.0017 27 0 66 55
person 0.0014 140 238 156 269
person 0.0013 452 337 479 373
person 0.0011 400 288 459 361
person 0.0011 462 107 497 244
person 0.0010 274 170 494 297
bicycle 0.0011 393 63 417 124
bottle 0.1124 384 216 407 269
bottle 0.0103 372 218 391 252
bottle 0.0045 389 265 427 315
bottle 0.0028 420 231 448 300
bottle 0.0027 394 50 409 88
bottle 0.0015 392 50 413 123
bottle 0.0015 27 0 67 55
bottle 0.0012 341 226 407 289
chair 0.4324 379 130 396 190
chair 0.1089 392 118 422 171
chair 0.0938 381 125 418 189
chair 0.0750 336 179 390 207
chair 0.0348 0 296 12 372
chair 0.0291 0 239 22 314
chair 0.0291 131 227 223 351
chair 0.0259 382 118 496 223
chair 0.0248 177 319 219 342
chair 0.0196 139 240 189 299
chair 0.0180 180 192 238 256
chair 0.0160 160 293 218 346
chair 0.0140 160 246 188 297
chair 0.0087 323 124 396 209
chair 0.0078 181 182 354 331
chair 0.0072 204 111 342 190
chair 0.0064 485 122 499 160
chair 0.0053 337 181 404 223
chair 0.0047 214 344 253 364
chair 0.0047 479 115 499 243
chair 0.0043 178 178 278 360
chair 0.0039 360 202 421 226
chair 0.0039 180 189 275 270
chair 0.0037 215 159 400 203
chair 0.0034 334 163 344 193
chair 0.0030 206 133 237 195
chair 0.0023 431 344 456 373
chair 0.0022 5 155 258 370
chair 0.0021 485 92 499 154
chair 0.0020 143 236 164 268
chair 0.0019 228 359 262 373
chair 0.0019 370 135 440 211
chair 0.0019 465 181 499 248
chair 0.0019 122 269 180 334
chair 0.0018 139 293 179 331
chair 0.0017 135 238 168 283
chair 0.0016 393 63 416 121
chair 0.0016 309 179 338 203
chair 0.0016 140 238 156 269
chair 0.0014 211 146 311 190
chair 0.0013 451 336 479 374
chair 0.0013 0 141 36 321
chair 0.0013 196 165 412 257
chair 0.0012 195 120 418 206
chair 0.0011 6 274 253 369
chair 0.0010 230 92 243 101
chair 0.0010 462 107 497 244
sofa 0.0104 337 179 390 206
sofa 0.0087 0 239 22 314
sofa 0.0029 383 108 498 237
sofa 0.0025 485 96 499 158
sofa 0.0023 379 130 396 190
sofa 0.0021 392 117 424 171
sofa 0.0015 483 109 499 235
sofa 0.0012 376 131 411 199
pottedplant 0.0058 485 91 499 152
pottedplant 0.0013 486 119 499 149
diningtable 0.8747 176 178 476 371
diningtable 0.0586 335 179 391 207
diningtable 0.0057 314 179 387 220
diningtable 0.0049 304 193 500 359
diningtable 0.0026 361 200 421 227
diningtable 0.0024 357 203 496 312
diningtable 0.0022 337 181 404 223
diningtable 0.0022 395 117 420 169
diningtable 0.0015 274 170 494 297
diningtable 0.0010 214 343 257 365
tvmonitor 0.0181 229 14 321 94
tvmonitor 0.0072 26 0 67 55
tvmonitor 0.0058 0 6 24 59
