person 0.0109 231 75 251 116
person 0.0034 145 124 416 233
person 0.0022 96 128 437 298
person 0.0020 54 87 397 249
person 0.0017 387 115 403 146
person 0.0015 297 130 323 202
person 0.0014 211 73 279 134
person 0.0014 108 141 143 175
person 0.0012 5 138 337 356
person 0.0010 240 88 290 124
cat 0.0030 231 74 266 116
cat 0.0020 402 144 456 165
cat 0.0020 240 89 289 123
cat 0.0010 211 112 248 134
dog 0.0014 240 88 290 123
cow 0.0017 108 141 143 175
bottle 0.3376 389 114 403 144
bottle 0.2731 297 131 323 200
bottle 0.1614 382 120 402 152
bottle 0.0931 188 129 212 177
bottle 0.0495 299 154 322 184
bottle 0.0454 301 131 319 156
bottle 0.0442 266 149 282 192
bottle 0.0319 198 128 212 146
bottle 0.0262 231 75 251 116
bottle 0.0226 296 140 310 178
bottle 0.0220 195 127 213 157
bottle 0.0194 187 128 199 161
bottle 0.0190 280 150 297 166
bottle 0.0186 367 115 388 146
bottle 0.0156 281 116 308 160
bottle 0.0148 301 109 315 133
bottle 0.0148 364 122 385 159
bottle 0.0133 304 111 314 127
bottle 0.0111 340 196 359 245
bottle 0.0109 234 125 255 170
bottle 0.0098 284 121 301 150
bottle 0.0095 239 56 267 83
bottle 0.0089 379 112 389 126
bottle 0.0084 268 165 278 192
bottle 0.0066 379 128 401 163
bottle 0.0064 292 109 316 145
bottle 0.0060 341 211 353 245
bottle 0.0056 297 134 311 158
bottle 0.0053 373 111 388 131
bottle 0.0048 266 150 285 168
bottle 0.0047 273 163 297 195
bottle 0.0044 340 152 366 175
bottle 0.0043 98 175 130 214
bottle 0.0040 278 149 300 188
bottle 0.0035 385 113 397 128
bottle 0.0031 200 122 231 144
bottle 0.0031 287 119 301 138
bottle 0.0029 321 160 337 174
bottle 0.0028 262 137 287 167
bottle 0.0021 290 131 304 155
bottle 0.0020 163 231 214 277
bottle 0.0020 163 236 184 277
bottle 0.0016 89 188 102 211
bottle 0.0013 288 118 299 128
bottle 0.0011 274 166 299 226
bottle 0.0011 179 236 213 307
bottle 0.0011 297 158 320 205
bottle 0.0011 363 114 381 137
bottle 0.0010 184 125 197 151
bottle 0.0010 364 161 386 174
chair 0.8805 356 86 430 146
chair 0.8732 39 95 113 201
chair 0.5162 355 182 499 371
chair 0.2688 439 180 499 372
chair 0.1583 201 121 231 140
chair 0.0530 91 97 153 174
chair 0.0451 419 95 430 145
chair 0.0384 355 92 365 138
chair 0.0362 361 87 425 118
chair 0.0343 241 89 291 133
chair 0.0315 212 113 248 134
chair 0.0242 305 89 367 139
chair 0.0212 108 141 142 175
chair 0.0210 211 86 256 133
chair 0.0199 431 147 483 265
chair 0.0169 209 77 292 135
chair 0.0136 206 102 313 140
chair 0.0130 285 100 299 116
chair 0.0088 232 74 267 116
chair 0.0084 100 130 163 173
chair 0.0076 90 100 112 158
chair 0.0065 231 78 250 115
chair 0.0065 451 185 498 273
chair 0.0057 345 90 366 147
chair 0.0052 246 75 268 91
chair 0.0049 447 205 482 274
chair 0.0047 208 118 233 132
chair 0.0045 365 88 418 104
chair 0.0039 234 125 254 172
chair 0.0036 309 103 365 157
chair 0.0027 0 125 54 218
chair 0.0027 334 126 461 252
chair 0.0027 448 175 482 243
chair 0.0023 254 123 282 143
chair 0.0022 434 178 458 253
chair 0.0021 407 92 431 147
chair 0.0021 460 310 499 373
chair 0.0020 112 144 165 170
chair 0.0020 358 101 375 138
chair 0.0020 90 97 106 136
chair 0.0019 197 128 212 146
chair 0.0019 42 95 206 195
chair 0.0019 417 252 449 299
chair 0.0018 477 184 499 225
chair 0.0018 184 125 197 151
chair 0.0018 265 96 291 119
chair 0.0018 79 55 237 164
chair 0.0016 362 122 383 145
chair 0.0016 268 104 289 121
chair 0.0015 464 187 499 326
chair 0.0015 405 167 449 291
chair 0.0015 238 56 267 86
chair 0.0013 386 89 496 265
chair 0.0013 3 253 393 372
chair 0.0011 32 150 58 205
chair 0.0011 403 144 457 165
chair 0.0011 212 111 236 124
chair 0.0011 175 115 195 147
chair 0.0011 72 75 85 103
chair 0.0010 10 279 136 373
chair 0.0010 287 109 308 127
chair 0.0010 356 88 386 138
chair 0.0010 422 144 457 153
chair 0.0010 365 88 397 101
sofa 0.0100 211 86 256 133
sofa 0.0096 209 77 292 135
sofa 0.0057 240 88 290 124
sofa 0.0056 418 184 500 372
sofa 0.0049 206 102 313 140
sofa 0.0038 212 113 247 134
sofa 0.0025 199 122 229 143
sofa 0.0024 362 88 429 145
pottedplant 0.5519 84 10 234 165
pottedplant 0.0391 103 83 197 161
pottedplant 0.0196 165 22 233 79
pottedplant 0.0123 145 111 196 157
pottedplant 0.0044 175 114 195 145
pottedplant 0.0040 154 23 234 138
pottedplant 0.0031 92 95 157 176
pottedplant 0.0030 290 114 318 155
pottedplant 0.0027 281 116 308 160
pottedplant 0.0023 86 17 229 95
pottedplant 0.0021 262 137 287 167
pottedplant 0.0021 184 125 197 151
pottedplant 0.0018 284 120 302 151
pottedplant 0.0017 435 11 499 98
pottedplant 0.0016 337 35 409 90
pottedplant 0.0014 297 114 315 134
pottedplant 0.0011 338 153 367 176
pottedplant 0.0010 387 115 403 146
diningtable 0.8240 0 121 432 370
diningtable 0.0223 170 122 469 339
diningtable 0.0099 326 140 461 266
diningtable 0.0091 0 203 187 329
diningtable 0.0074 418 184 500 372
diningtable 0.0056 224 113 459 256
diningtable 0.0050 201 102 363 143
diningtable 0.0049 168 108 412 191
diningtable 0.0041 0 201 151 276
diningtable 0.0034 145 124 416 233
diningtable 0.0033 201 122 231 140
diningtable 0.0031 316 133 363 159
diningtable 0.0021 83 9 233 165
diningtable 0.0018 346 174 485 372
diningtable 0.0017 379 153 458 289
diningtable 0.0016 340 360 395 374
diningtable 0.0014 262 213 386 269
diningtable 0.0014 211 112 248 134
diningtable 0.0013 240 88 290 124
diningtable 0.0010 22 245 169 321
diningtable 0.0010 316 115 440 221
tvmonitor 0.0032 246 75 268 91
tvmonitor 0.0010 240 56 268 89
