person 0.0017 461 189 475 204
bird 0.0054 462 191 480 203
bottle 0.0027 66 253 106 295
bottle 0.0022 462 191 480 202
bottle 0.0013 486 198 498 209
chair 0.9105 140 170 210 294
chair 0.7745 405 179 465 263
chair 0.5145 332 248 500 372
chair 0.2858 102 163 161 260
chair 0.1160 103 163 146 204
chair 0.1092 128 202 162 262
chair 0.0936 459 210 499 263
chair 0.0358 209 219 231 242
chair 0.0285 204 219 231 257
chair 0.0143 140 205 163 244
chair 0.0128 129 203 159 218
chair 0.0126 3 241 68 326
chair 0.0124 167 171 209 236
chair 0.0120 127 210 145 257
chair 0.0117 117 202 134 259
chair 0.0108 461 191 480 208
chair 0.0088 48 168 152 259
chair 0.0086 141 174 167 221
chair 0.0063 188 245 251 312
chair 0.0059 486 198 499 211
chair 0.0055 28 254 69 322
chair 0.0045 204 240 226 257
chair 0.0037 197 174 211 253
chair 0.0036 42 254 61 273
chair 0.0033 458 211 471 254
chair 0.0031 149 205 164 223
chair 0.0030 452 191 482 231
chair 0.0030 14 235 59 273
chair 0.0027 404 244 470 267
chair 0.0025 109 204 132 224
chair 0.0025 146 211 164 238
chair 0.0020 337 264 404 337
chair 0.0018 135 174 165 255
chair 0.0018 104 167 138 228
chair 0.0017 126 164 145 203
chair 0.0016 108 200 153 222
chair 0.0016 0 179 74 304
chair 0.0015 200 221 220 261
chair 0.0014 104 164 125 202
chair 0.0011 154 193 169 225
chair 0.0011 130 232 142 256
chair 0.0011 196 220 208 268
sofa 0.8171 335 251 499 372
sofa 0.0055 139 177 209 288
sofa 0.0022 48 225 501 371
sofa 0.0017 189 241 251 312
sofa 0.0016 458 207 499 264
sofa 0.0013 406 183 466 260
pottedplant 0.7420 7 162 136 302
pottedplant 0.6632 0 252 47 341
pottedplant 0.1845 142 174 167 211
pottedplant 0.0167 211 20 390 302
pottedplant 0.0128 1 176 79 287
pottedplant 0.0118 0 191 64 340
pottedplant 0.0107 461 191 480 209
pottedplant 0.0072 64 255 106 299
pottedplant 0.0047 103 162 146 204
pottedplant 0.0035 1 198 61 268
pottedplant 0.0034 104 162 160 261
pottedplant 0.0030 486 198 498 209
pottedplant 0.0025 137 188 166 218
pottedplant 0.0023 461 189 475 204
pottedplant 0.0022 18 253 69 324
pottedplant 0.0013 60 213 124 296
pottedplant 0.0012 125 164 144 203
pottedplant 0.0012 463 196 498 212
diningtable 0.1981 458 208 500 262
diningtable 0.0966 31 242 504 372
diningtable 0.0356 460 207 500 222
diningtable 0.0231 102 183 159 265
diningtable 0.0197 188 244 251 313
diningtable 0.0167 137 179 208 288
diningtable 0.0131 129 202 162 258
diningtable 0.0094 130 203 161 221
diningtable 0.0067 33 175 152 276
diningtable 0.0031 210 219 231 242
diningtable 0.0026 102 163 145 204
diningtable 0.0025 463 196 498 212
diningtable 0.0022 67 172 269 338
diningtable 0.0021 1 162 167 368
diningtable 0.0019 140 205 163 244
diningtable 0.0019 127 201 157 216
diningtable 0.0014 0 254 94 370
diningtable 0.0013 4 339 104 374
diningtable 0.0011 435 184 484 250
diningtable 0.0011 405 186 466 261
diningtable 0.0010 178 209 447 304
