person 0.7867 175 4 313 182
person 0.0021 457 199 499 310
car 0.0016 400 210 418 229
cat 0.0014 171 119 217 150
cat 0.0011 170 115 289 195
bottle 0.7490 155 146 175 207
bottle 0.2771 233 172 258 222
bottle 0.1404 335 221 364 262
bottle 0.1174 205 215 230 257
bottle 0.1152 322 177 349 226
bottle 0.0549 230 219 258 263
bottle 0.0373 275 162 295 211
bottle 0.0322 94 205 127 270
bottle 0.0261 175 116 216 149
bottle 0.0213 344 168 370 208
bottle 0.0173 345 207 377 241
bottle 0.0123 220 164 245 215
bottle 0.0067 99 240 122 270
bottle 0.0059 131 230 168 262
bottle 0.0046 373 224 408 262
bottle 0.0036 126 116 214 151
bottle 0.0029 457 199 499 310
bottle 0.0027 241 154 250 173
bottle 0.0024 108 109 132 147
bottle 0.0023 180 117 202 127
bottle 0.0021 167 202 209 260
bottle 0.0019 216 157 267 207
bottle 0.0018 341 182 351 220
bottle 0.0017 171 115 262 196
bottle 0.0016 115 241 128 268
bottle 0.0014 400 211 418 230
bottle 0.0012 266 208 278 222
bottle 0.0011 325 177 348 193
chair 0.0474 456 199 499 308
chair 0.0231 22 5 238 205
chair 0.0157 67 15 236 140
chair 0.0129 252 17 486 238
chair 0.0051 0 195 97 309
chair 0.0029 107 94 184 131
chair 0.0029 60 0 457 148
chair 0.0018 170 115 289 195
chair 0.0016 197 136 311 208
sofa 0.8770 24 6 489 233
sofa 0.0406 64 4 235 140
sofa 0.0382 456 197 499 307
sofa 0.0223 248 17 489 233
sofa 0.0088 23 6 253 209
sofa 0.0011 29 92 379 220
sofa 0.0010 293 91 474 222
sofa 0.0010 0 196 97 308
diningtable 0.4011 38 141 491 308
diningtable 0.3833 1 196 95 308
diningtable 0.0106 28 119 197 208
diningtable 0.0048 69 221 465 308
diningtable 0.0035 282 204 460 309
diningtable 0.0016 4 191 230 306
diningtable 0.0014 271 256 456 308
diningtable 0.0011 0 159 28 199
tvmonitor 0.0063 457 199 499 309
