person 0.8630 101 63 421 366
person 0.0125 115 76 299 252
person 0.0011 172 95 313 227
chair 0.2064 2 -12 462 382
chair 0.0230 348 128 430 366
chair 0.0113 137 122 435 367
chair 0.0074 -2 130 168 349
chair 0.0045 0 25 252 362
chair 0.0038 75 -3 395 200
chair 0.0012 423 328 499 373
chair 0.0012 0 130 86 177
sofa 0.4581 3 5 459 372
sofa 0.0124 1 133 158 366
sofa 0.0059 131 119 437 373
sofa 0.0030 -1 243 485 372
sofa 0.0017 337 129 434 368
sofa 0.0015 75 -3 395 200
sofa 0.0013 166 284 336 372
sofa 0.0012 0 25 252 362
tvmonitor 0.0027 97 -1 391 181
tvmonitor 0.0012 29 -9 466 362
