person 0.7841 375 207 400 286
person 0.0458 380 206 401 250
person 0.0351 469 241 482 281
person 0.0167 101 201 109 213
person 0.0158 102 192 111 211
person 0.0124 99 207 107 219
person 0.0027 470 254 479 283
person 0.0020 466 240 479 250
person 0.0019 77 271 85 284
person 0.0019 380 215 393 241
person 0.0016 383 207 395 220
person 0.0014 62 277 74 285
person 0.0013 98 207 107 233
person 0.0012 471 254 488 289
person 0.0010 63 270 76 285
person 0.0010 471 242 497 286
person 0.0010 341 133 352 155
car 0.0079 27 276 37 283
car 0.0079 464 240 477 247
car 0.0032 6 269 37 282
car 0.0019 468 242 481 273
car 0.0011 62 277 73 285
train 0.9105 69 119 394 302
train 0.0018 24 261 82 285
