person 0.8694 257 11 409 216
person 0.8391 90 131 181 215
person 0.0040 393 66 428 95
person 0.0038 225 65 240 88
person 0.0033 74 203 82 216
person 0.0030 0 322 86 373
bicycle 0.6792 313 91 498 235
bicycle 0.0846 123 177 199 234
bicycle 0.0420 314 133 387 216
bicycle 0.0217 283 98 319 163
bicycle 0.0135 268 73 447 214
bicycle 0.0090 312 118 439 216
bicycle 0.0085 281 97 376 181
bicycle 0.0057 133 182 175 231
bicycle 0.0053 393 67 429 95
bicycle 0.0032 156 69 426 229
bicycle 0.0030 348 101 459 198
bicycle 0.0026 0 322 85 373
car 0.0025 393 67 429 95
car 0.0018 0 322 85 373
car 0.0016 197 69 277 122
motorbike 0.0024 0 321 84 371
motorbike 0.0022 314 99 496 235
chair 0.0192 0 322 86 373
chair 0.0033 314 99 496 235
