person 0.8479 323 217 361 281
person 0.2615 417 220 441 261
person 0.0625 450 254 457 266
person 0.0329 402 233 420 257
person 0.0291 413 286 425 302
person 0.0258 458 250 470 267
person 0.0224 400 234 410 253
person 0.0163 404 229 416 253
person 0.0162 354 241 363 259
person 0.0141 424 221 440 246
person 0.0123 355 244 366 268
person 0.0097 109 224 123 241
person 0.0068 359 235 373 256
person 0.0057 423 220 435 232
person 0.0055 412 280 431 300
person 0.0051 358 248 370 267
person 0.0045 365 253 374 267
person 0.0044 406 225 417 246
person 0.0043 345 221 362 259
person 0.0042 108 222 130 245
person 0.0040 422 279 438 300
person 0.0034 67 216 98 238
person 0.0033 364 245 376 265
person 0.0032 408 224 428 259
person 0.0029 358 282 385 301
person 0.0027 297 227 313 289
person 0.0024 387 272 413 303
person 0.0024 339 217 360 248
person 0.0022 169 202 211 255
person 0.0018 320 234 332 265
person 0.0018 414 268 440 301
person 0.0017 328 218 338 231
person 0.0016 64 213 101 257
person 0.0013 429 222 442 260
person 0.0012 354 230 369 254
person 0.0012 205 204 228 254
person 0.0012 181 211 202 256
person 0.0011 432 221 441 233
person 0.0011 412 286 427 314
person 0.0010 463 211 470 227
car 0.9037 165 259 500 370
car 0.5607 0 255 107 367
car 0.0635 66 273 111 333
car 0.0203 161 306 260 370
car 0.0042 355 263 496 305
car 0.0035 4 257 69 282
car 0.0034 368 246 386 264
car 0.0024 82 293 110 330
car 0.0018 2 254 104 305
car 0.0016 168 281 307 368
car 0.0015 363 250 375 266
car 0.0010 7 25 496 362
motorbike 0.0051 0 254 109 366
motorbike 0.0038 65 272 110 333
bus 0.0477 10 15 498 359
bus 0.0028 173 262 502 369
train 0.0010 5 33 491 378
boat 0.0016 255 218 288 249
bottle 0.0108 114 267 166 337
bottle 0.0020 150 270 166 330
chair 0.0020 161 306 258 371
pottedplant 0.0020 255 218 288 249
tvmonitor 0.1449 163 201 230 265
tvmonitor 0.0916 62 203 104 262
tvmonitor 0.0266 254 216 290 252
tvmonitor 0.0208 90 172 123 199
tvmonitor 0.0198 57 200 139 264
tvmonitor 0.0116 100 203 140 262
tvmonitor 0.0111 50 177 76 198
tvmonitor 0.0092 44 170 137 203
tvmonitor 0.0067 46 174 90 202
tvmonitor 0.0040 63 204 102 230
tvmonitor 0.0033 63 204 101 217
tvmonitor 0.0028 155 198 306 268
tvmonitor 0.0023 223 199 293 266
tvmonitor 0.0019 171 203 210 237
tvmonitor 0.0018 108 212 135 249
