person 0.0886 430 160 438 169
person 0.0302 424 141 433 160
person 0.0223 385 136 392 154
person 0.0150 332 39 351 66
person 0.0143 407 164 416 171
person 0.0124 482 154 492 172
person 0.0124 273 130 282 143
person 0.0093 441 142 450 170
person 0.0089 421 141 430 166
person 0.0081 465 144 471 156
person 0.0072 270 129 279 142
person 0.0065 428 144 438 169
person 0.0058 311 122 325 168
person 0.0054 444 174 496 197
person 0.0045 315 143 324 169
person 0.0040 431 149 440 169
person 0.0040 266 126 278 141
person 0.0036 298 117 324 173
person 0.0034 368 154 377 165
person 0.0033 465 145 473 169
person 0.0029 423 158 430 169
person 0.0028 454 152 467 171
person 0.0027 472 176 497 195
person 0.0027 483 148 497 176
person 0.0027 446 176 471 191
person 0.0026 462 175 475 189
person 0.0023 211 131 224 142
person 0.0021 323 153 335 168
person 0.0020 467 152 475 171
person 0.0019 213 135 226 143
person 0.0018 445 142 454 169
person 0.0018 390 136 401 155
person 0.0017 387 110 400 120
person 0.0016 309 129 328 181
person 0.0015 392 160 401 169
person 0.0015 435 143 444 169
person 0.0015 458 147 473 172
person 0.0015 361 163 374 172
person 0.0015 489 151 498 175
person 0.0013 66 127 77 147
person 0.0013 112 139 121 148
person 0.0013 470 157 484 173
person 0.0012 424 140 432 150
person 0.0012 466 174 478 188
person 0.0012 181 139 223 186
person 0.0012 290 150 299 163
person 0.0012 328 122 337 135
person 0.0010 404 141 432 169
car 0.1638 128 138 307 210
car 0.0106 147 139 224 187
car 0.0101 101 147 118 156
car 0.0098 0 141 21 154
car 0.0073 112 139 121 148
car 0.0071 118 139 138 149
car 0.0067 101 65 482 212
car 0.0056 -11 121 516 332
car 0.0054 15 143 49 155
car 0.0052 64 137 77 150
car 0.0041 63 140 78 156
car 0.0040 22 142 45 152
car 0.0025 8 142 72 156
car 0.0020 65 127 77 148
car 0.0020 356 165 373 172
car 0.0019 337 159 357 170
car 0.0019 340 163 367 172
car 0.0018 180 143 215 186
car 0.0016 109 146 135 156
car 0.0015 181 157 207 183
car 0.0014 113 140 139 153
car 0.0013 106 141 118 151
car 0.0013 186 140 288 195
car 0.0012 35 143 69 155
car 0.0011 11 121 382 271
car 0.0010 5 136 23 150
aeroplane 0.0056 124 67 471 211
bus 0.0208 120 139 138 148
bus 0.0104 134 65 450 210
bus 0.0074 174 100 392 202
bus 0.0028 112 139 123 149
bus 0.0020 113 140 139 153
bus 0.0020 151 133 312 198
bus 0.0012 0 131 27 154
train 0.4776 132 66 454 211
train 0.0052 38 107 501 236
train 0.0050 124 133 329 206
train 0.0038 -20 122 522 330
train 0.0023 149 138 228 187
train 0.0017 174 100 392 202
train 0.0017 118 139 138 149
train 0.0012 205 112 317 158
train 0.0011 8 142 73 157
boat 0.3289 149 60 438 204
boat 0.2085 442 174 498 197
boat 0.0412 476 177 498 195
boat 0.0236 446 175 471 192
boat 0.0186 446 144 498 196
boat 0.0056 483 148 497 176
boat 0.0043 91 103 477 227
boat 0.0030 0 141 21 154
boat 0.0022 458 147 473 172
boat 0.0022 15 143 69 156
boat 0.0020 -20 122 522 330
boat 0.0019 118 139 138 149
boat 0.0018 454 152 467 171
boat 0.0013 484 153 492 172
boat 0.0013 488 153 499 180
boat 0.0011 202 6 424 179
boat 0.0011 465 170 490 192
boat 0.0010 469 161 485 174
boat 0.0010 486 167 499 185
boat 0.0010 124 133 329 206
chair 0.0112 477 177 497 194
chair 0.0034 460 176 497 196
chair 0.0033 454 153 469 175
chair 0.0018 446 175 471 192
pottedplant 0.0141 247 209 498 330
tvmonitor 0.0027 454 153 469 175
