person 0.0013 90 -3 495 349
bird 0.0040 90 -3 495 349
cat 0.0020 117 -2 497 322
dog 0.4417 105 -2 488 277
dog 0.1301 100 43 379 348
dog 0.0015 311 -24 496 297
horse 0.0421 90 -3 495 349
sheep 0.7629 110 67 378 351
sheep 0.6293 115 -5 492 311
sheep 0.3933 133 1 465 135
sheep 0.2120 442 0 499 40
sheep 0.0714 456 9 499 80
sheep 0.0230 311 -24 496 297
sheep 0.0090 95 -1 343 244
sheep 0.0027 454 6 499 145
sheep 0.0012 325 57 425 122
cow 0.0733 108 -2 500 318
cow 0.0067 114 84 376 354
cow 0.0039 441 0 499 40
