person 0.9042 367 132 455 371
person 0.5393 221 100 255 147
person 0.2332 105 98 134 149
person 0.1293 77 108 104 148
person 0.0351 72 105 114 158
person 0.0310 195 278 227 309
person 0.0295 100 104 119 147
person 0.0240 147 113 178 150
person 0.0114 107 104 118 125
person 0.0110 158 83 220 159
person 0.0045 175 275 212 305
person 0.0029 363 161 393 360
person 0.0018 417 165 456 298
person 0.0017 38 330 77 374
person 0.0017 146 71 274 161
person 0.0016 363 115 389 149
person 0.0014 118 98 133 124
person 0.0012 221 110 236 145
bicycle 0.0044 39 328 171 373
car 0.0029 13 -2 463 372
car 0.0018 39 328 171 373
motorbike 0.0070 40 327 178 373
aeroplane 0.0342 15 3 501 373
bus 0.0949 13 -2 463 372
train 0.8847 17 0 501 372
train 0.0061 0 75 69 183
train 0.0012 0 121 47 177
horse 0.0040 39 328 171 373
bottle 0.0018 366 268 376 294
bottle 0.0013 438 261 451 282
chair 0.0017 221 109 252 147
chair 0.0011 221 111 233 144
