person 0.8698 228 27 407 210
person 0.6477 183 131 234 180
person 0.5584 96 128 165 188
person 0.0836 96 133 129 171
person 0.0695 182 132 212 162
person 0.0412 127 131 164 182
person 0.0241 199 130 235 166
person 0.0234 210 138 229 165
person 0.0184 15 174 23 182
person 0.0183 80 197 91 222
person 0.0135 26 170 35 181
person 0.0123 105 128 144 158
person 0.0116 98 134 121 160
person 0.0093 1 175 11 182
person 0.0079 142 132 164 151
person 0.0052 102 129 177 263
person 0.0049 135 132 164 162
person 0.0012 223 113 276 300
person 0.0011 257 196 275 254
person 0.0011 81 197 95 233
person 0.0010 111 128 140 144
person 0.0010 206 138 233 182
dog 0.0023 186 132 230 168
horse 0.9495 225 109 483 308
horse 0.9074 51 145 173 292
horse 0.8754 137 146 234 297
horse 0.0298 224 124 318 304
horse 0.0224 99 131 170 230
horse 0.0220 99 129 165 184
horse 0.0039 129 130 164 179
horse 0.0035 438 191 498 281
horse 0.0022 228 114 284 256
horse 0.0017 223 185 270 303
horse 0.0016 98 128 233 180
horse 0.0013 321 149 497 308
horse 0.0011 140 148 229 210
horse 0.0010 51 146 144 206
chair 0.0080 81 197 91 224
chair 0.0025 190 239 207 259
chair 0.0010 74 196 91 230
pottedplant 0.0020 105 128 145 157
