person 0.7270 360 0 436 135
person 0.0814 118 125 153 165
person 0.0252 390 0 434 50
person 0.0116 148 104 186 160
person 0.0106 265 121 305 148
person 0.0078 283 123 308 148
person 0.0040 255 123 289 149
person 0.0036 236 122 278 150
person 0.0033 286 127 303 146
person 0.0031 134 107 171 154
person 0.0018 153 126 189 160
person 0.0018 357 0 400 67
person 0.0017 247 80 261 92
person 0.0010 213 122 250 155
car 0.9007 68 74 384 310
car 0.0027 50 97 101 284
car 0.0012 70 109 94 147
bus 0.0038 57 75 381 305
dog 0.0012 150 124 186 160
bottle 0.0011 331 132 347 152
chair 0.0016 404 38 429 88
chair 0.0015 408 31 428 70
chair 0.0012 332 133 347 152
