person 0.0033 318 352 343 428
person 0.0011 270 353 343 433
bird 0.0054 29 454 69 499
bird 0.0014 -1 13 317 479
cat 0.9296 -1 15 316 453
cat 0.0012 -1 453 71 498
dog 0.0032 -1 13 314 475
chair 0.1551 229 236 342 401
chair 0.0093 -3 52 346 463
chair 0.0069 19 230 346 436
chair 0.0047 270 393 339 431
chair 0.0024 258 306 344 438
chair 0.0014 224 34 344 429
chair 0.0014 264 378 342 497
chair 0.0010 298 352 342 426
chair 0.0010 31 317 341 497
sofa 0.3138 229 242 342 424
sofa 0.0314 -1 236 343 484
sofa 0.0074 270 392 342 430
sofa 0.0047 264 378 342 497
sofa 0.0034 270 353 343 433
sofa 0.0025 16 66 345 453
sofa 0.0022 236 316 343 475
sofa 0.0015 52 350 342 496
sofa 0.0010 0 0 170 197
pottedplant 0.1686 38 319 342 496
pottedplant 0.1341 317 353 343 396
pottedplant 0.0139 -3 159 340 490
pottedplant 0.0072 270 353 343 433
pottedplant 0.0056 89 392 342 498
pottedplant 0.0052 266 369 340 497
pottedplant 0.0045 194 319 284 409
pottedplant 0.0027 269 391 342 430
pottedplant 0.0017 208 417 340 498
pottedplant 0.0012 183 322 318 462
diningtable 0.0214 270 392 342 431
diningtable 0.0020 51 317 345 497
diningtable 0.0016 269 393 342 470
