person 0.0058 415 2 444 214
person 0.0044 382 70 422 128
person 0.0014 0 -3 31 121
person 0.0012 0 235 71 430
person 0.0011 43 0 223 113
bicycle 0.0011 40 0 227 109
car 0.0466 41 0 236 106
car 0.0317 1 66 30 115
car 0.0197 81 0 233 65
car 0.0063 27 15 370 467
car 0.0044 18 2 353 171
car 0.0031 0 0 32 120
car 0.0018 40 29 113 108
car 0.0014 54 0 401 87
bus 0.0070 35 0 236 109
bus 0.0047 82 0 234 64
bus 0.0016 0 66 31 116
bus 0.0014 18 2 353 171
train 0.0045 28 28 369 465
train 0.0037 32 21 347 192
boat 0.2055 0 66 31 116
boat 0.0161 39 0 233 108
boat 0.0079 -1 0 32 118
boat 0.0042 37 11 138 108
bird 0.0051 96 105 110 129
cat 0.0012 41 273 81 352
dog 0.0019 -2 237 70 432
dog 0.0012 37 271 82 351
bottle 0.0027 382 71 421 127
chair 0.6812 -2 232 67 431
chair 0.1569 356 127 426 257
chair 0.0798 39 30 108 108
chair 0.0317 26 50 119 206
chair 0.0178 45 1 154 107
chair 0.0165 27 15 370 466
chair 0.0060 328 13 434 255
chair 0.0055 46 1 117 79
chair 0.0053 1 3 49 120
chair 0.0048 0 235 40 333
chair 0.0041 65 0 230 70
chair 0.0037 274 73 383 384
chair 0.0032 370 59 436 224
chair 0.0031 39 270 81 347
chair 0.0031 316 93 432 401
chair 0.0029 47 36 106 80
chair 0.0027 -8 43 90 461
chair 0.0020 25 77 70 204
chair 0.0019 0 66 30 115
chair 0.0019 418 108 443 214
chair 0.0016 96 35 106 65
chair 0.0015 382 70 422 128
chair 0.0011 0 242 24 382
chair 0.0010 0 316 34 405
chair 0.0010 28 264 82 386
chair 0.0010 381 85 411 124
sofa 0.0059 35 0 236 109
sofa 0.0014 37 11 138 108
sofa 0.0011 24 35 380 461
pottedplant 0.0824 0 66 31 115
pottedplant 0.0319 -1 0 32 118
pottedplant 0.0018 27 15 370 467
pottedplant 0.0013 382 70 422 128
diningtable 0.0259 16 23 386 462
diningtable 0.0072 -1 238 69 430
diningtable 0.0022 0 66 30 116
diningtable 0.0013 39 30 106 108
diningtable 0.0010 13 259 83 376
tvmonitor 0.0030 27 15 370 467
