person 0.0065 1 -7 496 404
person 0.0013 0 17 188 249
cat 0.7422 33 97 484 369
cat 0.0097 379 2 499 312
cat 0.0019 249 5 498 372
cat 0.0012 33 98 276 325
cat 0.0012 381 0 487 158
dog 0.0441 33 79 479 365
chair 0.1654 3 1 502 407
chair 0.0147 286 0 484 160
chair 0.0072 123 0 164 40
chair 0.0038 15 0 487 165
chair 0.0030 152 0 198 32
chair 0.0025 39 0 164 58
chair 0.0017 123 0 198 56
chair 0.0012 57 2 100 41
chair 0.0010 101 0 165 57
sofa 0.2898 9 9 500 397
sofa 0.0150 10 2 488 187
sofa 0.0075 284 0 495 160
sofa 0.0046 15 221 498 397
diningtable 0.0013 5 15 501 398
diningtable 0.0010 17 224 499 399
