person 0.9145 76 70 232 296
person 0.8674 349 84 442 271
person 0.8590 225 89 353 281
person 0.7169 394 1 425 38
person 0.6666 364 1 399 34
person 0.3810 419 11 441 42
person 0.3615 470 36 486 52
person 0.1972 341 7 368 27
person 0.1831 309 0 346 21
person 0.1150 264 0 294 12
person 0.0862 282 0 311 15
person 0.0749 480 153 499 182
person 0.0703 364 14 382 31
person 0.0666 431 8 457 45
person 0.0198 475 155 499 220
person 0.0190 249 0 265 7
person 0.0189 349 84 443 172
person 0.0173 348 -1 372 19
person 0.0171 463 24 483 49
person 0.0143 487 38 499 54
person 0.0134 428 31 441 43
person 0.0130 458 4 486 50
person 0.0102 352 13 371 28
person 0.0085 231 -1 265 7
person 0.0065 222 176 242 198
person 0.0065 465 148 499 268
person 0.0062 326 0 348 21
person 0.0057 410 28 423 39
person 0.0056 247 0 275 11
person 0.0053 345 0 363 17
person 0.0050 338 8 358 23
person 0.0048 483 25 499 52
person 0.0042 426 1 488 48
person 0.0039 396 17 416 37
person 0.0037 478 129 499 184
person 0.0030 479 62 499 187
person 0.0027 238 -3 295 11
person 0.0023 350 86 403 161
person 0.0021 466 7 498 49
person 0.0020 477 37 494 58
person 0.0019 388 162 419 194
person 0.0018 476 12 498 35
person 0.0018 259 -33 295 11
person 0.0017 281 2 294 13
person 0.0015 355 0 387 30
person 0.0015 245 0 284 17
person 0.0014 393 18 406 35
person 0.0014 237 91 352 192
person 0.0014 264 176 296 255
person 0.0011 446 22 478 48
person 0.0010 442 32 457 46
person 0.0010 485 18 499 37
bicycle 0.9185 25 159 213 325
bicycle 0.9183 206 168 345 318
bicycle 0.8473 323 162 431 285
bicycle 0.8007 461 161 499 275
bicycle 0.0066 220 168 293 264
bicycle 0.0047 370 142 441 270
bicycle 0.0033 481 154 499 182
bicycle 0.0023 222 176 243 198
bicycle 0.0023 478 153 499 221
bicycle 0.0020 222 172 266 200
bicycle 0.0019 362 175 384 247
bicycle 0.0015 369 178 421 268
bicycle 0.0014 222 172 296 213
bicycle 0.0011 266 257 286 284
car 0.0026 480 155 499 183
motorbike 0.0044 481 154 499 182
motorbike 0.0020 461 159 499 276
bird 0.0035 221 178 241 198
bird 0.0016 480 155 499 182
cat 0.0011 221 178 241 198
dog 0.0027 360 158 394 210
dog 0.0025 222 176 243 198
dog 0.0021 481 154 499 182
horse 0.0010 480 153 499 183
bottle 0.0115 273 202 285 249
bottle 0.0064 273 193 292 259
bottle 0.0054 131 237 151 269
bottle 0.0054 222 176 244 198
bottle 0.0035 388 163 418 193
bottle 0.0017 130 222 161 272
bottle 0.0013 267 176 299 256
bottle 0.0013 372 185 390 207
chair 0.0757 286 0 311 16
chair 0.0142 335 149 438 280
chair 0.0111 265 0 294 12
chair 0.0052 309 0 335 20
chair 0.0017 428 31 441 43
chair 0.0014 384 138 442 254
chair 0.0013 483 25 499 52
chair 0.0010 480 16 498 35
