person 0.9340 370 4 499 374
person 0.8954 0 5 108 371
person 0.7616 156 6 383 369
person 0.6365 374 -1 435 128
person 0.3921 289 20 331 62
person 0.3514 271 35 328 105
person 0.3417 158 5 371 178
person 0.1632 283 34 298 57
person 0.0989 288 18 334 99
person 0.0949 285 30 309 60
person 0.0738 0 200 54 370
person 0.0441 135 38 201 102
person 0.0339 0 306 24 373
person 0.0330 137 59 164 102
person 0.0265 274 29 285 54
person 0.0235 134 79 151 101
person 0.0199 171 39 201 99
person 0.0157 0 223 27 369
person 0.0132 293 31 305 51
person 0.0078 0 47 59 372
person 0.0053 73 305 143 373
person 0.0050 370 8 457 268
person 0.0045 65 151 234 363
person 0.0033 318 39 334 60
person 0.0029 160 91 236 168
person 0.0024 255 328 311 373
person 0.0023 225 -12 498 376
person 0.0020 277 0 443 130
person 0.0020 374 2 498 161
person 0.0019 49 132 398 364
person 0.0013 160 40 190 93
person 0.0012 0 204 41 255
person 0.0012 180 39 195 56
person 0.0011 422 0 499 83
person 0.0011 68 294 258 371
person 0.0010 371 20 432 209
person 0.0010 383 140 413 216
bicycle 0.0133 96 296 293 371
bicycle 0.0133 40 151 388 370
bicycle 0.0055 147 309 257 373
car 0.0010 60 125 408 362
motorbike 0.0173 40 151 388 370
motorbike 0.0047 96 296 293 371
motorbike 0.0010 0 203 54 370
boat 0.0018 71 167 403 371
boat 0.0013 229 172 393 361
dog 0.0319 43 143 392 370
dog 0.0011 61 150 230 311
horse 0.0444 43 143 392 370
cow 0.0067 49 138 395 368
bottle 0.0247 376 177 412 274
bottle 0.0120 172 39 201 96
bottle 0.0091 387 177 403 237
bottle 0.0057 134 79 151 101
bottle 0.0043 0 202 40 252
bottle 0.0036 91 138 104 156
bottle 0.0035 135 57 164 101
bottle 0.0024 180 39 194 54
bottle 0.0022 286 34 297 58
bottle 0.0021 116 137 153 161
bottle 0.0011 370 205 384 269
bottle 0.0011 359 111 379 146
chair 0.0295 319 111 377 140
chair 0.0101 0 211 36 371
chair 0.0058 38 158 394 370
chair 0.0052 214 170 387 353
chair 0.0049 308 59 334 100
chair 0.0046 134 79 151 102
chair 0.0034 0 201 73 373
chair 0.0025 270 58 325 105
chair 0.0023 0 266 25 371
chair 0.0023 139 67 164 101
chair 0.0020 364 111 380 144
chair 0.0017 344 113 374 143
chair 0.0015 327 114 357 135
chair 0.0014 341 117 362 141
chair 0.0012 131 48 166 101
chair 0.0012 320 112 344 132
chair 0.0011 358 121 377 149
chair 0.0010 132 127 176 160
chair 0.0010 330 109 393 185
sofa 0.0075 0 202 67 371
sofa 0.0014 0 231 27 372
sofa 0.0011 313 109 381 143
diningtable 0.0083 307 60 334 98
diningtable 0.0039 308 60 332 74
diningtable 0.0021 319 111 377 140
