person 0.2720 183 189 195 203
person 0.1240 180 179 195 201
person 0.0371 247 147 265 180
person 0.0112 300 223 323 266
person 0.0070 300 221 352 273
person 0.0068 192 180 217 196
person 0.0038 248 145 263 167
person 0.0032 192 180 201 197
person 0.0027 206 181 217 192
person 0.0026 179 180 191 194
person 0.0022 301 223 320 250
person 0.0012 270 146 294 176
person 0.0012 201 181 215 195
person 0.0011 206 177 222 193
person 0.0010 348 169 360 209
person 0.0010 311 219 331 232
car 0.0012 192 180 217 196
aeroplane 0.8139 45 135 385 285
aeroplane 0.0582 347 142 386 252
aeroplane 0.0187 343 143 384 194
aeroplane 0.0028 49 183 283 277
aeroplane 0.0013 330 143 422 253
chair 0.0223 354 140 385 251
chair 0.0106 311 138 385 258
chair 0.0023 183 189 195 203
chair 0.0013 362 179 383 251
