person 0.4789 191 156 271 281
person 0.0747 183 151 268 390
person 0.0289 200 352 245 412
person 0.0025 57 81 339 431
person 0.0014 98 363 121 410
person 0.0012 132 215 269 360
person 0.0011 181 348 275 473
person 0.0010 8 345 64 400
bicycle 0.5895 119 224 338 446
bicycle 0.4375 205 275 338 439
bicycle 0.1895 134 224 275 371
bicycle 0.0769 4 170 349 492
bicycle 0.0079 160 143 299 418
bicycle 0.0065 3 402 370 497
bicycle 0.0042 136 425 197 497
bicycle 0.0024 126 422 249 498
car 0.0092 -18 131 372 494
motorbike 0.0081 5 158 360 494
motorbike 0.0064 3 402 370 497
motorbike 0.0010 163 414 376 497
aeroplane 0.0379 -13 4 373 433
bus 0.0047 -22 9 378 469
bus 0.0027 102 129 381 439
bus 0.0013 0 209 354 492
train 0.1146 -3 164 366 493
train 0.0258 -5 2 235 452
train 0.0053 162 138 373 410
boat 0.0222 -18 3 411 429
boat 0.0073 -3 164 366 493
boat 0.0016 -2 2 230 389
boat 0.0013 162 138 373 410
bird 0.0010 186 163 213 186
horse 0.0013 193 153 274 384
chair 0.0053 3 469 154 498
chair 0.0037 4 411 133 477
chair 0.0017 98 365 122 410
chair 0.0011 132 215 269 360
chair 0.0010 0 429 42 475
pottedplant 0.0014 104 334 167 409
diningtable 0.0025 3 406 135 476
