person 0.4386 113 54 170 141
person 0.0049 112 56 149 78
person 0.0034 112 53 175 228
person 0.0019 112 59 129 78
bicycle 0.9409 234 122 465 272
bicycle 0.9277 25 146 236 281
bicycle 0.2392 404 169 476 228
bicycle 0.1051 163 119 347 254
bicycle 0.0542 349 146 477 235
bicycle 0.0429 173 128 253 196
bicycle 0.0250 197 128 314 197
bicycle 0.0140 155 124 255 258
bicycle 0.0041 250 124 337 204
bicycle 0.0021 371 171 465 271
bicycle 0.0012 221 158 246 194
car 0.0011 24 143 240 282
motorbike 0.0033 235 132 476 272
motorbike 0.0019 26 147 240 282
motorbike 0.0016 344 138 477 235
bird 0.0019 12 297 50 333
cat 0.0027 373 143 404 183
bottle 0.0384 132 187 143 209
bottle 0.0042 104 180 145 229
bottle 0.0026 105 186 131 222
bottle 0.0025 131 181 145 220
bottle 0.0020 115 207 130 228
bottle 0.0017 124 176 145 226
bottle 0.0015 378 145 404 183
diningtable 0.0080 6 116 61 160
diningtable 0.0042 6 116 59 126
