person 0.1387 411 170 418 183
person 0.0471 404 179 411 201
person 0.0195 405 170 412 183
person 0.0165 307 242 315 261
person 0.0149 311 240 320 254
person 0.0119 407 169 415 181
person 0.0072 121 182 128 207
person 0.0051 414 195 425 204
person 0.0043 402 168 410 182
person 0.0037 486 138 497 153
person 0.0025 383 307 394 317
person 0.0025 56 174 73 182
person 0.0021 488 251 496 288
person 0.0019 462 176 474 192
person 0.0016 408 175 416 196
person 0.0015 492 156 499 172
person 0.0013 305 240 314 254
person 0.0012 374 269 382 276
person 0.0011 152 193 163 214
person 0.0011 303 234 312 245
person 0.0010 491 278 499 293
person 0.0010 416 195 433 206
bicycle 0.0235 150 196 162 213
bicycle 0.0129 466 260 481 281
bicycle 0.0081 307 241 315 260
bicycle 0.0063 313 241 321 254
bicycle 0.0037 467 254 495 287
bicycle 0.0017 303 234 312 245
bicycle 0.0014 285 235 297 249
car 0.7879 261 304 356 334
car 0.6832 39 179 76 197
car 0.6817 417 195 449 208
car 0.6242 411 152 422 161
car 0.1551 404 138 414 145
car 0.0968 467 150 487 158
car 0.0933 463 151 472 160
car 0.0787 377 134 390 140
car 0.0622 477 150 488 157
car 0.0430 396 151 404 160
car 0.0339 475 140 489 152
car 0.0320 383 121 396 128
car 0.0300 416 195 433 206
car 0.0267 486 138 497 153
car 0.0213 433 162 475 193
car 0.0213 462 175 474 192
car 0.0151 364 132 373 140
car 0.0148 473 152 487 160
car 0.0134 18 178 69 195
car 0.0108 465 253 495 286
car 0.0104 410 171 417 184
car 0.0098 349 126 364 134
car 0.0087 492 154 499 171
car 0.0087 53 180 76 195
car 0.0072 454 150 469 160
car 0.0057 467 260 487 284
car 0.0057 414 195 425 204
car 0.0054 299 115 312 125
car 0.0050 434 170 445 185
car 0.0048 368 151 402 162
car 0.0043 479 151 490 161
car 0.0042 398 151 414 161
car 0.0039 269 314 321 334
car 0.0034 465 142 490 158
car 0.0034 38 185 62 197
car 0.0033 443 176 467 192
car 0.0029 6 164 74 194
car 0.0027 56 174 73 182
car 0.0025 299 114 322 126
car 0.0022 487 251 496 286
car 0.0018 448 150 460 158
car 0.0017 418 137 474 179
car 0.0017 303 234 312 245
car 0.0017 435 166 460 191
car 0.0017 371 120 380 128
car 0.0014 262 306 306 334
car 0.0013 366 148 375 158
car 0.0013 444 151 463 161
car 0.0013 368 123 377 130
car 0.0012 384 306 394 318
car 0.0011 374 120 395 130
car 0.0011 368 151 383 159
car 0.0011 427 305 439 313
car 0.0010 299 124 310 134
car 0.0010 466 258 480 278
car 0.0010 304 231 312 241
car 0.0010 371 154 403 174
car 0.0010 366 143 374 156
motorbike 0.0021 466 260 480 281
aeroplane 0.0023 260 301 359 332
bus 0.8465 0 163 76 194
bus 0.4037 434 160 475 193
bus 0.0663 373 159 404 184
bus 0.0621 259 304 359 334
bus 0.0328 462 152 471 161
bus 0.0327 396 151 404 160
bus 0.0251 410 153 422 162
bus 0.0185 326 197 456 278
bus 0.0151 41 180 76 197
bus 0.0130 371 154 403 174
bus 0.0102 473 137 490 152
bus 0.0096 368 151 402 162
bus 0.0084 328 148 403 186
bus 0.0080 465 142 490 158
bus 0.0075 434 166 447 185
bus 0.0044 398 151 414 161
bus 0.0044 477 143 489 154
bus 0.0038 338 202 370 224
bus 0.0037 466 124 475 141
bus 0.0037 488 138 498 153
bus 0.0027 435 166 460 191
bus 0.0027 473 152 487 160
bus 0.0026 281 141 404 188
bus 0.0025 404 138 414 144
bus 0.0024 462 176 474 192
bus 0.0023 349 126 364 134
bus 0.0021 368 151 383 159
bus 0.0017 404 140 417 151
bus 0.0016 467 150 487 158
bus 0.0015 413 212 456 242
bus 0.0014 383 121 396 129
bus 0.0014 0 167 26 189
bus 0.0014 465 253 495 286
bus 0.0014 377 134 390 140
bus 0.0013 421 195 449 207
bus 0.0012 360 136 404 181
bus 0.0012 479 128 495 137
bus 0.0011 437 145 474 170
bus 0.0011 468 125 479 137
bus 0.0011 299 115 312 125
bus 0.0011 486 251 495 285
bus 0.0010 410 171 417 184
bus 0.0010 460 167 475 191
train 0.1547 434 159 475 193
train 0.0103 349 126 364 134
train 0.0100 244 179 464 286
train 0.0055 275 132 403 194
train 0.0054 0 165 77 194
train 0.0046 260 301 359 332
train 0.0028 333 143 403 186
train 0.0026 372 157 404 184
train 0.0021 480 172 499 225
train 0.0019 299 116 344 132
train 0.0016 307 243 316 261
train 0.0014 421 195 449 207
train 0.0012 411 152 422 161
boat 0.0058 260 301 359 332
boat 0.0013 4 164 74 194
chair 0.2780 271 233 285 245
chair 0.2238 284 235 297 248
chair 0.0120 253 229 266 241
chair 0.0094 307 240 315 255
chair 0.0072 291 235 312 250
chair 0.0045 313 241 321 254
chair 0.0025 303 234 312 245
chair 0.0017 150 198 162 213
pottedplant 0.0029 303 234 312 245
pottedplant 0.0020 374 269 381 277
pottedplant 0.0014 307 240 315 255
pottedplant 0.0010 312 237 319 252
diningtable 0.0567 284 235 297 248
diningtable 0.0235 272 233 285 245
diningtable 0.0066 292 233 312 248
