person 0.0035 18 -4 503 322
person 0.0030 352 -1 500 275
car 0.0137 14 251 501 363
car 0.0108 4 -7 496 365
boat 0.0158 5 -13 498 365
boat 0.0139 11 237 499 367
cat 0.0021 240 83 382 271
dog 0.8283 238 83 377 273
dog 0.0406 2 -4 489 329
horse 0.0464 2 -3 484 290
sheep 0.0014 2 -3 488 298
cow 0.2061 0 -3 484 347
cow 0.0012 18 242 497 365
chair 0.0495 -2 -3 500 330
chair 0.0020 18 256 499 363
sofa 0.6038 0 -4 499 367
sofa 0.0075 19 251 499 363
sofa 0.0018 349 0 499 272
diningtable 0.0026 18 256 499 363
