person 0.8559 92 13 376 325
person 0.5060 386 193 485 327
person 0.1091 1 139 131 326
person 0.0232 465 214 484 245
person 0.0157 2 143 369 326
person 0.0153 452 189 471 226
person 0.0067 461 211 480 237
person 0.0039 430 191 475 235
person 0.0037 0 141 45 211
person 0.0034 432 194 458 220
person 0.0024 447 189 484 239
person 0.0018 395 206 422 229
person 0.0016 467 217 490 265
person 0.0014 333 45 498 328
person 0.0014 426 100 449 149
person 0.0011 472 225 485 245
person 0.0011 78 70 112 119
person 0.0010 454 189 468 211
person 0.0010 480 221 499 273
dog 0.0020 0 175 130 323
chair 0.1542 0 140 45 212
chair 0.1046 0 175 130 323
chair 0.0822 35 138 74 194
chair 0.0456 2 272 112 328
chair 0.0296 2 153 379 325
chair 0.0220 41 137 142 210
chair 0.0061 57 140 123 191
chair 0.0048 95 191 130 237
chair 0.0044 34 138 94 230
chair 0.0039 0 138 45 311
chair 0.0038 485 225 499 265
chair 0.0033 110 139 204 222
chair 0.0030 386 200 485 327
chair 0.0027 470 229 500 281
chair 0.0026 311 243 374 328
chair 0.0026 44 66 154 138
chair 0.0022 0 241 15 308
chair 0.0022 395 207 422 230
chair 0.0021 466 224 499 330
chair 0.0020 16 5 470 329
chair 0.0019 74 157 150 219
chair 0.0014 85 189 132 315
chair 0.0013 111 140 166 196
chair 0.0012 84 203 104 226
chair 0.0010 473 228 485 246
sofa 0.0193 0 146 131 327
sofa 0.0041 0 141 45 211
sofa 0.0030 13 172 404 327
diningtable 0.0013 466 231 499 281
tvmonitor 0.3895 48 68 153 139
tvmonitor 0.1815 50 7 145 73
tvmonitor 0.0534 154 61 185 122
tvmonitor 0.0283 107 70 152 130
tvmonitor 0.0279 48 74 92 136
tvmonitor 0.0064 77 74 113 121
tvmonitor 0.0040 151 0 249 41
tvmonitor 0.0029 154 32 199 123
tvmonitor 0.0016 152 3 196 41
tvmonitor 0.0015 16 5 470 329
tvmonitor 0.0015 159 18 217 67
tvmonitor 0.0011 162 38 201 63
