person 0.0049 14 63 480 372
person 0.0039 195 58 478 294
person 0.0010 160 2 237 109
cat 0.0872 223 83 434 272
cat 0.0067 47 161 489 369
cat 0.0031 169 165 351 247
cat 0.0028 219 65 417 146
cat 0.0026 313 80 415 139
dog 0.7979 67 165 464 373
dog 0.4660 225 77 433 265
dog 0.0226 165 165 353 250
dog 0.0044 219 65 417 146
dog 0.0035 119 125 463 273
dog 0.0035 313 78 416 139
dog 0.0019 194 46 493 326
dog 0.0010 92 164 369 311
cow 0.0099 40 168 492 370
bottle 0.0015 180 61 190 95
chair 0.0140 377 37 501 344
chair 0.0044 212 42 499 352
chair 0.0019 14 63 480 372
chair 0.0014 160 20 214 101
sofa 0.1519 24 72 494 366
sofa 0.0770 388 44 499 334
sofa 0.0015 195 58 478 294
sofa 0.0010 217 66 411 142
pottedplant 0.4598 166 0 233 42
pottedplant 0.0219 160 1 237 111
pottedplant 0.0160 170 4 206 43
pottedplant 0.0032 166 3 184 38
pottedplant 0.0017 195 0 234 35
diningtable 0.0031 156 34 213 98
tvmonitor 0.6478 0 1 37 91
tvmonitor 0.0251 0 -1 74 96
tvmonitor 0.0112 0 5 23 71
