person 0.0457 137 178 186 223
person 0.0029 149 179 184 208
person 0.0019 186 135 196 152
person 0.0015 175 128 188 153
person 0.0012 154 180 182 198
person 0.0010 450 101 469 132
bird 0.0032 149 179 184 208
bird 0.0030 450 101 470 132
bird 0.0025 155 180 179 196
bird 0.0018 438 124 449 141
bird 0.0014 136 179 186 223
bird 0.0011 181 219 205 257
cat 0.0120 143 179 185 220
cat 0.0010 150 199 168 223
dog 0.0075 137 178 187 224
dog 0.0074 152 179 186 210
dog 0.0032 154 180 182 198
horse 0.0016 137 179 185 224
bottle 0.5629 449 101 470 132
bottle 0.0129 250 251 266 269
bottle 0.0041 364 315 374 331
bottle 0.0015 73 316 85 332
bottle 0.0014 239 256 251 269
chair 0.8655 286 240 363 332
chair 0.3438 182 245 238 301
chair 0.1671 270 267 311 331
chair 0.1054 51 284 117 331
chair 0.1018 262 285 277 332
chair 0.0966 178 241 262 327
chair 0.0767 224 282 276 332
chair 0.0487 270 270 289 332
chair 0.0400 284 268 311 316
chair 0.0200 153 228 239 302
chair 0.0181 184 277 269 331
chair 0.0103 217 258 284 329
chair 0.0071 208 302 263 331
chair 0.0071 52 269 159 331
chair 0.0068 464 62 499 133
chair 0.0065 190 242 233 257
chair 0.0062 284 267 310 285
chair 0.0052 84 272 107 301
chair 0.0041 287 303 353 332
chair 0.0039 117 228 259 330
chair 0.0038 149 231 189 300
chair 0.0034 236 255 251 269
chair 0.0033 275 265 310 275
chair 0.0033 453 318 499 332
chair 0.0030 267 253 279 265
chair 0.0028 259 253 277 265
chair 0.0027 306 240 365 282
chair 0.0026 342 240 360 319
chair 0.0026 308 253 348 281
chair 0.0024 290 316 350 331
chair 0.0023 233 271 271 290
chair 0.0021 182 219 204 256
chair 0.0020 222 251 236 303
chair 0.0017 60 272 273 333
chair 0.0016 308 264 341 282
chair 0.0016 479 122 498 132
chair 0.0016 344 239 365 255
chair 0.0015 342 238 363 281
chair 0.0012 0 318 23 332
chair 0.0012 107 253 168 328
chair 0.0011 72 315 92 332
chair 0.0011 165 225 194 260
chair 0.0011 274 293 286 332
chair 0.0010 239 232 275 268
chair 0.0010 215 241 234 254
chair 0.0010 427 311 500 331
chair 0.0010 174 236 189 258
chair 0.0010 54 294 72 331
sofa 0.0096 51 258 266 332
sofa 0.0032 181 243 236 302
sofa 0.0030 464 63 499 133
sofa 0.0022 183 238 235 266
sofa 0.0015 465 95 499 130
sofa 0.0012 289 256 361 332
pottedplant 0.8237 52 224 259 331
pottedplant 0.6037 427 295 472 331
pottedplant 0.5898 239 232 276 268
pottedplant 0.0355 137 178 185 223
pottedplant 0.0240 51 283 134 332
pottedplant 0.0134 176 242 261 329
pottedplant 0.0099 178 295 262 331
pottedplant 0.0092 427 311 500 331
pottedplant 0.0091 106 260 163 333
pottedplant 0.0090 213 281 278 331
pottedplant 0.0081 135 222 236 310
pottedplant 0.0072 53 252 191 330
pottedplant 0.0057 250 251 266 269
pottedplant 0.0051 215 302 262 331
pottedplant 0.0046 149 231 189 300
pottedplant 0.0042 110 281 143 330
pottedplant 0.0040 429 305 458 331
pottedplant 0.0033 438 124 449 141
pottedplant 0.0023 150 200 167 224
pottedplant 0.0019 237 254 251 269
pottedplant 0.0017 149 179 184 208
pottedplant 0.0015 143 298 226 332
pottedplant 0.0015 464 95 499 133
pottedplant 0.0014 427 124 449 143
pottedplant 0.0013 213 241 236 259
pottedplant 0.0012 258 244 277 265
pottedplant 0.0012 165 225 194 260
pottedplant 0.0012 212 260 312 331
pottedplant 0.0011 457 294 469 315
pottedplant 0.0011 139 222 209 274
pottedplant 0.0011 232 248 242 269
pottedplant 0.0010 453 298 470 326
diningtable 0.3250 216 260 312 330
diningtable 0.0568 51 256 297 332
diningtable 0.0176 456 317 499 332
diningtable 0.0113 265 268 313 331
diningtable 0.0093 253 264 315 274
diningtable 0.0076 268 252 360 330
diningtable 0.0076 226 256 297 283
diningtable 0.0064 270 269 291 331
diningtable 0.0056 428 306 500 330
diningtable 0.0040 265 266 309 288
diningtable 0.0038 183 246 234 287
diningtable 0.0033 232 255 286 273
diningtable 0.0026 290 316 350 331
diningtable 0.0025 275 265 310 275
diningtable 0.0022 289 293 358 333
diningtable 0.0021 233 270 270 290
diningtable 0.0021 284 268 310 309
diningtable 0.0020 284 268 310 285
tvmonitor 0.0076 0 168 24 323
tvmonitor 0.0063 0 125 23 165
tvmonitor 0.0052 113 102 212 224
tvmonitor 0.0017 129 114 209 164
