person 0.6932 2 5 352 393
person 0.3896 174 0 339 143
person 0.0539 -1 0 182 434
person 0.0388 4 0 169 196
person 0.0369 117 4 340 228
person 0.0344 282 67 338 123
person 0.0207 82 2 162 94
person 0.0099 47 4 163 134
person 0.0046 0 166 79 399
person 0.0039 0 193 19 306
person 0.0028 27 106 264 334
person 0.0023 57 7 214 97
person 0.0021 283 67 326 104
person 0.0019 284 2 357 155
person 0.0015 19 76 300 191
person 0.0015 1 81 172 169
person 0.0014 -6 3 357 121
cat 0.0103 15 108 265 341
cat 0.0024 145 128 232 176
dog 0.1065 24 106 264 331
dog 0.0023 9 79 173 166
chair 0.0760 -10 37 356 493
chair 0.0172 283 5 357 155
chair 0.0063 0 -2 178 400
chair 0.0038 279 2 360 309
chair 0.0030 154 1 358 320
chair 0.0030 0 6 90 115
chair 0.0024 0 3 212 116
chair 0.0016 220 160 355 316
chair 0.0015 0 185 19 303
sofa 0.5491 -4 11 358 496
sofa 0.1137 181 0 353 151
sofa 0.1052 143 2 358 337
sofa 0.0897 283 2 359 156
sofa 0.0617 1 3 210 114
sofa 0.0583 1 -2 187 414
sofa 0.0332 -3 2 355 200
sofa 0.0292 0 5 95 114
sofa 0.0161 279 2 360 309
sofa 0.0092 149 13 214 96
sofa 0.0090 4 0 169 196
sofa 0.0034 222 160 355 315
sofa 0.0030 0 185 19 303
sofa 0.0014 308 168 357 300
sofa 0.0011 2 259 357 495
sofa 0.0010 -6 3 95 436
sofa 0.0010 -1 124 24 300
diningtable 0.0020 4 260 356 494
