person 0.0025 298 145 309 156
bird 0.0067 169 85 286 396
bird 0.0034 136 90 368 428
bird 0.0029 178 286 197 307
bird 0.0020 25 19 318 422
bird 0.0017 275 103 285 116
bird 0.0016 273 82 332 121
bird 0.0012 159 283 206 404
bird 0.0012 183 52 260 137
bird 0.0010 163 283 246 391
bird 0.0010 1 241 61 321
cat 0.0609 158 285 206 407
cat 0.0316 161 282 246 399
cat 0.0037 169 85 286 396
cat 0.0031 136 90 368 428
cat 0.0010 1 241 61 321
dog 0.0056 163 283 244 394
dog 0.0012 158 285 205 406
sheep 0.0032 163 283 246 391
pottedplant 0.8290 318 386 374 480
pottedplant 0.8039 226 424 294 498
pottedplant 0.3890 277 433 354 498
pottedplant 0.2017 295 294 374 478
pottedplant 0.1709 226 359 339 498
pottedplant 0.0311 168 65 314 394
pottedplant 0.0284 282 107 374 469
pottedplant 0.0232 331 320 374 460
pottedplant 0.0113 206 194 372 483
pottedplant 0.0111 21 2 382 424
pottedplant 0.0096 262 462 281 481
pottedplant 0.0077 0 154 74 313
pottedplant 0.0073 286 355 336 394
pottedplant 0.0071 252 457 284 490
pottedplant 0.0055 0 160 62 247
pottedplant 0.0054 321 294 374 404
pottedplant 0.0042 67 123 96 148
pottedplant 0.0036 168 133 236 375
pottedplant 0.0036 182 52 257 146
pottedplant 0.0034 183 78 227 134
pottedplant 0.0034 284 318 339 389
pottedplant 0.0033 259 337 335 399
pottedplant 0.0033 181 341 288 480
pottedplant 0.0030 280 436 319 496
pottedplant 0.0030 255 365 329 461
pottedplant 0.0026 283 395 325 447
pottedplant 0.0018 294 356 327 366
pottedplant 0.0017 355 403 375 464
pottedplant 0.0016 178 363 245 477
pottedplant 0.0015 282 446 301 494
pottedplant 0.0015 295 454 353 499
pottedplant 0.0014 49 11 214 424
pottedplant 0.0012 301 361 342 405
pottedplant 0.0012 269 429 288 446
pottedplant 0.0012 121 111 372 457
pottedplant 0.0012 263 450 286 481
pottedplant 0.0011 157 282 206 407
pottedplant 0.0011 352 129 374 233
pottedplant 0.0011 1 63 102 335
pottedplant 0.0010 312 386 330 405
