person 0.8694 56 353 122 436
person 0.6461 87 405 123 443
person 0.0107 322 351 329 360
person 0.0062 57 421 66 434
person 0.0045 301 314 309 333
person 0.0035 271 311 280 333
person 0.0034 95 390 120 419
person 0.0029 79 385 121 434
person 0.0024 80 353 94 368
person 0.0023 111 359 120 369
person 0.0016 103 393 119 412
person 0.0011 161 321 168 339
person 0.0011 279 319 287 333
aeroplane 0.0739 97 134 120 141
aeroplane 0.0059 257 166 278 174
aeroplane 0.0020 76 0 283 460
boat 0.8242 31 431 144 463
boat 0.7046 83 -3 291 453
boat 0.0127 81 437 140 462
boat 0.0106 33 431 89 462
boat 0.0099 100 132 121 140
boat 0.0066 257 166 277 174
boat 0.0028 29 370 140 461
boat 0.0021 58 408 126 442
boat 0.0020 -82 83 8 508
boat 0.0012 62 359 70 365
bird 0.0119 100 132 121 140
bird 0.0111 4 97 17 103
bird 0.0042 169 151 213 187
bird 0.0010 32 430 88 462
dog 0.0011 89 419 118 441
