person 0.9166 70 79 215 313
person 0.8649 199 288 319 373
person 0.8486 437 110 495 180
person 0.8335 352 129 432 279
person 0.8186 55 119 98 176
person 0.8117 289 234 411 373
person 0.7213 6 128 48 183
person 0.6831 0 132 34 373
person 0.6628 287 197 391 322
person 0.1218 6 130 56 270
person 0.0895 17 140 46 248
person 0.0345 282 279 328 364
person 0.0318 22 105 120 256
person 0.0247 0 140 10 183
person 0.0228 199 351 229 374
person 0.0175 282 275 317 318
person 0.0107 320 197 387 281
person 0.0091 320 199 363 241
person 0.0089 2 140 25 181
person 0.0078 71 88 148 188
person 0.0073 64 209 447 374
person 0.0062 0 267 33 373
person 0.0059 438 110 465 155
person 0.0048 0 142 16 206
person 0.0045 284 274 307 294
person 0.0045 357 130 428 207
person 0.0044 200 349 253 373
person 0.0041 82 126 98 157
person 0.0033 172 365 197 374
person 0.0032 279 244 317 290
person 0.0028 1 141 21 262
person 0.0027 146 262 420 372
person 0.0025 7 145 46 203
person 0.0024 20 169 42 223
person 0.0023 248 176 524 375
person 0.0022 85 140 97 156
person 0.0021 439 136 477 169
person 0.0020 45 244 64 265
person 0.0014 163 219 178 262
person 0.0013 111 82 145 121
person 0.0011 37 150 49 170
person 0.0011 490 161 499 175
person 0.0010 91 83 148 152
person 0.0010 0 106 17 184
boat 0.0044 63 156 456 377
bottle 0.6601 46 159 55 186
bottle 0.2918 418 259 430 277
bottle 0.2598 456 188 467 214
bottle 0.2352 434 174 443 190
bottle 0.2060 23 168 30 185
bottle 0.0986 474 199 483 217
bottle 0.0833 467 201 475 218
bottle 0.0687 16 176 35 201
bottle 0.0416 30 158 40 182
bottle 0.0383 481 201 489 219
bottle 0.0327 24 164 33 183
bottle 0.0314 34 169 43 186
bottle 0.0277 413 259 430 297
bottle 0.0232 14 142 43 183
bottle 0.0232 32 155 43 177
bottle 0.0215 488 345 499 375
bottle 0.0211 20 169 42 223
bottle 0.0170 113 167 125 177
bottle 0.0128 452 177 463 193
bottle 0.0097 42 155 51 174
bottle 0.0091 437 144 453 178
bottle 0.0082 456 201 465 216
bottle 0.0082 433 269 442 278
bottle 0.0073 454 197 465 212
bottle 0.0073 190 174 205 218
bottle 0.0061 43 175 51 186
bottle 0.0056 247 144 257 165
bottle 0.0053 117 164 128 178
bottle 0.0052 35 176 44 188
bottle 0.0051 433 180 443 206
bottle 0.0048 468 196 479 215
bottle 0.0043 442 272 456 281
bottle 0.0037 442 266 453 277
bottle 0.0037 449 198 459 211
bottle 0.0030 71 177 83 192
bottle 0.0029 36 152 48 171
bottle 0.0028 440 176 450 190
bottle 0.0028 0 143 16 206
bottle 0.0027 457 187 472 205
bottle 0.0026 470 294 488 318
bottle 0.0020 484 199 495 220
bottle 0.0020 451 201 478 220
bottle 0.0020 472 188 484 200
bottle 0.0019 17 140 46 248
bottle 0.0018 4 167 16 202
bottle 0.0018 229 145 255 166
bottle 0.0017 78 161 88 172
bottle 0.0016 443 184 457 209
bottle 0.0016 398 161 496 213
bottle 0.0016 443 261 458 276
bottle 0.0014 429 182 476 226
bottle 0.0014 170 365 198 374
bottle 0.0014 13 179 25 200
bottle 0.0013 451 137 465 149
bottle 0.0013 479 295 491 320
bottle 0.0013 7 182 17 203
bottle 0.0013 441 189 453 208
bottle 0.0012 490 161 499 175
bottle 0.0011 201 182 216 198
bottle 0.0010 100 163 122 190
bottle 0.0010 439 136 477 169
chair 0.6919 4 262 105 371
chair 0.2925 118 284 229 373
chair 0.2443 413 276 480 310
chair 0.0982 101 230 145 309
chair 0.0854 282 279 338 370
chair 0.0676 100 229 202 305
chair 0.0477 322 321 345 372
chair 0.0301 5 267 227 371
chair 0.0240 325 322 368 373
chair 0.0235 36 152 48 171
chair 0.0235 438 251 498 288
chair 0.0218 325 318 411 373
chair 0.0181 450 274 480 285
chair 0.0172 399 159 439 183
chair 0.0170 282 276 316 317
chair 0.0127 283 235 406 374
chair 0.0121 288 274 306 290
chair 0.0107 1 143 24 182
chair 0.0104 87 199 141 269
chair 0.0099 438 144 452 177
chair 0.0098 343 171 359 199
chair 0.0098 9 158 65 280
chair 0.0096 443 257 482 276
chair 0.0092 133 347 213 373
chair 0.0091 478 251 499 289
chair 0.0091 55 144 73 173
chair 0.0088 278 248 309 290
chair 0.0078 17 287 61 364
chair 0.0078 470 135 482 156
chair 0.0076 415 236 498 282
chair 0.0074 488 158 499 176
chair 0.0060 42 155 51 174
chair 0.0057 33 158 43 178
chair 0.0054 470 135 487 171
chair 0.0053 55 210 94 267
chair 0.0048 339 180 356 199
chair 0.0045 95 238 224 358
chair 0.0042 291 284 323 354
chair 0.0042 0 143 13 186
chair 0.0042 483 142 499 171
chair 0.0040 404 135 500 198
chair 0.0039 38 153 232 305
chair 0.0037 97 277 415 373
chair 0.0035 464 249 495 271
chair 0.0034 419 137 492 178
chair 0.0034 195 180 235 252
chair 0.0030 18 285 64 317
chair 0.0029 328 163 364 197
chair 0.0029 16 211 64 275
chair 0.0029 -1 274 67 319
chair 0.0028 0 142 39 371
chair 0.0028 103 227 136 249
chair 0.0027 91 218 138 252
chair 0.0026 199 350 229 374
chair 0.0026 102 233 141 262
chair 0.0025 468 237 498 279
chair 0.0024 170 365 198 374
chair 0.0023 487 219 499 237
chair 0.0022 439 144 449 160
chair 0.0022 390 279 416 293
chair 0.0021 439 121 499 178
chair 0.0020 449 216 498 282
chair 0.0020 386 162 499 221
chair 0.0018 309 311 341 369
chair 0.0018 88 170 172 310
chair 0.0018 58 148 85 174
chair 0.0017 68 216 95 258
chair 0.0017 0 142 8 173
chair 0.0017 383 292 407 314
chair 0.0016 479 269 499 290
chair 0.0015 88 141 98 156
chair 0.0015 86 213 118 254
chair 0.0014 0 267 33 373
chair 0.0014 383 292 398 309
chair 0.0014 0 179 100 363
chair 0.0013 376 279 499 366
chair 0.0013 330 162 364 171
chair 0.0013 329 319 343 359
chair 0.0013 323 153 382 165
chair 0.0013 222 291 404 372
chair 0.0013 417 259 430 277
chair 0.0012 309 336 335 373
chair 0.0011 432 209 497 238
chair 0.0010 46 158 55 185
chair 0.0010 163 219 178 262
chair 0.0010 480 284 499 310
chair 0.0010 481 210 499 284
sofa 0.0019 104 283 230 373
sofa 0.0018 411 276 479 310
sofa 0.0016 2 262 105 373
sofa 0.0011 397 159 439 182
pottedplant 0.0021 15 181 36 201
diningtable 0.7023 379 292 499 371
diningtable 0.6595 390 165 501 258
diningtable 0.4746 14 176 136 273
diningtable 0.1800 204 153 365 257
diningtable 0.0952 392 231 499 270
diningtable 0.0692 5 170 130 368
diningtable 0.0511 26 178 121 208
diningtable 0.0402 392 211 496 246
diningtable 0.0361 429 182 476 226
diningtable 0.0295 395 232 505 247
diningtable 0.0179 10 143 63 273
diningtable 0.0107 398 161 496 213
diningtable 0.0097 100 227 201 304
diningtable 0.0083 74 173 134 235
diningtable 0.0074 133 347 209 374
diningtable 0.0071 38 153 232 305
diningtable 0.0048 432 209 497 238
diningtable 0.0047 2 253 107 371
diningtable 0.0047 211 144 512 269
diningtable 0.0044 489 161 499 176
diningtable 0.0039 62 127 403 315
diningtable 0.0036 401 158 439 177
diningtable 0.0030 22 105 120 256
diningtable 0.0028 248 176 524 375
diningtable 0.0024 40 186 102 205
diningtable 0.0022 266 151 381 168
diningtable 0.0021 106 283 227 373
diningtable 0.0018 414 270 481 309
diningtable 0.0018 65 205 159 314
diningtable 0.0017 398 156 454 185
diningtable 0.0014 438 251 498 288
diningtable 0.0014 408 299 494 351
diningtable 0.0014 312 168 361 192
diningtable 0.0013 233 158 329 186
diningtable 0.0013 487 153 499 176
diningtable 0.0013 101 232 145 308
diningtable 0.0011 0 271 59 313
diningtable 0.0011 104 286 423 372
diningtable 0.0010 71 185 105 205
diningtable 0.0010 85 132 332 229
diningtable 0.0010 410 180 460 208
diningtable 0.0010 294 163 366 180
tvmonitor 0.0012 104 283 230 373
tvmonitor 0.0012 309 74 391 159
