person 0.7850 208 156 378 235
person 0.0082 187 161 383 286
person 0.0065 304 155 378 231
person 0.0046 478 242 499 316
person 0.0022 0 201 55 354
bird 0.0222 399 30 412 37
cat 0.0017 264 193 283 227
bottle 0.0018 264 193 283 227
bottle 0.0017 449 123 464 156
chair 0.8668 419 124 476 219
chair 0.8304 247 114 284 166
chair 0.7958 186 130 225 197
chair 0.6712 280 123 296 165
chair 0.5874 369 115 404 132
chair 0.5236 297 120 317 159
chair 0.4913 296 119 345 162
chair 0.4312 0 198 56 354
chair 0.3152 348 132 403 200
chair 0.2518 310 118 327 156
chair 0.2474 291 123 304 160
chair 0.1826 347 132 385 164
chair 0.1802 399 132 424 205
chair 0.1300 459 123 478 162
chair 0.1212 397 130 422 146
chair 0.1069 414 123 468 180
chair 0.0718 187 161 379 286
chair 0.0618 449 123 464 156
chair 0.0615 479 241 499 317
chair 0.0583 406 160 425 206
chair 0.0549 369 116 388 131
chair 0.0508 346 131 368 161
chair 0.0493 430 122 465 162
chair 0.0482 408 149 439 197
chair 0.0465 372 125 401 194
chair 0.0340 375 131 400 164
chair 0.0318 257 114 273 140
chair 0.0183 310 117 324 134
chair 0.0165 297 121 313 146
chair 0.0157 347 122 404 153
chair 0.0146 465 122 477 142
chair 0.0131 21 190 114 298
chair 0.0103 392 142 406 201
chair 0.0100 347 131 373 141
chair 0.0090 279 123 294 143
chair 0.0083 369 112 384 125
chair 0.0080 325 130 365 161
chair 0.0073 295 122 309 155
chair 0.0069 298 120 309 130
chair 0.0058 306 118 318 128
chair 0.0057 372 131 401 145
chair 0.0057 322 123 349 147
chair 0.0054 188 163 223 195
chair 0.0052 476 244 499 372
chair 0.0049 186 131 196 166
chair 0.0046 453 123 471 162
chair 0.0045 365 163 395 283
chair 0.0035 306 118 389 160
chair 0.0033 309 157 396 288
chair 0.0031 423 140 459 164
chair 0.0028 345 142 362 163
chair 0.0023 367 108 384 120
chair 0.0023 348 128 401 142
chair 0.0022 252 139 282 165
chair 0.0020 478 168 500 321
chair 0.0020 211 187 369 260
chair 0.0019 351 121 390 133
chair 0.0019 406 137 423 162
chair 0.0016 370 128 419 146
chair 0.0016 423 147 450 159
chair 0.0015 463 120 474 138
chair 0.0015 468 121 486 163
chair 0.0014 255 116 278 149
chair 0.0014 246 116 257 140
chair 0.0014 387 128 420 153
chair 0.0011 324 122 372 144
chair 0.0011 386 115 404 131
chair 0.0011 210 169 320 231
chair 0.0010 479 313 498 374
chair 0.0010 458 132 475 211
sofa 0.7962 186 163 397 289
sofa 0.3480 0 196 56 355
sofa 0.1575 480 243 498 318
sofa 0.0203 478 236 499 371
sofa 0.0033 210 164 368 233
sofa 0.0026 186 130 224 202
sofa 0.0014 368 115 404 132
sofa 0.0012 478 168 500 321
sofa 0.0012 422 123 469 164
sofa 0.0011 187 186 274 277
pottedplant 0.0169 369 115 404 131
pottedplant 0.0079 369 116 388 131
pottedplant 0.0073 445 102 483 153
pottedplant 0.0039 444 60 487 156
pottedplant 0.0030 369 112 384 125
pottedplant 0.0022 450 119 479 156
pottedplant 0.0010 463 120 474 138
pottedplant 0.0010 446 105 465 150
diningtable 0.5428 344 133 426 203
diningtable 0.2642 311 128 417 185
diningtable 0.1039 385 131 424 205
diningtable 0.0820 348 129 393 165
diningtable 0.0808 396 130 422 146
diningtable 0.0626 370 128 419 146
diningtable 0.0560 273 126 399 167
diningtable 0.0537 347 122 404 153
diningtable 0.0490 304 117 353 161
diningtable 0.0457 348 128 401 142
diningtable 0.0308 374 129 403 166
diningtable 0.0272 372 131 401 145
diningtable 0.0264 366 119 405 198
diningtable 0.0215 365 117 404 140
diningtable 0.0165 326 128 360 161
diningtable 0.0153 325 125 362 145
diningtable 0.0145 22 190 114 299
diningtable 0.0135 273 118 342 155
diningtable 0.0119 347 131 373 141
diningtable 0.0109 408 148 449 194
diningtable 0.0099 230 133 362 173
diningtable 0.0078 297 120 316 158
diningtable 0.0062 186 133 223 198
diningtable 0.0052 246 138 419 203
diningtable 0.0044 189 160 225 191
diningtable 0.0033 387 128 420 153
diningtable 0.0023 248 115 287 165
diningtable 0.0022 422 123 469 164
diningtable 0.0021 404 133 430 206
diningtable 0.0020 0 194 54 355
diningtable 0.0019 191 157 224 175
diningtable 0.0019 398 130 423 172
diningtable 0.0017 346 131 368 161
diningtable 0.0015 396 134 464 210
diningtable 0.0014 75 165 151 246
diningtable 0.0014 310 117 327 155
diningtable 0.0014 182 185 398 288
diningtable 0.0014 351 121 390 133
diningtable 0.0012 412 152 448 170
diningtable 0.0012 478 241 499 316
diningtable 0.0012 393 142 411 201
tvmonitor 0.9165 68 129 138 190
tvmonitor 0.0026 0 194 54 355
