person 0.9009 83 158 130 273
person 0.0512 37 0 84 63
person 0.0113 185 18 197 29
person 0.0112 0 152 8 212
person 0.0101 37 138 53 187
person 0.0053 81 213 93 257
person 0.0042 0 97 18 127
person 0.0039 25 119 53 187
person 0.0034 41 153 52 186
person 0.0033 27 115 37 126
person 0.0032 101 12 119 61
person 0.0029 0 182 6 211
person 0.0028 21 123 35 186
person 0.0023 41 2 141 69
person 0.0020 393 55 403 72
person 0.0019 70 7 129 52
person 0.0018 26 79 37 102
person 0.0018 171 16 180 25
person 0.0017 105 43 117 60
person 0.0017 185 20 196 37
person 0.0016 138 132 145 145
person 0.0014 159 14 170 22
person 0.0013 84 215 93 244
person 0.0010 225 54 235 79
person 0.0010 173 16 186 26
bicycle 0.0010 81 214 93 257
car 0.0032 159 15 170 22
bird 0.0063 186 18 196 28
bird 0.0034 106 14 117 25
bird 0.0026 159 15 170 22
bird 0.0013 393 34 402 44
bird 0.0012 185 20 196 37
bottle 0.0016 27 82 39 102
pottedplant 0.0072 185 19 196 27
pottedplant 0.0023 105 14 117 27
pottedplant 0.0017 99 11 119 62
pottedplant 0.0012 109 49 118 60
pottedplant 0.0010 79 120 95 135
pottedplant 0.0010 75 5 104 30
tvmonitor 0.0021 125 105 144 133
