person 0.0036 54 168 501 370
person 0.0027 52 -3 494 321
person 0.0022 441 91 499 215
person 0.0022 285 0 499 214
person 0.0012 475 176 499 212
car 0.0025 68 -1 478 212
cat 0.0015 86 1 499 269
dog 0.8648 75 0 474 276
dog 0.0065 236 44 479 241
dog 0.0013 442 106 499 214
dog 0.0010 452 159 499 213
cow 0.0026 69 -5 474 284
chair 0.2731 30 -19 502 367
chair 0.2478 78 20 195 179
chair 0.1645 0 17 69 249
chair 0.0758 68 -1 478 212
chair 0.0450 5 14 196 256
chair 0.0300 61 11 247 351
chair 0.0163 63 157 492 373
chair 0.0152 278 -1 501 222
chair 0.0128 118 0 177 26
chair 0.0093 289 0 451 69
chair 0.0023 87 0 132 30
chair 0.0018 70 22 168 290
chair 0.0017 34 2 491 102
chair 0.0015 0 0 11 31
sofa 0.4697 26 -31 501 373
sofa 0.0859 54 168 501 370
sofa 0.0579 68 -1 478 212
sofa 0.0314 80 15 184 181
sofa 0.0199 281 -1 498 227
sofa 0.0098 291 -1 444 68
sofa 0.0088 288 0 499 104
sofa 0.0062 3 15 193 255
sofa 0.0051 34 2 491 102
diningtable 0.0047 0 -1 98 245
diningtable 0.0041 26 -31 501 373
diningtable 0.0016 0 11 197 250
diningtable 0.0013 64 174 496 372
