person 0.9067 208 202 279 368
person 0.8990 365 203 419 337
person 0.8946 161 245 188 305
person 0.8741 471 232 499 296
person 0.8456 42 258 55 290
person 0.8394 21 257 33 290
person 0.8278 429 252 440 288
person 0.7627 13 257 22 288
person 0.7366 443 255 457 287
person 0.5143 409 256 419 286
person 0.3685 366 248 379 292
person 0.2244 441 255 451 287
person 0.1378 270 257 279 280
person 0.0880 133 259 144 282
person 0.0365 457 260 465 278
person 0.0300 321 263 329 280
person 0.0256 203 279 221 328
person 0.0158 134 271 145 282
person 0.0152 447 255 457 274
person 0.0110 407 271 416 289
person 0.0106 473 232 498 264
person 0.0083 368 270 378 290
person 0.0074 267 261 277 278
person 0.0058 108 269 120 281
person 0.0053 110 256 121 280
person 0.0053 326 264 334 281
person 0.0043 46 257 55 279
person 0.0036 425 254 436 282
person 0.0032 470 245 479 276
person 0.0027 297 273 304 281
person 0.0025 176 253 187 282
person 0.0025 365 231 384 328
person 0.0021 187 272 202 281
person 0.0020 380 204 389 238
person 0.0020 112 270 126 281
person 0.0020 122 258 144 281
person 0.0018 244 226 280 360
person 0.0017 259 259 280 331
person 0.0017 382 222 392 240
person 0.0014 115 271 143 282
person 0.0013 488 234 499 252
person 0.0012 434 256 442 281
person 0.0012 415 258 426 281
person 0.0011 481 232 497 249
person 0.0010 161 256 169 277
person 0.0010 268 16 285 54
bicycle 0.1716 269 257 279 280
bicycle 0.0386 187 272 202 281
bicycle 0.0362 115 271 143 282
bicycle 0.0275 112 270 126 281
bicycle 0.0257 181 271 198 282
bicycle 0.0188 267 261 277 278
bicycle 0.0136 407 271 416 289
bicycle 0.0117 408 256 418 288
bicycle 0.0112 109 268 119 281
bicycle 0.0072 367 261 380 291
bicycle 0.0072 133 267 145 282
bicycle 0.0035 457 259 465 280
bicycle 0.0029 430 256 440 288
bicycle 0.0027 101 273 118 282
bicycle 0.0019 112 261 122 280
bicycle 0.0019 259 259 280 331
bicycle 0.0018 187 268 208 281
bicycle 0.0018 263 260 273 283
bicycle 0.0017 183 258 210 282
bicycle 0.0011 419 265 427 280
car 0.2846 187 271 204 281
car 0.0501 115 270 142 282
car 0.0245 181 271 198 282
car 0.0173 193 272 209 282
car 0.0095 186 264 206 281
car 0.0040 133 267 145 282
car 0.0031 181 256 207 278
car 0.0014 407 259 418 288
car 0.0013 157 267 170 281
car 0.0013 112 270 126 281
car 0.0011 368 267 379 291
motorbike 0.0112 269 257 279 280
motorbike 0.0055 187 272 202 281
motorbike 0.0039 181 271 198 282
motorbike 0.0037 115 270 143 282
motorbike 0.0033 407 271 416 289
motorbike 0.0028 133 267 145 282
motorbike 0.0024 407 259 418 288
motorbike 0.0021 112 270 126 281
motorbike 0.0018 367 261 380 291
bird 0.0013 226 17 241 52
dog 0.0014 205 289 222 327
dog 0.0013 407 271 416 289
bottle 0.0084 257 282 266 296
bottle 0.0062 236 274 249 302
bottle 0.0020 365 247 380 279
chair 0.0060 108 269 120 281
chair 0.0050 133 267 145 282
chair 0.0043 115 271 143 282
chair 0.0025 187 272 202 281
chair 0.0021 112 270 126 281
chair 0.0013 101 273 118 282
chair 0.0013 457 259 465 280
chair 0.0011 430 256 440 288
chair 0.0011 269 257 278 280
pottedplant 0.0976 318 216 333 281
pottedplant 0.0108 322 264 332 280
pottedplant 0.0102 260 224 279 281
pottedplant 0.0045 183 258 210 282
pottedplant 0.0023 44 205 55 242
pottedplant 0.0019 270 257 279 279
pottedplant 0.0011 110 212 148 283
diningtable 0.0031 114 270 144 282
