person 0.0014 0 -1 53 94
person 0.0010 0 0 53 41
bird 0.4377 197 43 348 233
bird 0.0097 9 -12 417 259
bird 0.0041 14 191 476 349
bird 0.0017 224 -3 331 197
bird 0.0014 69 61 363 244
cat 0.0427 192 23 363 233
cat 0.0195 9 -12 417 259
cat 0.0016 2 200 497 371
dog 0.0133 197 17 338 226
dog 0.0031 1 202 498 370
sheep 0.0042 197 17 338 226
sofa 0.0017 1 206 504 369
pottedplant 0.1164 4 -4 464 263
pottedplant 0.0238 292 -3 498 271
pottedplant 0.0052 0 9 115 263
pottedplant 0.0047 175 12 378 233
pottedplant 0.0013 4 204 494 370
diningtable 0.0208 1 182 494 370
diningtable 0.0014 -5 -18 493 368
