chair 0.8802 221 20 256 81
chair 0.8711 338 20 384 75
chair 0.8661 293 18 339 75
chair 0.8313 160 23 203 70
chair 0.8139 419 19 474 77
chair 0.7743 382 18 413 76
chair 0.0374 195 30 205 56
chair 0.0160 224 21 252 50
chair 0.0138 162 22 199 43
chair 0.0092 418 27 452 75
chair 0.0033 422 20 471 47
chair 0.0020 386 18 413 42
chair 0.0019 222 50 256 81
chair 0.0012 423 30 445 45
chair 0.0011 225 20 251 33
chair 0.0011 448 19 473 72
sofa 0.0060 293 19 339 74
sofa 0.0051 420 19 474 77
sofa 0.0026 223 19 256 80
sofa 0.0025 160 23 204 70
sofa 0.0023 383 19 413 75
sofa 0.0017 337 20 384 75
diningtable 0.0038 383 19 413 75
diningtable 0.0037 420 19 474 77
diningtable 0.0031 337 20 384 75
diningtable 0.0019 293 19 339 74
diningtable 0.0013 160 23 204 70
diningtable 0.0012 422 20 471 47
