person 0.9455 136 72 400 307
person 0.9159 3 101 151 307
person 0.8232 147 119 197 226
person 0.7788 6 129 46 180
person 0.3075 86 131 153 221
person 0.0778 292 160 338 200
person 0.0730 311 139 340 197
person 0.0511 178 152 224 204
person 0.0289 110 151 152 220
person 0.0176 194 155 209 175
person 0.0167 28 129 46 152
person 0.0158 81 169 131 220
person 0.0112 322 159 340 189
person 0.0097 182 146 198 181
person 0.0085 44 102 149 212
person 0.0078 112 147 147 174
person 0.0040 316 140 326 164
person 0.0033 185 156 194 177
person 0.0032 18 130 45 164
person 0.0026 302 146 388 205
person 0.0022 106 106 148 202
person 0.0014 7 153 26 177
person 0.0013 190 156 216 185
person 0.0011 114 151 134 170
person 0.0011 124 160 152 208
person 0.0010 169 125 196 197
person 0.0010 379 169 392 215
person 0.0010 184 140 207 177
person 0.0010 130 159 148 174
bottle 0.0023 194 155 209 175
bottle 0.0010 114 151 134 170
bottle 0.0010 185 157 195 177
chair 0.7447 425 185 451 258
chair 0.6626 378 170 393 218
chair 0.3554 335 190 381 203
chair 0.3398 55 240 152 310
chair 0.2969 335 193 392 230
chair 0.1478 477 221 498 272
chair 0.1420 352 206 394 230
chair 0.1159 379 170 430 239
chair 0.1129 336 198 386 213
chair 0.0749 473 155 498 277
chair 0.0744 10 283 56 311
chair 0.0438 5 166 21 189
chair 0.0232 370 229 462 310
chair 0.0226 349 201 391 222
chair 0.0160 426 185 472 266
chair 0.0107 477 200 499 310
chair 0.0106 418 196 462 309
chair 0.0087 371 229 449 259
chair 0.0075 461 224 498 311
chair 0.0055 367 176 396 222
chair 0.0043 7 164 21 177
chair 0.0042 334 169 390 206
chair 0.0033 322 160 340 189
chair 0.0033 472 143 497 165
chair 0.0030 5 130 46 186
chair 0.0030 6 268 89 310
chair 0.0028 393 213 430 236
chair 0.0028 36 238 441 310
chair 0.0023 314 179 407 223
chair 0.0022 4 250 58 310
chair 0.0020 55 243 101 309
chair 0.0020 192 191 225 206
chair 0.0019 9 158 27 176
chair 0.0019 293 160 337 200
chair 0.0017 96 244 152 302
chair 0.0017 194 155 209 175
chair 0.0016 175 198 192 209
chair 0.0016 3 243 108 311
chair 0.0016 453 165 478 267
chair 0.0015 380 253 413 308
chair 0.0015 320 180 461 298
chair 0.0015 2 160 30 189
chair 0.0014 411 254 461 310
chair 0.0013 98 287 139 311
chair 0.0010 200 189 225 201
sofa 0.0150 55 240 152 310
sofa 0.0016 477 222 498 275
sofa 0.0013 425 183 451 260
sofa 0.0010 472 148 498 280
diningtable 0.4159 371 229 459 309
diningtable 0.0948 371 228 450 259
diningtable 0.0821 471 144 499 280
diningtable 0.0386 336 196 387 215
diningtable 0.0303 57 238 153 306
diningtable 0.0283 14 232 486 309
diningtable 0.0263 345 201 391 224
diningtable 0.0190 5 166 21 188
diningtable 0.0109 335 192 393 230
diningtable 0.0109 472 143 498 165
diningtable 0.0098 477 222 498 275
diningtable 0.0061 64 237 156 252
diningtable 0.0052 426 186 470 268
diningtable 0.0051 335 190 381 202
diningtable 0.0045 345 182 454 280
diningtable 0.0043 7 164 21 177
diningtable 0.0025 256 224 458 309
diningtable 0.0021 333 176 382 204
diningtable 0.0019 477 200 499 310
diningtable 0.0016 9 158 27 176
diningtable 0.0015 472 142 498 197
diningtable 0.0014 172 185 223 210
diningtable 0.0012 117 173 411 305
diningtable 0.0010 314 179 407 223
diningtable 0.0010 76 225 150 247
diningtable 0.0010 104 221 151 245
diningtable 0.0010 359 209 393 230
tvmonitor 0.0017 54 240 156 310
