person 0.8130 371 203 401 289
person 0.7942 312 205 328 252
person 0.5914 335 208 344 235
person 0.5866 441 225 465 279
person 0.4072 345 211 355 238
person 0.3565 358 215 372 246
person 0.0888 51 207 96 264
person 0.0826 351 218 370 248
person 0.0792 357 217 368 236
person 0.0761 394 203 411 260
person 0.0735 52 209 86 232
person 0.0669 197 223 210 238
person 0.0425 409 211 445 301
person 0.0298 349 215 359 242
person 0.0186 65 210 85 227
person 0.0147 169 225 184 242
person 0.0141 22 228 63 269
person 0.0126 338 208 350 234
person 0.0114 219 219 228 232
person 0.0113 127 225 144 249
person 0.0106 360 215 369 229
person 0.0103 453 241 466 279
person 0.0099 443 226 454 252
person 0.0097 388 200 407 249
person 0.0085 41 206 65 229
person 0.0077 112 227 127 254
person 0.0076 351 228 366 247
person 0.0075 371 213 388 250
person 0.0064 76 212 93 232
person 0.0061 443 228 461 258
person 0.0060 114 223 144 254
person 0.0059 70 221 96 259
person 0.0047 398 206 411 241
person 0.0046 354 212 363 230
person 0.0046 73 209 88 225
person 0.0044 78 219 94 234
person 0.0044 25 222 44 235
person 0.0043 140 227 152 247
person 0.0041 20 206 46 234
person 0.0040 154 127 167 145
person 0.0039 215 205 228 232
person 0.0035 25 223 54 242
person 0.0035 484 6 499 72
person 0.0033 230 210 244 230
person 0.0033 351 198 363 232
person 0.0032 229 218 240 230
person 0.0031 167 213 187 243
person 0.0027 25 206 70 266
person 0.0027 363 209 373 229
person 0.0026 252 214 259 225
person 0.0023 362 195 373 228
person 0.0022 388 200 400 222
person 0.0022 447 236 464 263
person 0.0022 19 223 46 268
person 0.0019 137 125 164 143
person 0.0019 321 211 329 225
person 0.0017 324 209 335 229
person 0.0016 32 208 46 229
person 0.0015 38 225 59 245
person 0.0015 392 220 413 273
person 0.0015 328 218 337 234
person 0.0014 114 206 135 253
person 0.0014 17 221 28 267
person 0.0013 300 160 320 191
person 0.0013 324 195 340 222
person 0.0012 307 210 316 221
person 0.0012 336 198 345 209
person 0.0012 188 223 200 240
person 0.0012 194 217 209 238
person 0.0012 17 217 26 237
person 0.0012 205 214 227 236
person 0.0012 367 179 383 195
person 0.0011 112 238 122 254
person 0.0011 369 207 382 239
person 0.0011 300 211 309 220
person 0.0011 1 212 28 285
person 0.0011 379 206 389 227
person 0.0010 477 10 499 106
person 0.0010 380 202 390 217
person 0.0010 404 236 414 254
bicycle 0.0014 441 232 466 278
bicycle 0.0012 351 228 366 247
train 0.9125 1 82 313 368
train 0.0107 -3 -3 488 362
train 0.0033 367 178 384 196
train 0.0028 449 144 498 290
train 0.0020 200 21 499 328
dog 0.0012 19 226 62 271
chair 0.4063 20 229 62 270
chair 0.1490 49 208 96 264
chair 0.0449 57 228 96 262
chair 0.0330 42 206 85 232
chair 0.0209 442 240 466 279
chair 0.0182 41 206 63 230
chair 0.0111 454 241 466 278
chair 0.0048 25 206 70 266
chair 0.0045 16 205 40 231
chair 0.0029 23 223 43 236
chair 0.0022 32 208 46 229
chair 0.0022 58 204 86 227
chair 0.0019 171 139 190 152
chair 0.0014 127 225 144 249
chair 0.0012 38 227 63 266
chair 0.0012 41 227 60 248
sofa 0.0025 20 228 63 270
pottedplant 0.0070 401 237 411 250
pottedplant 0.0037 344 210 353 235
pottedplant 0.0035 397 212 412 251
pottedplant 0.0015 334 208 344 234
pottedplant 0.0014 396 242 413 268
pottedplant 0.0010 441 227 466 278
pottedplant 0.0010 338 208 350 234
tvmonitor 0.0904 367 179 383 195
tvmonitor 0.0017 455 178 466 187
tvmonitor 0.0013 485 7 499 73
