person 0.8904 350 159 499 345
person 0.8761 0 152 113 329
person 0.8629 225 131 315 212
person 0.8138 105 142 161 269
person 0.8129 65 162 120 286
person 0.7251 151 145 196 227
person 0.6348 332 126 456 295
person 0.6069 342 131 385 217
person 0.2916 423 130 461 177
person 0.1599 172 154 248 220
person 0.1450 366 130 430 249
person 0.1270 486 169 499 237
person 0.1025 413 128 460 206
person 0.0728 489 139 499 176
person 0.0719 482 137 499 238
person 0.0551 488 140 499 208
person 0.0488 457 126 498 175
person 0.0196 82 179 371 320
person 0.0172 393 124 460 278
person 0.0132 470 134 499 207
person 0.0091 490 172 499 214
person 0.0089 110 163 122 183
person 0.0076 163 135 179 149
person 0.0064 487 200 499 236
person 0.0052 354 128 386 168
person 0.0052 416 119 444 156
person 0.0048 490 164 499 187
person 0.0045 457 131 487 159
person 0.0033 151 124 162 147
person 0.0031 259 223 278 284
person 0.0029 475 142 496 172
person 0.0028 350 239 451 299
person 0.0027 153 188 178 224
person 0.0027 445 124 462 157
person 0.0025 479 113 499 176
person 0.0024 171 265 193 327
person 0.0023 0 147 252 332
person 0.0020 366 193 455 301
person 0.0019 432 135 498 268
person 0.0018 342 178 365 207
person 0.0018 371 176 385 213
person 0.0017 113 141 161 215
person 0.0016 219 176 266 210
person 0.0015 479 152 496 182
person 0.0014 182 137 194 153
person 0.0013 328 208 383 246
person 0.0011 342 189 358 207
person 0.0010 299 187 309 220
person 0.0010 240 198 408 307
person 0.0010 351 137 378 184
bottle 0.8433 309 246 327 311
bottle 0.8215 172 266 193 324
bottle 0.7711 198 229 216 292
bottle 0.6672 258 207 277 283
bottle 0.5699 314 180 327 223
bottle 0.5484 299 186 309 222
bottle 0.4496 269 190 283 232
bottle 0.4236 242 179 257 231
bottle 0.3448 202 207 214 230
bottle 0.2560 219 186 228 215
bottle 0.2318 287 187 300 223
bottle 0.2036 197 191 206 220
bottle 0.2002 235 213 246 241
bottle 0.1987 212 201 221 235
bottle 0.1712 229 207 240 228
bottle 0.1614 202 191 212 222
bottle 0.1540 263 204 275 235
bottle 0.1536 183 220 196 265
bottle 0.1258 288 205 299 223
bottle 0.1233 224 218 251 313
bottle 0.1160 317 194 328 224
bottle 0.1085 254 179 266 229
bottle 0.1030 247 232 261 269
bottle 0.0806 313 220 326 253
bottle 0.0702 210 197 218 216
bottle 0.0698 256 208 265 231
bottle 0.0664 207 201 217 225
bottle 0.0647 230 240 251 300
bottle 0.0639 216 187 224 219
bottle 0.0572 476 72 492 115
bottle 0.0555 315 200 328 254
bottle 0.0518 244 206 256 232
bottle 0.0485 246 180 261 221
bottle 0.0461 198 191 207 208
bottle 0.0454 213 226 226 265
bottle 0.0418 301 217 314 236
bottle 0.0398 219 203 229 230
bottle 0.0384 223 225 236 246
bottle 0.0319 199 229 214 263
bottle 0.0313 217 245 231 302
bottle 0.0305 311 179 322 217
bottle 0.0258 215 207 224 233
bottle 0.0257 206 197 215 217
bottle 0.0255 253 173 270 212
bottle 0.0252 259 239 270 281
bottle 0.0248 190 225 202 269
bottle 0.0242 226 208 240 241
bottle 0.0234 268 246 282 310
bottle 0.0228 220 227 237 267
bottle 0.0223 216 244 228 266
bottle 0.0209 246 176 256 213
bottle 0.0205 211 210 222 254
bottle 0.0136 222 206 236 230
bottle 0.0132 222 229 248 263
bottle 0.0132 242 198 255 224
bottle 0.0129 201 223 213 238
bottle 0.0123 187 262 198 287
bottle 0.0113 281 206 289 224
bottle 0.0105 249 207 258 231
bottle 0.0099 232 241 249 266
bottle 0.0098 239 214 251 238
bottle 0.0097 91 181 403 319
bottle 0.0096 314 178 324 203
bottle 0.0095 188 256 198 276
bottle 0.0093 254 174 266 190
bottle 0.0080 278 196 287 226
bottle 0.0077 311 248 325 281
bottle 0.0074 189 246 199 271
bottle 0.0071 185 207 198 218
bottle 0.0069 178 82 200 115
bottle 0.0067 185 216 198 234
bottle 0.0066 263 237 280 283
bottle 0.0061 188 213 200 225
bottle 0.0061 287 175 299 208
bottle 0.0054 151 123 162 147
bottle 0.0050 263 202 272 223
bottle 0.0050 269 246 281 284
bottle 0.0048 295 235 310 252
bottle 0.0048 187 217 200 251
bottle 0.0046 327 218 341 243
bottle 0.0040 266 168 301 223
bottle 0.0040 182 136 193 153
bottle 0.0037 280 207 288 235
bottle 0.0036 199 262 215 292
bottle 0.0033 297 228 311 248
bottle 0.0033 384 72 410 116
bottle 0.0031 163 134 179 148
bottle 0.0027 188 265 199 304
bottle 0.0026 256 251 269 277
bottle 0.0025 221 259 236 312
bottle 0.0024 167 236 186 255
bottle 0.0024 284 172 294 187
bottle 0.0022 325 238 336 254
bottle 0.0021 244 223 259 243
bottle 0.0021 251 175 260 192
bottle 0.0017 271 243 280 265
bottle 0.0017 110 162 122 182
bottle 0.0017 479 72 490 102
bottle 0.0016 327 212 362 240
bottle 0.0016 282 224 316 251
chair 0.6195 297 163 353 209
chair 0.1512 0 324 122 352
chair 0.1247 172 157 248 218
chair 0.0790 340 336 494 352
chair 0.0688 110 163 122 182
chair 0.0417 489 139 499 175
chair 0.0295 168 156 363 209
chair 0.0129 292 157 315 165
chair 0.0124 351 157 367 183
chair 0.0119 317 156 340 164
chair 0.0119 285 148 303 157
chair 0.0096 490 164 499 187
chair 0.0095 233 160 304 214
chair 0.0092 341 155 364 166
chair 0.0087 347 154 366 173
chair 0.0083 491 172 499 195
chair 0.0075 352 169 366 193
chair 0.0058 229 148 258 159
chair 0.0058 157 208 194 233
chair 0.0057 489 171 499 230
chair 0.0054 290 146 312 156
chair 0.0054 325 144 357 157
chair 0.0050 154 193 178 221
chair 0.0047 181 188 217 218
chair 0.0043 0 249 121 350
chair 0.0041 342 157 363 184
chair 0.0038 457 133 492 168
chair 0.0032 219 176 266 210
chair 0.0031 303 146 313 156
chair 0.0030 474 143 496 171
chair 0.0030 215 159 245 200
chair 0.0028 371 175 384 211
chair 0.0027 294 158 316 173
chair 0.0027 343 177 364 207
chair 0.0025 302 169 331 208
chair 0.0025 356 169 373 208
chair 0.0025 155 209 171 227
chair 0.0023 164 206 199 223
chair 0.0023 211 148 232 157
chair 0.0023 227 158 249 191
chair 0.0022 294 163 317 201
chair 0.0022 229 152 258 163
chair 0.0020 327 209 380 231
chair 0.0020 297 164 328 182
chair 0.0020 216 166 233 209
chair 0.0018 152 186 173 207
chair 0.0018 375 277 407 297
chair 0.0018 459 135 483 157
chair 0.0015 331 210 375 220
chair 0.0015 342 191 357 208
chair 0.0015 219 184 228 211
chair 0.0015 289 146 335 163
chair 0.0014 107 141 266 293
chair 0.0014 139 195 157 239
chair 0.0013 399 289 426 299
chair 0.0013 112 184 119 194
chair 0.0013 179 180 376 256
chair 0.0013 183 207 198 217
chair 0.0013 488 140 499 208
chair 0.0012 228 169 257 203
chair 0.0011 337 263 375 290
chair 0.0011 236 155 258 167
chair 0.0011 364 172 378 209
chair 0.0011 114 151 245 222
chair 0.0010 91 181 403 319
chair 0.0010 310 157 341 168
chair 0.0010 339 163 353 193
chair 0.0010 211 184 241 214
chair 0.0010 283 136 297 148
chair 0.0010 151 183 161 201
chair 0.0010 286 152 306 163
sofa 0.2039 0 323 121 352
sofa 0.0905 160 152 369 219
sofa 0.0805 175 158 249 214
sofa 0.0663 155 153 271 229
sofa 0.0122 0 263 120 349
sofa 0.0084 296 163 353 208
sofa 0.0058 107 141 266 293
sofa 0.0026 0 232 177 353
sofa 0.0018 155 32 387 229
sofa 0.0015 91 152 240 226
sofa 0.0014 181 188 217 218
pottedplant 0.7754 404 10 490 116
pottedplant 0.4376 224 2 342 117
pottedplant 0.2060 225 36 289 115
pottedplant 0.1319 307 123 338 153
pottedplant 0.0225 404 118 444 151
pottedplant 0.0179 455 121 498 172
pottedplant 0.0159 270 89 319 146
pottedplant 0.0156 269 1 340 69
pottedplant 0.0122 285 89 320 130
pottedplant 0.0118 213 0 349 207
pottedplant 0.0089 383 112 444 147
pottedplant 0.0087 178 82 200 116
pottedplant 0.0085 229 112 268 145
pottedplant 0.0061 330 104 378 159
pottedplant 0.0046 422 129 461 173
pottedplant 0.0043 238 122 267 143
pottedplant 0.0042 234 112 251 132
pottedplant 0.0037 297 119 313 147
pottedplant 0.0035 211 39 265 116
pottedplant 0.0034 313 140 326 153
pottedplant 0.0034 382 108 409 133
pottedplant 0.0032 414 120 472 163
pottedplant 0.0031 338 100 365 129
pottedplant 0.0031 211 80 239 116
pottedplant 0.0021 223 110 253 135
pottedplant 0.0019 274 114 296 136
pottedplant 0.0018 301 136 313 152
pottedplant 0.0018 287 108 316 138
pottedplant 0.0018 476 72 491 114
pottedplant 0.0015 489 139 499 176
pottedplant 0.0015 332 121 358 143
pottedplant 0.0015 458 121 491 148
pottedplant 0.0015 414 118 445 141
pottedplant 0.0014 294 122 308 144
pottedplant 0.0013 248 122 267 138
pottedplant 0.0013 339 115 360 130
pottedplant 0.0012 410 118 429 134
pottedplant 0.0012 470 148 494 171
pottedplant 0.0011 163 136 178 149
pottedplant 0.0011 313 138 338 154
pottedplant 0.0011 333 129 354 145
pottedplant 0.0011 380 118 405 133
pottedplant 0.0010 206 117 217 147
pottedplant 0.0010 479 113 499 176
diningtable 0.7230 81 200 423 350
diningtable 0.1517 340 337 492 352
diningtable 0.0217 325 209 379 242
diningtable 0.0217 -1 325 122 353
diningtable 0.0093 316 259 376 292
diningtable 0.0067 215 201 401 294
diningtable 0.0048 74 194 258 344
diningtable 0.0044 295 220 407 340
diningtable 0.0041 326 205 377 224
diningtable 0.0041 154 157 370 261
diningtable 0.0040 156 207 200 232
diningtable 0.0035 258 194 385 244
diningtable 0.0031 186 154 362 210
diningtable 0.0023 117 315 290 350
diningtable 0.0023 330 209 375 219
diningtable 0.0020 295 162 354 210
diningtable 0.0019 -2 323 117 335
diningtable 0.0018 190 174 325 239
diningtable 0.0014 285 220 498 350
diningtable 0.0012 57 268 264 347
diningtable 0.0012 490 164 499 187
diningtable 0.0011 491 172 499 195
diningtable 0.0010 0 315 125 344
diningtable 0.0010 316 155 350 165
diningtable 0.0010 341 155 364 166
diningtable 0.0010 85 271 165 311
