person 0.4270 363 163 403 212
person 0.2280 364 160 408 289
person 0.0154 391 174 417 201
person 0.0112 379 150 417 203
person 0.0100 374 171 422 209
person 0.0065 363 164 380 187
person 0.0019 356 136 456 306
person 0.0016 279 214 286 233
person 0.0016 397 182 426 209
person 0.0014 311 202 318 215
person 0.0014 364 187 392 301
person 0.0013 289 144 433 316
person 0.0013 367 197 390 213
person 0.0011 366 189 391 239
car 0.0546 278 136 460 331
car 0.0039 278 213 286 233
bus 0.0206 282 136 455 326
bird 0.0025 257 355 266 364
chair 0.0015 278 136 457 326
sofa 0.0014 280 133 456 331
