person 0.8828 70 52 228 374
person 0.8723 228 30 493 335
person 0.0224 56 72 403 368
person 0.0031 169 138 226 227
person 0.0028 178 86 343 340
person 0.0021 408 26 500 368
person 0.0014 144 148 191 216
person 0.0012 200 86 343 211
person 0.0012 202 175 498 371
sheep 0.0025 430 188 498 370
bottle 0.0249 205 190 321 302
bottle 0.0044 174 147 188 185
bottle 0.0040 220 248 258 276
bottle 0.0036 68 113 84 131
bottle 0.0035 70 168 85 192
bottle 0.0018 235 207 270 237
bottle 0.0017 206 198 305 245
bottle 0.0016 69 178 84 195
bottle 0.0014 213 210 313 273
bottle 0.0013 83 133 92 150
bottle 0.0011 317 139 326 161
bottle 0.0010 47 128 66 185
bottle 0.0010 71 134 84 190
chair 0.1496 177 86 343 332
chair 0.0986 205 87 338 206
chair 0.0677 167 38 494 347
chair 0.0072 432 183 499 371
chair 0.0062 202 175 498 371
chair 0.0042 56 72 403 368
chair 0.0033 319 93 399 157
chair 0.0024 179 182 221 228
chair 0.0017 6 242 68 283
chair 0.0015 73 136 219 370
chair 0.0014 288 94 393 182
chair 0.0013 158 136 226 225
chair 0.0011 144 148 191 216
chair 0.0011 257 88 394 234
sofa 0.3753 161 65 498 374
sofa 0.0627 211 83 338 202
sofa 0.0525 184 85 340 298
sofa 0.0338 319 93 399 159
sofa 0.0087 56 71 384 370
sofa 0.0057 288 94 393 182
sofa 0.0050 154 214 490 373
sofa 0.0025 192 61 473 231
sofa 0.0024 179 182 222 228
sofa 0.0020 257 88 394 234
sofa 0.0017 430 186 499 372
sofa 0.0015 362 33 498 365
sofa 0.0011 169 138 226 227
sofa 0.0011 299 184 499 373
diningtable 0.0012 159 213 492 373
diningtable 0.0011 200 86 343 211
tvmonitor 0.8548 0 8 47 117
