bicycle 0.0260 130 0 373 199
bottle 0.7973 210 65 334 381
bottle 0.7786 52 47 174 422
bottle 0.2898 0 23 34 210
bottle 0.0572 139 1 317 196
bottle 0.0568 320 52 374 234
bottle 0.0492 2 0 108 145
bottle 0.0084 202 93 284 246
bottle 0.0052 52 44 88 118
bottle 0.0014 201 76 275 363
bottle 0.0010 0 282 46 387
chair 0.0036 -18 10 384 489
chair 0.0011 134 2 375 241
sofa 0.0068 -19 7 384 499
pottedplant 0.0025 255 0 374 53
pottedplant 0.0013 254 2 374 122
pottedplant 0.0012 136 0 374 221
diningtable 0.6383 -8 28 384 496
diningtable 0.0811 25 264 365 496
diningtable 0.0051 1 453 139 498
diningtable 0.0043 1 365 125 489
diningtable 0.0041 293 227 375 495
diningtable 0.0032 2 435 348 495
diningtable 0.0029 331 216 374 280
diningtable 0.0027 -2 87 64 468
tvmonitor 0.0085 1 0 131 146
