person 0.0882 -1 160 320 370
person 0.0039 1 26 239 361
person 0.0032 5 6 500 374
person 0.0024 0 166 166 369
person 0.0019 413 279 498 372
person 0.0012 117 281 319 372
car 0.0025 412 277 499 373
cat 0.8332 146 64 484 366
cat 0.0024 136 71 330 351
dog 0.0016 160 62 492 358
bottle 0.0011 146 0 233 35
chair 0.0290 0 41 32 190
chair 0.0068 5 6 500 374
chair 0.0062 249 0 319 55
chair 0.0042 0 45 16 119
chair 0.0028 0 135 30 188
sofa 0.0351 4 -8 501 375
sofa 0.0060 226 -3 499 141
sofa 0.0016 0 166 166 369
diningtable 0.0038 413 277 499 373
diningtable 0.0030 11 -7 490 373
tvmonitor 0.0237 145 0 248 37
