person 0.9048 192 158 287 431
person 0.0026 234 0 241 11
bicycle 0.0021 0 245 251 455
motorbike 0.9481 0 246 251 456
aeroplane 0.0052 189 0 246 16
aeroplane 0.0025 190 0 219 16
aeroplane 0.0024 168 0 212 16
aeroplane 0.0011 234 0 244 10
bird 0.0085 0 0 105 51
bird 0.0061 1 78 54 120
bird 0.0044 194 0 211 17
bird 0.0027 168 0 212 16
bird 0.0016 304 0 313 7
bird 0.0011 189 0 246 16
bird 0.0011 4 105 69 133
bottle 0.0482 83 329 130 361
bottle 0.0019 99 330 146 383
bottle 0.0014 270 289 284 316
chair 0.0035 2 102 85 178
chair 0.0020 6 105 70 149
pottedplant 0.0121 0 78 54 125
pottedplant 0.0084 0 77 57 173
