person 0.1665 103 45 127 71
person 0.0275 164 51 185 71
person 0.0245 145 45 169 70
person 0.0239 102 45 115 67
person 0.0180 104 45 113 60
person 0.0152 116 49 133 71
person 0.0121 152 50 167 70
person 0.0099 149 46 164 66
person 0.0081 118 51 143 74
person 0.0056 92 42 114 69
person 0.0046 113 45 152 76
person 0.0033 106 45 117 56
person 0.0026 88 45 98 53
person 0.0015 90 42 102 54
person 0.0010 81 46 92 52
car 0.8756 5 33 287 132
car 0.0251 8 40 66 62
car 0.0118 5 40 67 87
car 0.0082 141 72 274 126
car 0.0043 213 106 240 122
car 0.0035 136 33 160 40
car 0.0034 272 95 284 104
car 0.0020 5 62 17 85
car 0.0017 9 34 152 113
car 0.0011 227 108 241 122
car 0.0010 153 75 281 102
bus 0.0016 10 33 283 132
boat 0.0017 135 33 159 40
