person 0.8493 77 258 168 363
person 0.0122 128 253 167 331
person 0.0066 132 253 154 282
person 0.0028 219 189 229 210
person 0.0015 124 271 171 361
person 0.0011 237 187 245 208
bicycle 0.0011 90 313 180 387
car 0.0018 -2 147 168 213
bus 0.0032 0 146 210 219
bus 0.0012 -2 147 317 253
train 0.0018 -5 0 333 236
train 0.0016 0 150 328 240
boat 0.0023 0 150 328 240
bird 0.0042 265 87 304 112
bird 0.0023 245 125 286 151
bird 0.0010 276 87 294 99
horse 0.9359 108 184 249 367
horse 0.0012 2 198 94 323
cow 0.0011 -1 146 162 214
chair 0.0065 83 292 168 361
chair 0.0029 90 313 180 387
chair 0.0018 0 177 19 322
chair 0.0014 85 319 157 359
tvmonitor 0.0028 71 30 131 98
