person 0.0023 382 222 392 242
boat 0.4118 154 166 231 268
boat 0.4095 165 254 229 266
boat 0.1940 164 240 236 266
boat 0.0648 147 257 170 267
boat 0.0499 145 238 154 251
boat 0.0478 147 171 179 256
boat 0.0295 382 220 391 242
boat 0.0238 138 257 159 266
boat 0.0215 210 230 221 260
boat 0.0127 143 198 169 251
boat 0.0115 147 238 170 252
boat 0.0102 187 232 222 264
boat 0.0095 168 201 187 256
boat 0.0089 205 231 218 258
boat 0.0065 134 240 152 252
boat 0.0060 171 249 184 257
boat 0.0055 170 229 185 255
boat 0.0051 151 242 172 261
boat 0.0048 202 232 237 265
boat 0.0048 180 239 216 254
boat 0.0037 170 241 183 256
boat 0.0035 165 256 197 266
boat 0.0031 153 256 188 267
boat 0.0030 106 237 119 245
boat 0.0028 180 246 220 262
boat 0.0026 220 259 238 265
boat 0.0024 170 250 195 260
boat 0.0022 124 244 147 253
boat 0.0022 205 256 230 266
boat 0.0022 309 235 319 241
boat 0.0020 236 230 247 239
boat 0.0015 237 233 251 243
boat 0.0015 285 236 301 243
boat 0.0015 132 244 152 255
boat 0.0014 69 235 87 243
boat 0.0013 211 257 239 266
boat 0.0012 246 235 260 243
boat 0.0011 313 235 323 242
boat 0.0011 270 237 283 243
boat 0.0011 109 240 141 251
boat 0.0011 179 225 212 254
boat 0.0010 91 235 109 245
boat 0.0010 179 221 193 242
bird 0.0178 353 352 377 373
bird 0.0032 299 342 342 373
bird 0.0017 137 259 155 267
bird 0.0012 382 220 391 242
