person 0.9097 45 55 97 200
person 0.0175 87 332 153 374
person 0.0032 452 43 459 66
person 0.0018 80 118 100 171
person 0.0015 83 144 100 169
person 0.0010 79 78 99 173
bicycle 0.0011 356 120 420 150
car 0.0011 337 115 488 208
motorbike 0.9176 0 178 229 355
motorbike 0.9074 177 142 362 293
motorbike 0.7799 317 118 445 239
motorbike 0.6415 418 114 489 207
motorbike 0.3209 338 114 487 208
motorbike 0.0075 313 120 421 173
motorbike 0.0057 1 191 150 245
motorbike 0.0054 357 120 416 149
motorbike 0.0040 267 131 346 216
motorbike 0.0032 0 189 138 333
motorbike 0.0030 266 137 360 292
motorbike 0.0024 0 193 71 238
motorbike 0.0015 0 239 55 331
motorbike 0.0013 198 121 445 244
train 0.0015 317 5 338 27
cat 0.0143 87 332 153 374
cat 0.0014 84 146 100 169
dog 0.0170 84 146 100 169
dog 0.0109 87 332 153 374
chair 0.0208 220 47 240 76
