person 0.9076 161 202 231 331
person 0.8904 225 197 303 329
person 0.8836 282 181 377 327
person 0.8604 86 200 170 325
person 0.0219 0 252 16 309
person 0.0145 225 171 287 235
person 0.0068 170 161 289 240
person 0.0027 168 156 228 241
person 0.0024 257 179 286 234
person 0.0020 312 282 384 332
person 0.0014 47 171 289 265
person 0.0013 165 155 210 187
person 0.0011 90 128 101 141
bicycle 0.0017 381 257 500 331
bicycle 0.0011 381 294 498 331
bicycle 0.0010 422 254 493 300
car 0.0114 381 259 499 329
motorbike 0.0024 382 254 499 330
cat 0.0010 22 288 69 320
dog 0.0022 225 171 287 235
dog 0.0016 257 179 286 234
bottle 0.0281 0 252 16 309
bottle 0.0078 91 315 102 332
bottle 0.0078 207 129 217 141
bottle 0.0067 61 156 68 193
bottle 0.0057 90 128 102 141
bottle 0.0055 144 316 170 332
bottle 0.0046 187 106 196 138
bottle 0.0041 102 127 113 141
bottle 0.0035 129 127 139 141
bottle 0.0033 117 127 127 141
bottle 0.0033 133 316 150 332
bottle 0.0031 23 111 35 128
bottle 0.0030 131 152 147 175
bottle 0.0027 4 305 25 321
bottle 0.0026 61 127 70 142
bottle 0.0015 117 319 143 329
bottle 0.0010 183 309 205 330
chair 0.2174 40 171 286 319
chair 0.0513 387 298 495 331
chair 0.0326 381 259 499 330
chair 0.0283 176 179 288 246
chair 0.0261 431 202 500 305
chair 0.0104 437 260 499 316
chair 0.0062 43 175 166 318
chair 0.0039 83 198 173 302
chair 0.0038 70 184 189 258
chair 0.0036 0 250 16 309
chair 0.0034 443 203 498 263
chair 0.0031 290 265 377 330
chair 0.0021 489 166 499 211
chair 0.0021 281 181 382 331
chair 0.0021 218 213 233 244
chair 0.0020 347 245 384 304
chair 0.0019 186 183 259 214
chair 0.0019 246 171 287 235
chair 0.0015 168 156 228 241
chair 0.0014 164 158 209 186
chair 0.0014 411 168 498 324
chair 0.0014 264 286 302 331
chair 0.0013 429 264 455 299
chair 0.0013 123 199 170 242
chair 0.0011 71 161 280 246
chair 0.0011 43 188 106 313
sofa 0.5239 34 168 356 334
sofa 0.2683 49 173 290 265
sofa 0.0361 182 174 288 243
sofa 0.0238 41 171 190 318
sofa 0.0110 118 164 389 281
sofa 0.0016 240 170 289 233
sofa 0.0015 187 183 260 217
sofa 0.0014 70 184 189 258
sofa 0.0013 1 317 96 332
sofa 0.0011 139 201 170 241
diningtable 0.0372 4 308 206 334
diningtable 0.0274 2 316 93 332
diningtable 0.0056 96 315 163 332
diningtable 0.0051 2 287 190 330
diningtable 0.0027 2 291 93 330
diningtable 0.0010 183 172 288 243
tvmonitor 0.0673 489 166 499 210
tvmonitor 0.0220 447 260 498 311
tvmonitor 0.0115 450 203 499 256
tvmonitor 0.0011 465 207 498 243
tvmonitor 0.0010 476 168 499 222
