person 0.9091 223 59 431 328
person 0.0021 212 164 246 189
bicycle 0.8869 156 165 425 347
car 0.0047 -13 -80 506 112
motorbike 0.0028 156 169 423 344
aeroplane 0.0153 3 -18 495 351
boat 0.0027 157 168 421 343
bird 0.0063 211 169 245 189
cat 0.0051 212 164 246 189
dog 0.0066 212 164 259 190
dog 0.0018 229 161 246 188
dog 0.0010 211 165 286 221
bottle 0.0158 289 216 325 295
bottle 0.0099 314 224 340 284
bottle 0.0016 273 179 320 199
bottle 0.0015 211 169 245 189
bottle 0.0015 305 234 343 299
bottle 0.0012 277 180 288 193
chair 0.0055 157 168 421 343
pottedplant 0.0013 156 169 423 344
