person 0.0030 290 180 306 198
person 0.0020 118 47 127 56
person 0.0016 294 186 305 199
person 0.0010 442 52 456 61
bicycle 0.0017 180 43 201 55
bicycle 0.0012 118 48 129 57
car 0.9066 244 167 309 193
car 0.5991 236 86 288 105
car 0.0536 236 90 257 105
car 0.0190 441 52 456 61
car 0.0171 290 166 310 183
car 0.0132 173 44 201 55
car 0.0109 261 40 283 48
car 0.0099 415 4 472 25
car 0.0097 459 51 472 58
car 0.0097 185 43 200 54
car 0.0095 236 95 251 106
car 0.0076 294 39 327 48
car 0.0060 454 51 466 60
car 0.0056 280 40 295 48
car 0.0055 472 49 487 57
car 0.0052 356 62 366 69
car 0.0049 319 39 328 46
car 0.0048 460 49 486 59
car 0.0045 405 56 419 65
car 0.0039 490 0 499 23
car 0.0028 0 18 66 66
car 0.0025 453 51 476 59
car 0.0021 249 41 261 49
car 0.0019 283 166 305 175
car 0.0017 377 146 389 153
car 0.0017 118 47 128 56
car 0.0016 389 59 403 66
car 0.0015 188 44 204 55
car 0.0015 172 46 188 55
car 0.0014 85 45 128 59
car 0.0014 404 54 445 64
car 0.0014 290 180 306 198
car 0.0013 263 89 287 100
car 0.0013 99 47 126 58
car 0.0013 492 71 500 81
car 0.0013 254 40 268 48
car 0.0012 125 43 201 57
car 0.0012 488 47 498 56
car 0.0012 365 58 407 69
car 0.0011 478 12 494 25
car 0.0011 444 76 471 89
aeroplane 0.0102 6 46 483 129
aeroplane 0.0016 413 1 488 26
aeroplane 0.0012 442 52 456 61
aeroplane 0.0012 406 53 451 64
bus 0.0520 413 3 473 25
bus 0.0295 441 52 458 61
bus 0.0098 236 86 287 104
bus 0.0047 365 58 407 69
bus 0.0045 403 53 445 65
bus 0.0039 405 56 419 64
bus 0.0038 459 50 474 58
bus 0.0034 459 50 482 61
bus 0.0029 379 58 402 67
bus 0.0028 382 52 474 67
bus 0.0026 454 51 466 60
bus 0.0025 336 56 442 70
bus 0.0024 389 57 403 65
bus 0.0024 473 49 487 57
bus 0.0022 356 62 367 69
bus 0.0022 449 49 498 64
bus 0.0013 274 54 484 76
train 0.2878 3 56 488 132
train 0.0184 3 85 379 144
train 0.0123 220 51 500 110
train 0.0095 409 -1 495 27
train 0.0094 223 88 270 104
train 0.0091 441 52 458 61
train 0.0081 382 52 474 67
train 0.0066 418 3 474 25
train 0.0065 274 54 484 76
train 0.0055 248 45 502 82
train 0.0053 336 56 442 70
train 0.0038 187 80 481 115
train 0.0037 356 62 367 69
train 0.0036 453 51 476 59
train 0.0031 380 56 438 67
train 0.0028 6 54 509 203
train 0.0025 368 47 498 72
train 0.0022 342 51 500 93
train 0.0020 389 59 403 66
train 0.0018 405 56 419 64
train 0.0017 403 53 445 65
train 0.0016 379 58 402 67
train 0.0014 449 49 498 64
train 0.0014 63 35 498 105
train 0.0012 459 50 482 61
train 0.0012 390 56 409 65
train 0.0011 459 51 472 58
train 0.0011 454 51 466 60
train 0.0010 472 49 495 60
train 0.0010 365 58 407 69
boat 0.0032 412 2 474 25
dog 0.0012 376 146 389 153
horse 0.0012 376 146 389 153
chair 0.0012 118 47 127 56
