person 0.8538 169 49 388 328
person 0.0317 300 96 500 328
person 0.0279 33 104 124 319
person 0.0238 0 131 24 325
person 0.0122 97 125 117 163
person 0.0115 67 112 105 185
person 0.0103 78 115 104 163
person 0.0083 95 123 120 188
person 0.0050 302 111 475 209
person 0.0037 25 123 55 189
person 0.0034 2 100 79 310
person 0.0031 423 104 498 325
person 0.0028 376 99 495 174
person 0.0027 156 136 184 208
person 0.0027 145 133 204 326
person 0.0026 489 101 499 125
person 0.0025 3 100 175 328
person 0.0020 289 132 415 318
person 0.0017 160 137 182 180
person 0.0014 59 111 108 224
person 0.0013 7 106 54 189
person 0.0010 82 120 122 209
horse 0.0037 159 62 497 332
bottle 0.0017 375 99 498 174
bottle 0.0010 301 105 491 207
chair 0.0089 375 99 498 173
chair 0.0084 0 130 25 328
chair 0.0027 300 104 496 338
chair 0.0019 401 117 497 331
chair 0.0016 4 119 162 331
chair 0.0013 451 106 485 143
sofa 0.0033 303 105 499 329
sofa 0.0024 101 106 500 329
diningtable 0.0021 303 106 498 329
