person 0.9469 -1 15 354 461
person 0.0166 154 337 268 463
person 0.0061 129 334 351 464
person 0.0058 251 339 350 463
person 0.0022 0 353 46 465
person 0.0012 -1 239 349 463
person 0.0011 36 327 263 462
bicycle 0.0099 260 337 349 464
car 0.0025 254 338 351 464
motorbike 0.0017 254 338 351 464
bird 0.0775 98 317 181 461
bird 0.0079 115 369 181 444
bird 0.0069 99 317 139 401
bird 0.0017 128 335 222 456
cat 0.0109 98 314 216 458
cat 0.0016 137 377 180 438
cat 0.0015 53 327 183 466
cat 0.0011 254 339 351 465
dog 0.0024 97 326 181 465
bottle 0.0043 97 330 181 464
bottle 0.0017 254 339 351 465
bottle 0.0011 59 428 177 466
bottle 0.0010 53 392 180 466
chair 0.0215 255 339 351 463
chair 0.0140 -6 190 344 461
chair 0.0123 0 201 138 318
chair 0.0086 -1 201 141 455
sofa 0.0182 -6 190 344 461
sofa 0.0066 0 201 143 318
sofa 0.0049 -1 201 138 462
sofa 0.0017 255 340 350 465
pottedplant 0.0036 106 374 182 465
pottedplant 0.0016 107 420 179 466
tvmonitor 0.0030 0 202 137 312
tvmonitor 0.0020 -7 3 364 450
