person 0.0115 270 279 282 288
person 0.0017 277 271 286 282
boat 0.8639 248 183 325 297
boat 0.7463 9 252 26 288
boat 0.6998 392 256 423 291
boat 0.6997 84 255 98 288
boat 0.3297 257 282 321 297
boat 0.0413 403 256 413 286
boat 0.0340 392 262 405 285
boat 0.0134 394 283 423 291
boat 0.0095 257 265 323 297
boat 0.0067 246 276 260 287
boat 0.0042 407 281 421 290
boat 0.0041 245 200 271 288
boat 0.0033 279 286 320 297
boat 0.0030 129 276 139 286
boat 0.0027 8 254 100 288
boat 0.0017 162 239 179 287
boat 0.0016 260 284 294 296
boat 0.0015 164 254 177 284
boat 0.0015 386 272 398 287
boat 0.0014 126 274 137 286
boat 0.0010 129 279 142 287
bird 0.0013 295 183 309 191
