person 0.2941 194 100 229 134
person 0.1635 176 114 196 137
person 0.1056 147 116 168 136
person 0.0805 181 108 212 135
person 0.0530 162 117 196 140
person 0.0464 405 140 414 166
person 0.0307 416 144 425 160
person 0.0294 290 97 306 116
person 0.0145 315 110 325 120
person 0.0136 391 143 399 164
person 0.0118 337 109 348 121
person 0.0096 429 151 440 170
person 0.0084 478 142 489 175
person 0.0065 150 93 176 131
person 0.0061 269 101 284 114
person 0.0059 429 144 458 172
person 0.0053 177 105 193 123
person 0.0045 330 110 338 121
person 0.0043 310 91 335 120
person 0.0041 208 94 251 137
person 0.0041 474 155 485 177
person 0.0038 310 99 325 119
person 0.0033 349 104 359 123
person 0.0032 396 136 404 160
person 0.0031 351 109 360 123
person 0.0024 354 115 361 124
person 0.0023 209 102 230 129
person 0.0022 323 90 338 119
person 0.0022 352 101 361 120
person 0.0021 296 99 310 116
person 0.0021 480 145 491 161
person 0.0018 157 108 183 135
person 0.0017 307 93 319 115
person 0.0016 335 97 348 122
person 0.0016 477 142 486 156
person 0.0015 236 91 247 109
person 0.0014 436 152 448 176
person 0.0013 321 89 334 110
person 0.0013 235 92 251 127
person 0.0011 209 88 249 117
person 0.0011 160 131 174 142
person 0.0010 419 145 431 159
person 0.0010 268 91 286 114
person 0.0010 425 144 435 156
bicycle 0.0333 414 149 425 161
bicycle 0.0052 405 141 414 166
bicycle 0.0042 407 148 423 165
car 0.6758 429 144 460 170
car 0.6732 439 144 485 181
car 0.0084 33 136 42 145
car 0.0076 476 146 488 177
car 0.0073 416 148 424 160
car 0.0062 429 151 440 170
car 0.0028 425 144 435 156
car 0.0027 131 54 384 210
car 0.0022 419 145 431 159
car 0.0016 481 148 492 173
car 0.0015 26 135 39 146
car 0.0014 36 137 45 146
car 0.0012 474 155 485 177
car 0.0012 56 137 66 147
car 0.0011 484 153 495 176
car 0.0010 418 149 428 164
motorbike 0.0096 415 149 425 161
motorbike 0.0023 429 151 440 170
motorbike 0.0018 429 144 458 172
motorbike 0.0011 436 152 448 176
bus 0.9606 132 58 386 209
bus 0.0014 439 145 487 181
