person 0.3157 429 107 438 125
person 0.2245 415 99 422 113
person 0.1735 234 130 243 137
person 0.0824 465 95 472 105
person 0.0687 397 78 405 94
person 0.0572 411 80 420 91
person 0.0500 385 102 396 113
person 0.0398 427 134 437 143
person 0.0383 416 126 424 137
person 0.0333 417 79 425 92
person 0.0324 391 101 399 111
person 0.0297 411 106 418 118
person 0.0266 426 112 436 125
person 0.0266 409 109 417 121
person 0.0262 472 117 480 131
person 0.0253 359 95 367 109
person 0.0245 466 128 474 141
person 0.0241 437 132 446 146
person 0.0241 479 117 488 130
person 0.0231 232 131 243 145
person 0.0222 449 117 458 128
person 0.0222 230 130 241 139
person 0.0205 464 102 472 120
person 0.0196 414 126 421 135
person 0.0193 364 91 372 105
person 0.0177 488 104 497 116
person 0.0154 320 90 329 101
person 0.0135 441 132 449 147
person 0.0134 438 119 450 129
person 0.0133 457 106 466 117
person 0.0132 470 116 478 129
person 0.0125 444 136 452 150
person 0.0122 251 125 261 138
person 0.0107 252 128 263 144
person 0.0103 475 159 484 174
person 0.0100 481 110 489 124
person 0.0099 457 97 466 109
person 0.0098 482 115 492 130
person 0.0091 431 112 443 129
person 0.0083 443 142 452 158
person 0.0081 453 133 461 145
person 0.0079 407 79 415 91
person 0.0078 470 108 480 123
person 0.0077 366 88 373 100
person 0.0077 445 132 455 146
person 0.0075 487 183 498 197
person 0.0073 490 132 499 147
person 0.0069 317 91 327 103
person 0.0068 448 127 457 137
person 0.0068 250 125 261 156
person 0.0067 290 76 298 87
person 0.0062 423 127 432 137
person 0.0059 367 64 375 74
person 0.0059 461 141 469 151
person 0.0058 454 137 462 150
person 0.0057 436 138 445 148
person 0.0055 453 113 464 125
person 0.0054 455 126 466 137
person 0.0049 484 177 496 194
person 0.0049 372 64 380 74
person 0.0047 411 108 424 133
person 0.0047 429 136 438 148
person 0.0046 421 105 429 117
person 0.0045 448 111 457 121
person 0.0045 432 115 441 126
person 0.0043 322 90 335 101
person 0.0043 485 115 497 131
person 0.0042 465 116 473 128
person 0.0042 484 163 493 175
person 0.0041 302 80 313 96
person 0.0039 305 94 318 105
person 0.0038 286 90 296 103
person 0.0036 303 91 314 104
person 0.0035 467 161 475 172
person 0.0035 293 80 300 91
person 0.0035 479 162 488 176
person 0.0033 453 72 460 82
person 0.0032 228 131 246 153
person 0.0032 396 85 405 95
person 0.0032 453 148 463 156
person 0.0031 475 154 483 164
person 0.0029 482 102 492 113
person 0.0029 372 66 380 81
person 0.0028 400 119 415 137
person 0.0027 473 145 481 156
person 0.0026 424 121 433 132
person 0.0026 476 105 489 126
person 0.0024 487 164 497 177
person 0.0024 482 177 491 191
person 0.0023 290 90 301 104
person 0.0023 370 73 380 84
person 0.0022 462 123 470 132
person 0.0021 289 69 298 82
person 0.0021 301 69 309 84
person 0.0021 330 93 344 103
person 0.0020 373 62 385 74
person 0.0020 401 117 413 130
person 0.0020 472 75 480 87
person 0.0020 469 105 479 116
person 0.0019 296 82 304 93
bicycle 0.0216 384 103 395 113
bicycle 0.0136 396 83 406 95
bicycle 0.0123 479 117 488 130
bicycle 0.0070 426 112 436 125
bicycle 0.0066 449 119 458 129
bicycle 0.0064 430 107 438 124
bicycle 0.0057 424 121 433 132
bicycle 0.0057 389 102 399 113
bicycle 0.0053 409 109 416 121
bicycle 0.0047 358 97 368 110
bicycle 0.0045 437 121 448 130
bicycle 0.0039 466 129 473 141
bicycle 0.0037 459 105 470 118
bicycle 0.0037 428 133 436 144
bicycle 0.0036 464 103 473 120
bicycle 0.0034 415 99 422 113
bicycle 0.0033 465 116 473 128
bicycle 0.0028 427 75 445 87
bicycle 0.0027 490 132 499 147
bicycle 0.0027 364 91 372 103
bicycle 0.0024 485 115 497 131
bicycle 0.0024 411 106 418 118
bicycle 0.0024 451 130 461 143
bicycle 0.0021 456 107 466 118
bicycle 0.0021 410 80 418 91
bicycle 0.0020 397 87 409 96
bicycle 0.0019 361 95 370 108
bicycle 0.0019 472 119 479 132
bicycle 0.0018 437 131 447 147
bicycle 0.0017 432 115 441 126
bicycle 0.0017 417 80 425 92
bicycle 0.0016 465 96 472 108
bicycle 0.0016 462 107 472 121
bicycle 0.0014 457 151 468 161
bicycle 0.0014 423 127 432 137
bicycle 0.0013 470 116 478 129
bicycle 0.0012 471 127 498 149
bicycle 0.0011 366 88 373 100
bicycle 0.0011 414 114 433 124
bicycle 0.0011 482 115 492 130
bicycle 0.0010 470 108 480 123
car 0.6663 426 75 444 87
car 0.3565 384 60 402 69
car 0.2395 392 53 411 63
car 0.2262 350 81 365 89
car 0.0967 331 83 351 91
car 0.0750 349 78 370 88
car 0.0551 374 60 401 71
car 0.0374 409 55 422 65
car 0.0277 323 84 348 94
car 0.0252 411 80 420 91
car 0.0251 332 94 344 102
car 0.0214 386 53 403 63
car 0.0164 397 54 417 63
car 0.0160 455 153 469 163
car 0.0148 337 91 370 109
car 0.0145 372 64 380 74
car 0.0132 348 88 369 106
car 0.0120 338 82 353 90
car 0.0101 323 101 338 109
car 0.0088 361 78 374 86
car 0.0083 359 95 367 110
car 0.0082 423 56 433 65
car 0.0071 367 64 375 74
car 0.0068 373 62 385 74
car 0.0058 371 43 387 52
car 0.0056 427 134 436 143
car 0.0055 370 120 409 163
car 0.0052 486 81 499 91
car 0.0052 385 101 395 112
car 0.0051 326 97 343 106
car 0.0048 432 101 460 115
car 0.0047 397 79 407 93
car 0.0047 330 87 365 105
car 0.0046 322 90 335 101
car 0.0046 450 79 459 89
car 0.0043 437 105 459 117
car 0.0039 384 74 393 84
car 0.0036 417 80 425 92
car 0.0031 457 106 466 117
car 0.0030 298 96 310 105
car 0.0029 452 151 463 161
car 0.0028 303 96 314 105
car 0.0028 401 119 411 130
car 0.0027 370 73 380 84
car 0.0026 449 119 458 130
car 0.0026 487 134 498 146
car 0.0026 414 126 421 135
car 0.0025 286 89 296 101
car 0.0025 423 127 432 137
car 0.0025 481 81 495 90
car 0.0024 384 48 394 58
car 0.0024 320 90 329 101
car 0.0023 451 154 467 167
car 0.0023 453 148 463 156
car 0.0022 409 109 417 121
car 0.0021 461 154 472 164
car 0.0020 448 111 457 121
car 0.0020 367 86 373 97
car 0.0020 372 66 380 81
car 0.0020 277 50 292 60
car 0.0019 407 74 424 89
car 0.0018 443 80 455 90
car 0.0018 405 123 414 133
car 0.0018 436 138 445 148
car 0.0018 364 91 372 105
car 0.0016 257 52 295 63
car 0.0015 487 185 499 198
car 0.0013 479 137 497 149
car 0.0013 485 193 499 216
car 0.0013 295 91 309 105
car 0.0012 460 143 469 152
car 0.0012 481 116 490 130
car 0.0012 429 136 438 148
car 0.0012 438 119 449 130
car 0.0011 444 143 454 156
car 0.0011 487 100 497 109
car 0.0011 416 127 423 137
car 0.0011 346 72 358 80
car 0.0011 487 112 498 125
car 0.0011 401 132 410 145
car 0.0010 288 64 302 80
car 0.0010 396 85 405 95
car 0.0010 382 55 397 66
motorbike 0.1264 384 103 395 113
motorbike 0.0579 389 101 398 112
motorbike 0.0434 459 105 470 118
motorbike 0.0383 456 107 466 118
motorbike 0.0368 430 107 438 124
motorbike 0.0287 449 117 458 128
motorbike 0.0280 396 83 406 95
motorbike 0.0244 463 102 472 117
motorbike 0.0219 462 107 472 121
motorbike 0.0218 426 112 436 125
motorbike 0.0201 359 95 367 109
motorbike 0.0182 409 109 416 121
motorbike 0.0173 411 106 418 118
motorbike 0.0167 453 113 464 125
motorbike 0.0136 437 121 448 130
motorbike 0.0132 417 80 425 92
motorbike 0.0131 411 80 419 92
motorbike 0.0115 415 100 422 112
motorbike 0.0112 424 121 433 132
motorbike 0.0111 470 116 478 129
motorbike 0.0101 480 116 490 130
motorbike 0.0087 432 115 441 126
motorbike 0.0085 364 91 372 103
motorbike 0.0072 466 127 474 140
motorbike 0.0067 472 117 480 131
motorbike 0.0061 441 118 451 128
motorbike 0.0060 465 96 472 108
motorbike 0.0060 366 88 373 100
motorbike 0.0058 470 108 480 123
motorbike 0.0054 448 127 457 137
motorbike 0.0045 428 133 436 144
motorbike 0.0043 437 131 447 147
motorbike 0.0043 441 129 449 144
motorbike 0.0039 286 89 296 101
motorbike 0.0036 397 87 409 96
motorbike 0.0036 465 116 473 128
motorbike 0.0035 455 126 466 137
motorbike 0.0034 451 130 461 143
motorbike 0.0026 290 90 301 104
motorbike 0.0026 298 96 310 105
motorbike 0.0025 462 123 470 132
motorbike 0.0024 423 127 432 137
motorbike 0.0024 392 102 400 112
motorbike 0.0024 457 97 466 109
motorbike 0.0024 426 75 443 87
motorbike 0.0024 445 132 455 146
motorbike 0.0023 303 91 314 104
motorbike 0.0023 295 91 309 105
motorbike 0.0018 488 105 497 116
motorbike 0.0017 320 90 329 101
motorbike 0.0017 349 78 370 88
motorbike 0.0017 414 114 433 124
motorbike 0.0017 448 111 457 121
motorbike 0.0017 416 125 423 135
motorbike 0.0016 397 90 405 99
motorbike 0.0016 444 136 452 150
motorbike 0.0016 400 116 412 129
motorbike 0.0014 486 183 498 197
motorbike 0.0014 481 110 489 124
motorbike 0.0014 436 138 445 148
motorbike 0.0013 461 141 469 151
motorbike 0.0013 407 79 415 91
motorbike 0.0012 412 125 420 135
motorbike 0.0012 457 151 468 161
motorbike 0.0010 485 115 497 131
motorbike 0.0010 384 97 397 112
motorbike 0.0010 411 108 424 133
aeroplane 0.0019 310 15 348 38
bus 0.4436 304 37 359 77
bus 0.1311 370 120 409 163
bus 0.1222 309 38 356 61
bus 0.0223 312 51 358 74
bus 0.0068 427 75 445 87
bus 0.0030 300 59 355 96
bus 0.0028 308 12 357 41
bus 0.0025 349 78 370 88
bus 0.0023 336 92 369 110
bus 0.0022 393 53 412 63
bus 0.0021 378 58 403 71
bus 0.0019 266 102 360 151
bus 0.0017 311 36 357 50
bus 0.0017 301 63 334 87
bus 0.0017 371 43 387 52
bus 0.0016 326 82 347 93
bus 0.0016 328 63 356 75
bus 0.0014 336 82 353 92
bus 0.0013 324 38 355 53
bus 0.0013 324 68 356 80
bus 0.0011 401 117 413 130
train 0.8026 29 97 371 242
train 0.3285 370 119 409 164
train 0.0108 299 12 360 88
train 0.0060 372 113 435 167
train 0.0025 308 38 358 70
train 0.0020 379 119 481 190
train 0.0016 242 62 297 100
train 0.0015 371 114 495 241
train 0.0013 400 119 415 137
train 0.0013 368 111 450 301
train 0.0011 266 102 360 151
train 0.0010 300 59 355 96
boat 0.0368 299 16 359 85
boat 0.0101 308 12 357 41
boat 0.0053 370 121 410 164
boat 0.0030 426 74 443 87
boat 0.0030 484 196 499 221
boat 0.0027 305 37 358 76
boat 0.0013 487 188 499 203
horse 0.0021 385 102 396 113
horse 0.0013 397 79 407 93
horse 0.0012 429 107 438 125
horse 0.0011 437 121 448 130
chair 0.0010 358 97 368 110
pottedplant 0.0017 385 101 395 112
pottedplant 0.0013 480 115 490 130
pottedplant 0.0010 358 97 368 110
