person 0.9152 226 145 405 368
person 0.0442 321 150 408 351
person 0.0052 29 146 449 337
person 0.0038 468 199 498 368
person 0.0032 391 90 408 109
person 0.0031 218 153 361 289
person 0.0026 455 58 478 100
person 0.0019 412 106 497 356
person 0.0012 397 88 415 108
person 0.0010 0 199 222 351
bird 0.0036 456 52 477 89
cat 0.0015 455 55 478 100
horse 0.0014 455 58 478 100
bottle 0.0011 398 162 410 205
chair 0.2835 274 201 453 363
chair 0.2242 472 254 499 371
chair 0.0720 381 162 415 204
chair 0.0708 85 167 110 196
chair 0.0417 55 168 79 201
chair 0.0352 291 153 411 208
chair 0.0240 327 162 400 194
chair 0.0224 82 166 128 199
chair 0.0186 383 165 400 184
chair 0.0164 220 158 411 366
chair 0.0151 70 167 89 199
chair 0.0119 0 170 30 210
chair 0.0106 23 168 60 213
chair 0.0100 477 207 499 261
chair 0.0091 402 163 413 204
chair 0.0091 383 167 401 201
chair 0.0087 398 164 409 205
chair 0.0074 482 321 499 371
chair 0.0062 105 166 120 199
chair 0.0047 412 106 497 356
chair 0.0046 405 163 414 194
chair 0.0037 112 168 136 199
chair 0.0037 134 183 195 203
chair 0.0037 463 194 499 377
chair 0.0034 414 110 443 208
chair 0.0033 27 170 52 197
chair 0.0031 408 164 419 206
chair 0.0030 59 167 96 201
chair 0.0027 392 163 407 192
chair 0.0023 2 208 232 354
chair 0.0022 481 207 499 231
chair 0.0020 0 172 21 194
chair 0.0020 242 161 336 206
chair 0.0017 414 125 432 205
chair 0.0015 434 247 464 368
chair 0.0014 410 120 450 253
chair 0.0014 225 161 363 284
chair 0.0013 283 167 333 203
chair 0.0013 84 188 113 200
chair 0.0012 115 167 127 186
chair 0.0012 380 163 417 261
chair 0.0011 117 169 130 193
chair 0.0010 0 200 69 310
sofa 0.7973 4 195 455 363
sofa 0.3393 473 243 499 373
sofa 0.0930 0 199 230 353
sofa 0.0828 233 189 454 363
sofa 0.0022 244 154 337 199
sofa 0.0021 289 150 412 212
sofa 0.0018 215 143 380 342
sofa 0.0015 423 106 497 368
sofa 0.0012 37 200 222 277
pottedplant 0.0239 410 105 498 356
pottedplant 0.0104 455 58 478 100
pottedplant 0.0021 413 108 450 210
pottedplant 0.0019 454 51 495 101
pottedplant 0.0011 0 0 68 43
diningtable 0.0025 473 249 499 366
diningtable 0.0010 478 208 499 259
diningtable 0.0010 8 342 229 372
