person 0.1050 146 204 155 220
person 0.0196 462 199 471 210
person 0.0097 30 200 37 215
person 0.0081 65 186 72 198
person 0.0043 443 200 472 227
person 0.0039 478 337 499 373
person 0.0024 133 207 149 220
person 0.0023 205 207 245 226
person 0.0015 36 205 47 214
person 0.0014 35 170 43 185
bicycle 0.0032 479 337 499 373
car 0.8650 463 206 499 227
car 0.8462 340 199 431 231
car 0.8139 149 201 209 227
car 0.7790 36 208 76 226
car 0.7784 97 206 146 225
car 0.7254 280 206 345 228
car 0.6658 65 204 100 223
car 0.6158 248 206 291 224
car 0.3524 221 209 246 226
car 0.2432 204 208 243 226
car 0.2353 265 201 324 226
car 0.2143 419 198 445 227
car 0.1604 125 207 147 221
car 0.1339 432 198 475 228
car 0.1246 442 207 472 227
car 0.0955 7 205 19 214
car 0.0798 339 208 359 223
car 0.0579 411 200 431 228
car 0.0485 338 207 359 215
car 0.0482 233 210 249 223
car 0.0327 122 201 150 210
car 0.0290 145 204 155 218
car 0.0174 479 338 499 373
car 0.0132 335 207 351 224
car 0.0131 177 200 208 213
car 0.0112 422 202 435 228
car 0.0105 184 202 210 225
car 0.0100 176 194 223 212
car 0.0093 147 205 164 220
car 0.0085 187 187 215 197
car 0.0085 190 186 211 194
car 0.0076 246 209 270 224
car 0.0075 124 198 145 207
car 0.0075 261 196 296 207
car 0.0072 98 205 117 218
car 0.0068 60 173 75 181
car 0.0055 50 213 77 225
car 0.0051 66 203 95 215
car 0.0045 146 203 157 225
car 0.0043 240 207 250 218
car 0.0037 172 191 185 200
car 0.0037 250 196 297 214
car 0.0036 274 200 296 207
car 0.0035 323 208 344 226
car 0.0029 276 201 309 216
car 0.0028 323 207 342 218
car 0.0027 177 190 209 202
car 0.0026 36 205 47 214
car 0.0026 172 204 245 226
car 0.0023 97 200 112 208
car 0.0022 244 204 262 217
car 0.0022 340 203 364 214
car 0.0021 348 202 377 213
car 0.0021 179 188 219 206
car 0.0021 185 187 236 211
car 0.0020 147 203 183 225
car 0.0013 30 202 37 214
car 0.0011 215 194 235 209
car 0.0011 168 199 203 209
motorbike 0.0015 146 204 155 220
motorbike 0.0014 479 337 499 373
motorbike 0.0010 40 209 79 225
bus 0.0335 428 198 473 227
bus 0.0131 190 186 211 194
bus 0.0096 120 198 153 208
bus 0.0085 179 191 240 212
bus 0.0067 419 198 448 226
bus 0.0061 274 202 319 225
bus 0.0044 258 196 296 208
bus 0.0043 187 187 215 197
bus 0.0036 187 186 235 203
bus 0.0025 179 188 215 202
bus 0.0022 7 205 19 214
bus 0.0018 276 201 309 216
bus 0.0016 340 198 431 231
bus 0.0016 208 189 235 210
bus 0.0013 458 206 499 227
bus 0.0012 263 188 302 205
bus 0.0011 60 173 75 181
