person 0.2717 306 154 324 199
person 0.0392 306 154 323 174
person 0.0229 294 156 319 200
person 0.0213 290 166 307 201
person 0.0081 118 122 139 149
person 0.0078 288 170 300 201
person 0.0061 293 164 306 179
person 0.0058 313 161 339 198
person 0.0048 118 122 128 142
person 0.0031 230 120 239 148
person 0.0028 321 173 339 197
person 0.0027 360 148 377 164
person 0.0025 290 159 306 171
person 0.0021 66 282 84 320
person 0.0020 261 125 289 201
person 0.0018 267 170 291 202
person 0.0017 108 121 129 147
person 0.0017 312 148 326 164
person 0.0015 328 154 339 166
person 0.0014 366 145 381 162
person 0.0013 125 124 143 154
person 0.0011 486 0 499 12
person 0.0011 289 163 305 185
person 0.0011 261 173 282 203
bicycle 0.0053 296 185 497 329
bicycle 0.0012 306 166 414 323
chair 0.1587 300 160 326 204
chair 0.1341 207 166 221 198
chair 0.0778 319 180 340 204
chair 0.0663 193 166 221 200
chair 0.0606 312 167 337 204
chair 0.0601 296 171 319 203
chair 0.0371 170 178 203 209
chair 0.0296 67 282 85 322
chair 0.0292 287 310 418 331
chair 0.0272 323 181 347 211
chair 0.0177 292 165 308 199
chair 0.0126 288 181 299 201
chair 0.0126 158 172 170 210
chair 0.0123 335 164 398 312
chair 0.0108 88 147 112 174
chair 0.0091 287 207 500 328
chair 0.0067 172 164 220 196
chair 0.0066 293 164 306 179
chair 0.0057 169 178 184 209
chair 0.0057 328 154 339 166
chair 0.0056 306 154 323 174
chair 0.0043 194 154 210 163
chair 0.0041 345 166 364 187
chair 0.0040 322 170 339 183
chair 0.0038 262 170 290 203
chair 0.0036 392 216 496 329
chair 0.0036 366 222 397 307
chair 0.0035 261 188 276 203
chair 0.0035 301 167 428 326
chair 0.0032 336 165 364 194
chair 0.0029 89 146 130 171
chair 0.0026 276 187 291 202
chair 0.0024 392 263 475 331
chair 0.0023 325 170 365 209
chair 0.0022 181 150 194 165
chair 0.0021 286 165 301 202
chair 0.0020 327 175 354 198
chair 0.0019 366 145 381 162
chair 0.0017 360 150 381 168
chair 0.0016 275 258 434 330
chair 0.0016 153 164 169 205
chair 0.0015 342 234 399 320
chair 0.0014 209 169 250 201
chair 0.0014 325 176 342 194
chair 0.0014 320 165 339 180
chair 0.0014 287 146 301 165
chair 0.0013 334 190 348 219
chair 0.0013 337 139 361 190
chair 0.0013 309 144 327 162
chair 0.0012 328 177 382 223
chair 0.0012 289 156 304 168
chair 0.0012 286 315 309 332
chair 0.0011 165 149 178 163
chair 0.0011 372 224 452 320
chair 0.0010 183 164 220 183
chair 0.0010 164 175 175 210
chair 0.0010 153 164 166 173
chair 0.0010 420 189 449 204
chair 0.0010 62 176 111 219
chair 0.0010 287 314 361 332
chair 0.0010 64 185 96 224
sofa 0.0014 294 169 334 204
sofa 0.0010 176 179 203 207
sofa 0.0010 66 282 84 320
pottedplant 0.0036 125 125 142 153
pottedplant 0.0021 219 92 236 101
pottedplant 0.0018 118 122 128 142
diningtable 0.1658 171 164 222 197
diningtable 0.0590 174 162 219 174
diningtable 0.0252 396 215 498 318
diningtable 0.0245 287 312 405 331
diningtable 0.0171 183 164 220 183
diningtable 0.0108 167 167 204 208
diningtable 0.0101 398 216 497 261
diningtable 0.0087 296 206 500 328
diningtable 0.0078 401 189 482 217
diningtable 0.0055 61 175 110 222
diningtable 0.0053 204 166 220 195
diningtable 0.0048 319 172 339 201
diningtable 0.0042 322 170 339 183
diningtable 0.0037 416 187 498 229
diningtable 0.0031 398 203 498 244
diningtable 0.0031 288 305 492 333
diningtable 0.0020 63 180 107 203
diningtable 0.0017 192 156 211 165
diningtable 0.0017 87 149 154 166
diningtable 0.0016 419 187 478 206
diningtable 0.0016 66 282 84 320
diningtable 0.0016 323 181 347 211
diningtable 0.0014 136 151 221 208
diningtable 0.0014 320 165 339 180
diningtable 0.0013 463 193 499 243
diningtable 0.0013 306 160 338 203
diningtable 0.0012 467 208 499 220
diningtable 0.0012 292 165 308 199
tvmonitor 0.4221 181 150 194 164
tvmonitor 0.0681 166 148 193 165
tvmonitor 0.0552 219 92 236 101
tvmonitor 0.0391 165 149 178 163
tvmonitor 0.0302 156 97 205 146
tvmonitor 0.0246 263 125 288 142
tvmonitor 0.0161 183 151 201 164
tvmonitor 0.0155 442 242 499 317
tvmonitor 0.0122 394 215 498 327
tvmonitor 0.0099 4 221 67 331
tvmonitor 0.0073 86 110 109 145
tvmonitor 0.0059 262 123 288 177
tvmonitor 0.0054 0 104 64 320
tvmonitor 0.0047 340 139 360 167
tvmonitor 0.0036 45 226 67 313
tvmonitor 0.0032 158 148 179 167
tvmonitor 0.0022 391 144 402 153
tvmonitor 0.0020 287 145 301 164
tvmonitor 0.0019 117 122 128 146
tvmonitor 0.0018 34 97 51 107
tvmonitor 0.0018 88 148 155 168
tvmonitor 0.0017 230 119 239 148
tvmonitor 0.0016 366 145 381 162
tvmonitor 0.0016 46 124 59 138
tvmonitor 0.0014 356 126 370 135
tvmonitor 0.0013 473 128 499 170
tvmonitor 0.0013 151 150 165 162
tvmonitor 0.0011 65 109 109 153
