person 0.0347 171 0 311 147
person 0.0039 156 0 208 93
person 0.0031 27 81 415 326
person 0.0021 300 67 385 150
person 0.0017 138 -5 495 325
person 0.0014 1 136 57 331
person 0.0012 245 73 426 327
person 0.0010 398 177 497 323
car 0.0028 166 -3 500 337
car 0.0016 338 -1 499 325
car 0.0010 406 4 500 275
train 0.0013 166 -3 500 337
boat 0.0012 122 -6 497 331
bird 0.2114 249 170 399 326
bird 0.1432 114 127 263 242
bird 0.1079 179 -1 304 147
bird 0.0388 300 69 382 149
bird 0.0154 165 106 391 314
bird 0.0079 62 128 265 331
bird 0.0078 288 72 407 299
bird 0.0011 340 103 400 298
bird 0.0010 263 279 370 331
cat 0.1265 176 -2 306 146
cat 0.0064 113 103 418 324
cat 0.0034 300 68 383 147
cat 0.0024 44 86 238 322
cat 0.0021 28 14 459 331
cat 0.0020 247 169 393 325
cat 0.0020 116 128 280 245
cat 0.0014 157 1 448 255
cat 0.0014 246 65 426 326
cat 0.0011 302 67 399 270
dog 0.2301 177 -2 303 146
dog 0.1436 95 87 417 326
dog 0.0479 280 73 399 279
dog 0.0323 242 48 430 326
dog 0.0152 301 69 385 151
dog 0.0112 157 1 448 255
dog 0.0064 247 167 384 325
dog 0.0052 112 128 282 242
dog 0.0050 148 113 381 275
dog 0.0023 44 86 238 322
horse 0.0021 96 -6 491 324
sheep 0.0243 174 -2 305 147
sheep 0.0151 95 87 417 326
sheep 0.0109 115 128 241 235
sheep 0.0096 247 167 391 325
sheep 0.0052 148 113 381 275
sheep 0.0038 280 73 399 279
sheep 0.0026 242 48 430 326
sheep 0.0022 176 131 280 242
sheep 0.0020 301 69 382 150
cow 0.0066 176 -2 306 146
cow 0.0048 23 -11 461 325
cow 0.0010 110 104 424 325
bottle 0.0443 151 0 213 94
bottle 0.0197 0 0 69 118
chair 0.0024 150 0 215 97
chair 0.0015 166 -3 500 337
sofa 0.0094 23 -11 461 325
diningtable 0.0448 10 -6 462 334
diningtable 0.0036 0 0 234 312
diningtable 0.0029 23 0 403 148
diningtable 0.0025 4 0 226 131
diningtable 0.0024 65 1 193 104
diningtable 0.0012 0 0 72 329
diningtable 0.0010 168 0 324 144
tvmonitor 0.0044 263 0 361 39
