person 0.9275 70 11 496 375
person 0.0011 0 243 14 300
bottle 0.8923 0 251 43 370
bottle 0.5968 35 244 175 371
bottle 0.0419 0 243 14 300
bottle 0.0210 0 209 12 286
bottle 0.0160 0 245 11 281
bottle 0.0089 0 204 14 240
bottle 0.0065 92 217 185 370
bottle 0.0063 0 218 58 274
bottle 0.0058 13 250 44 293
bottle 0.0047 24 324 70 374
bottle 0.0037 67 258 136 354
bottle 0.0031 116 256 173 369
bottle 0.0030 150 327 260 374
bottle 0.0029 0 174 15 242
bottle 0.0027 22 268 73 372
bottle 0.0016 189 344 255 373
bottle 0.0016 235 278 254 303
bottle 0.0011 143 351 165 373
chair 0.0018 235 278 255 303
chair 0.0017 71 135 497 371
chair 0.0016 0 94 71 205
sofa 0.0025 11 -2 504 379
sofa 0.0025 56 188 498 372
diningtable 0.0098 148 328 255 374
diningtable 0.0067 1 223 276 371
diningtable 0.0021 -7 285 507 373
diningtable 0.0011 35 288 302 370
