boat 0.0018 83 144 185 228
bird 0.0023 106 144 126 177
bottle 0.8968 220 44 242 124
bottle 0.8853 192 43 214 126
bottle 0.0015 217 49 229 114
chair 0.1890 171 35 498 276
chair 0.0137 6 244 102 270
chair 0.0091 218 199 460 268
chair 0.0073 164 168 267 266
chair 0.0061 460 223 500 270
chair 0.0057 458 135 499 267
chair 0.0052 163 120 316 265
chair 0.0033 81 146 186 228
chair 0.0029 299 36 494 230
sofa 0.9296 162 30 501 269
sofa 0.0065 458 136 499 267
sofa 0.0058 164 168 267 266
sofa 0.0024 83 144 185 228
sofa 0.0020 165 122 337 268
sofa 0.0012 219 192 461 267
pottedplant 0.4798 80 143 186 229
pottedplant 0.0019 267 141 304 208
diningtable 0.0237 1 244 102 270
