person 0.9047 278 39 426 366
person 0.8674 92 88 176 260
person 0.8499 29 111 70 182
person 0.0031 127 171 170 261
person 0.0031 493 121 499 133
person 0.0029 438 159 448 166
person 0.0026 99 239 114 265
person 0.0023 492 152 499 159
person 0.0019 58 46 390 301
person 0.0018 395 154 418 222
person 0.0013 43 125 68 177
person 0.0011 375 136 422 284
bicycle 0.9480 188 174 503 373
bicycle 0.8812 29 145 75 202
bicycle 0.4444 65 175 162 269
bicycle 0.0032 45 150 65 176
bicycle 0.0010 66 203 135 272
car 0.0010 297 60 426 217
motorbike 0.0028 30 145 75 202
bus 0.0043 183 178 503 373
bird 0.0010 438 159 448 166
bottle 0.0210 401 217 425 271
bottle 0.0046 393 195 427 270
bottle 0.0013 256 268 287 296
bottle 0.0011 143 195 171 218
chair 0.0044 30 146 76 202
chair 0.0021 187 178 503 374
