person 0.9192 0 111 152 371
person 0.8900 346 64 499 359
person 0.0772 0 306 71 372
person 0.0124 201 50 490 378
person 0.0102 0 168 70 372
person 0.0023 259 234 316 363
person 0.0022 440 95 497 170
person 0.0011 439 96 499 238
bottle 0.8797 224 242 257 352
bottle 0.4142 259 235 315 364
bottle 0.0799 380 351 423 373
bottle 0.0666 257 244 279 296
bottle 0.0593 281 309 303 367
bottle 0.0565 242 227 252 265
bottle 0.0544 274 234 290 260
bottle 0.0533 271 234 296 291
bottle 0.0450 205 235 213 257
bottle 0.0337 329 249 404 370
bottle 0.0307 217 249 231 293
bottle 0.0185 182 233 202 295
bottle 0.0163 297 313 322 372
bottle 0.0156 285 310 300 350
bottle 0.0152 255 269 294 334
bottle 0.0131 211 241 227 301
bottle 0.0130 204 234 214 274
bottle 0.0094 243 224 258 292
bottle 0.0083 239 235 251 269
bottle 0.0069 229 242 248 272
bottle 0.0069 291 219 340 353
bottle 0.0062 171 198 189 264
bottle 0.0060 336 343 364 374
bottle 0.0054 186 229 219 300
bottle 0.0049 207 235 221 286
bottle 0.0048 174 207 188 246
bottle 0.0043 268 257 315 325
bottle 0.0040 174 233 194 283
bottle 0.0040 184 257 202 309
bottle 0.0039 182 237 200 264
bottle 0.0038 309 350 338 373
bottle 0.0037 310 277 335 349
bottle 0.0036 220 248 231 274
bottle 0.0034 209 256 224 293
bottle 0.0032 177 201 202 290
bottle 0.0029 236 325 298 374
bottle 0.0029 229 243 244 258
bottle 0.0029 221 250 236 310
bottle 0.0028 259 257 272 298
bottle 0.0028 247 262 261 303
bottle 0.0026 380 309 423 373
bottle 0.0018 187 259 201 282
bottle 0.0017 269 257 294 295
bottle 0.0017 259 290 292 328
bottle 0.0016 286 241 305 292
bottle 0.0016 237 242 252 294
bottle 0.0015 204 258 217 285
bottle 0.0015 167 214 180 262
bottle 0.0014 310 227 332 300
bottle 0.0012 185 194 199 254
bottle 0.0012 185 259 227 360
bottle 0.0012 283 276 315 350
bottle 0.0011 317 202 342 256
bottle 0.0011 258 242 276 266
bottle 0.0010 302 299 335 359
bottle 0.0010 492 348 499 375
chair 0.0501 283 174 331 239
chair 0.0342 327 172 359 222
chair 0.0339 250 179 287 245
chair 0.0305 289 218 324 247
chair 0.0256 256 226 277 255
chair 0.0234 113 183 192 313
chair 0.0184 258 242 276 266
chair 0.0103 174 190 201 279
chair 0.0103 338 214 358 243
chair 0.0099 288 218 330 300
chair 0.0098 242 228 252 266
chair 0.0093 0 305 72 373
chair 0.0092 242 226 258 294
chair 0.0085 247 221 279 274
chair 0.0084 171 198 189 264
chair 0.0073 342 214 358 232
chair 0.0070 318 177 343 254
chair 0.0056 324 172 338 211
chair 0.0050 178 185 199 244
chair 0.0049 324 195 357 240
chair 0.0042 79 224 107 246
chair 0.0038 111 184 135 270
chair 0.0036 74 194 120 257
chair 0.0036 339 213 357 222
chair 0.0033 314 206 341 266
chair 0.0032 185 197 199 252
chair 0.0031 77 209 109 248
chair 0.0026 273 178 291 241
chair 0.0026 122 188 186 265
chair 0.0020 274 234 290 260
chair 0.0020 290 231 321 257
chair 0.0020 285 235 300 256
chair 0.0019 291 219 340 346
chair 0.0014 174 207 188 246
chair 0.0013 205 234 213 261
chair 0.0012 337 223 354 247
chair 0.0012 199 218 256 267
chair 0.0011 234 326 297 373
chair 0.0010 90 242 116 258
sofa 0.0012 0 168 70 372
pottedplant 0.1200 259 230 325 360
pottedplant 0.1155 291 219 340 353
pottedplant 0.0204 239 222 394 363
pottedplant 0.0033 77 218 508 372
pottedplant 0.0030 329 249 404 370
pottedplant 0.0025 303 205 343 319
pottedplant 0.0024 231 99 454 377
pottedplant 0.0021 266 234 308 331
pottedplant 0.0011 317 202 342 256
diningtable 0.2222 96 223 498 371
diningtable 0.1062 109 295 230 372
diningtable 0.0466 114 295 382 374
diningtable 0.0238 112 255 284 371
diningtable 0.0063 138 312 192 335
diningtable 0.0017 338 214 357 232
diningtable 0.0016 87 334 473 377
diningtable 0.0015 138 113 426 368
diningtable 0.0014 71 189 131 260
diningtable 0.0014 31 171 292 365
diningtable 0.0014 111 339 227 373
diningtable 0.0013 216 63 496 398
diningtable 0.0012 134 259 190 313
diningtable 0.0010 108 357 213 374
tvmonitor 0.0060 122 188 184 266
tvmonitor 0.0043 127 193 172 220
tvmonitor 0.0018 76 197 117 254
