person 0.8737 291 43 498 370
person 0.8607 10 44 295 371
person 0.6300 0 145 33 292
person 0.3897 242 84 364 361
person 0.2534 0 147 36 201
person 0.0787 239 95 333 197
person 0.0589 237 4 458 214
person 0.0432 108 72 389 369
person 0.0150 15 114 87 276
person 0.0147 321 0 489 125
person 0.0135 8 96 170 355
person 0.0037 0 0 28 64
person 0.0030 319 1 394 82
person 0.0030 298 174 369 312
person 0.0030 238 97 308 161
person 0.0029 0 1 36 168
person 0.0029 396 1 481 125
person 0.0026 0 3 88 304
person 0.0025 201 2 352 124
person 0.0022 425 105 499 371
person 0.0015 1 0 81 168
person 0.0015 99 153 136 179
person 0.0014 177 5 503 117
person 0.0012 21 163 39 196
person 0.0012 10 180 81 284
person 0.0012 257 103 337 291
person 0.0011 18 0 267 200
person 0.0010 335 16 391 51
bottle 0.0036 365 253 422 373
bottle 0.0017 65 97 96 149
bottle 0.0016 48 193 83 269
chair 0.0569 478 121 499 201
chair 0.0035 433 111 499 366
chair 0.0027 240 99 319 163
chair 0.0022 274 94 296 109
chair 0.0018 475 43 499 198
chair 0.0018 474 39 499 126
chair 0.0016 213 90 369 332
chair 0.0010 471 121 499 310
chair 0.0010 210 37 495 371
sofa 0.0088 213 90 369 332
sofa 0.0088 42 4 456 363
sofa 0.0087 236 8 411 297
sofa 0.0052 478 126 498 201
sofa 0.0050 210 37 495 371
sofa 0.0048 201 2 352 124
sofa 0.0043 -3 205 437 370
sofa 0.0041 224 0 491 202
sofa 0.0039 310 -1 485 126
sofa 0.0027 429 104 499 371
sofa 0.0017 238 96 324 164
diningtable 0.0032 1 266 101 371
diningtable 0.0013 11 262 281 371
tvmonitor 0.0014 465 0 499 48
