person 0.8324 428 233 499 371
person 0.0718 399 224 407 232
person 0.0031 473 257 499 368
person 0.0025 357 229 499 373
boat 0.7407 168 150 193 246
boat 0.1316 399 224 407 232
boat 0.1201 169 222 193 244
boat 0.0411 170 234 195 244
boat 0.0408 169 184 190 241
boat 0.0351 169 229 187 241
boat 0.0138 233 211 246 218
boat 0.0037 218 212 234 218
boat 0.0025 233 212 265 219
boat 0.0024 340 211 360 219
boat 0.0022 110 200 126 208
boat 0.0018 224 213 240 219
boat 0.0017 184 198 196 207
boat 0.0016 0 210 26 217
boat 0.0016 0 207 28 215
boat 0.0015 94 210 115 217
boat 0.0013 184 200 195 214
boat 0.0013 325 211 357 220
boat 0.0011 220 207 235 217
boat 0.0011 9 202 30 213
boat 0.0011 95 206 115 215
bird 0.0143 399 224 407 232
bird 0.0081 423 193 434 200
bird 0.0021 428 231 499 371
horse 0.0028 427 232 499 371
cow 0.0033 428 231 499 371
cow 0.0016 399 224 407 232
