person 0.8347 391 98 413 127
person 0.8263 423 101 451 135
person 0.8080 370 99 393 125
person 0.7941 459 96 491 163
person 0.7590 356 104 369 125
person 0.5238 343 105 354 119
person 0.3970 19 108 33 126
person 0.3633 0 110 12 128
person 0.3521 9 106 19 129
person 0.3502 70 112 82 121
person 0.2155 12 106 30 129
person 0.1793 86 108 96 120
person 0.1319 103 109 114 120
person 0.1192 116 109 125 119
person 0.1184 96 110 105 120
person 0.1154 365 104 376 125
person 0.1054 26 108 35 123
person 0.0657 157 99 182 118
person 0.0655 412 107 422 129
person 0.0435 454 115 465 136
person 0.0315 11 105 22 120
person 0.0294 151 89 191 118
person 0.0205 455 101 496 214
person 0.0104 10 55 19 68
person 0.0102 102 103 113 117
person 0.0094 266 101 297 121
person 0.0090 266 109 286 122
person 0.0070 397 108 425 131
person 0.0070 439 105 452 130
person 0.0065 222 95 257 132
person 0.0049 265 103 314 138
person 0.0048 28 101 35 121
person 0.0045 491 123 500 139
person 0.0042 344 105 361 121
person 0.0034 265 107 300 130
person 0.0034 209 48 217 57
person 0.0031 221 115 238 132
person 0.0030 135 103 152 118
person 0.0027 25 100 34 117
person 0.0022 0 95 9 112
person 0.0022 20 84 34 115
person 0.0021 92 101 113 120
person 0.0021 488 131 499 151
person 0.0020 491 91 499 146
person 0.0018 3 56 19 69
person 0.0017 19 111 34 137
person 0.0015 112 102 125 116
person 0.0015 236 96 259 127
person 0.0014 368 103 379 120
person 0.0013 339 104 366 131
person 0.0012 457 114 471 140
person 0.0011 391 96 401 110
person 0.0011 286 120 316 140
person 0.0011 307 2 343 76
person 0.0010 124 110 142 119
person 0.0010 316 19 338 72
person 0.0010 94 79 182 118
person 0.0010 255 109 292 139
bicycle 0.0016 221 14 278 82
car 0.7818 30 78 487 263
car 0.6520 93 64 213 116
car 0.2366 5 310 482 371
car 0.1921 119 64 214 88
car 0.1169 144 85 193 118
car 0.0787 453 115 464 138
car 0.0682 93 80 184 113
car 0.0273 0 127 27 169
car 0.0093 456 116 470 140
car 0.0083 492 122 499 139
car 0.0062 0 125 36 223
car 0.0050 132 66 189 83
car 0.0050 489 133 499 155
car 0.0042 98 54 118 63
car 0.0042 0 55 19 69
car 0.0037 12 108 28 131
car 0.0036 363 123 470 149
car 0.0034 492 105 499 141
car 0.0025 124 110 142 119
car 0.0024 489 118 499 148
car 0.0024 0 111 13 131
car 0.0022 0 60 12 70
car 0.0022 354 122 480 167
car 0.0019 12 134 27 167
car 0.0018 134 67 165 80
car 0.0016 315 96 464 140
car 0.0015 22 59 31 69
car 0.0015 440 108 495 148
car 0.0015 72 51 85 63
car 0.0014 82 63 174 103
car 0.0014 449 111 462 131
car 0.0014 12 57 28 69
car 0.0014 192 68 213 82
car 0.0013 94 50 120 62
car 0.0013 25 144 35 166
car 0.0013 0 312 224 372
car 0.0012 140 60 211 73
car 0.0012 114 102 153 119
car 0.0012 204 37 231 57
car 0.0012 0 122 15 140
car 0.0011 412 108 421 129
car 0.0011 295 108 478 161
car 0.0010 211 59 231 79
car 0.0010 101 53 138 64
car 0.0010 90 45 114 61
motorbike 0.0017 0 126 27 171
motorbike 0.0012 453 119 463 139
motorbike 0.0011 412 108 421 129
bus 0.0086 5 310 482 371
bus 0.0085 30 82 487 264
bus 0.0029 284 2 494 137
bus 0.0024 0 59 222 115
bus 0.0011 92 62 210 91
bus 0.0010 53 -5 488 135
boat 0.0034 0 49 26 69
boat 0.0031 0 26 30 71
boat 0.0020 13 -4 485 141
boat 0.0013 1 56 184 110
boat 0.0011 92 62 210 91
dog 0.0019 157 100 181 118
chair 0.0050 0 111 12 129
chair 0.0030 0 123 13 139
chair 0.0029 453 119 463 139
chair 0.0019 0 126 27 170
chair 0.0016 487 138 499 155
chair 0.0015 12 108 28 131
chair 0.0015 491 123 500 139
diningtable 0.0012 483 171 499 215
