person 0.8602 254 99 399 364
person 0.8473 132 196 145 237
person 0.6330 156 194 179 249
person 0.3140 168 195 185 246
person 0.1851 469 204 481 216
person 0.1251 468 204 484 236
person 0.0648 177 195 187 234
person 0.0507 180 194 189 218
person 0.0429 169 216 183 246
person 0.0411 167 195 181 213
person 0.0277 343 265 455 364
person 0.0232 157 191 166 214
person 0.0221 183 193 191 210
person 0.0218 186 201 197 221
person 0.0177 227 223 244 260
person 0.0123 254 173 262 197
person 0.0112 156 204 171 231
person 0.0107 227 256 268 359
person 0.0093 152 197 162 219
person 0.0078 148 196 158 216
person 0.0076 166 217 179 249
person 0.0075 439 207 488 237
person 0.0072 453 204 469 216
person 0.0069 476 214 490 237
person 0.0065 450 207 463 216
person 0.0063 96 196 107 214
person 0.0041 176 223 185 243
person 0.0035 467 195 481 214
person 0.0034 210 155 466 359
person 0.0034 447 195 470 217
person 0.0031 242 178 252 190
person 0.0030 155 203 166 220
person 0.0030 432 204 443 225
person 0.0028 491 202 499 213
person 0.0027 28 191 37 203
person 0.0024 179 214 274 361
person 0.0023 435 204 445 219
person 0.0023 118 198 128 214
person 0.0022 261 246 344 363
person 0.0022 349 211 488 363
person 0.0021 90 200 105 214
person 0.0020 402 205 413 216
person 0.0020 412 214 493 250
person 0.0020 144 196 159 230
person 0.0017 447 209 459 218
person 0.0016 209 213 218 222
person 0.0015 213 221 246 259
person 0.0015 264 186 372 359
person 0.0015 241 179 251 200
person 0.0014 145 198 155 218
person 0.0014 239 173 262 222
person 0.0014 240 178 256 212
person 0.0012 159 223 172 249
person 0.0012 186 196 219 223
person 0.0011 121 200 132 215
person 0.0011 258 171 266 191
person 0.0010 441 206 456 217
person 0.0010 249 175 262 210
person 0.0010 486 215 498 241
person 0.0010 260 170 268 188
person 0.0010 142 201 153 232
bicycle 0.0368 216 217 479 365
bicycle 0.0332 217 260 270 366
bicycle 0.0177 217 327 268 366
bicycle 0.0158 166 217 179 249
bicycle 0.0108 96 198 106 214
bicycle 0.0041 386 286 499 365
bicycle 0.0040 158 217 172 249
bicycle 0.0039 85 202 99 214
bicycle 0.0038 219 211 257 259
bicycle 0.0031 343 228 456 361
bicycle 0.0023 132 194 145 237
bicycle 0.0022 387 334 497 368
bicycle 0.0020 217 240 351 365
bicycle 0.0018 231 202 253 224
bicycle 0.0015 227 223 244 260
bicycle 0.0015 212 324 329 367
bicycle 0.0014 179 214 274 361
bicycle 0.0012 234 258 267 332
bicycle 0.0010 118 198 128 214
bicycle 0.0010 204 219 248 258
bicycle 0.0010 172 219 184 247
car 0.4223 381 213 498 259
car 0.0934 0 183 59 239
car 0.0584 418 216 492 243
car 0.0384 380 216 435 236
car 0.0237 367 213 499 342
car 0.0101 212 200 474 363
car 0.0078 355 219 440 272
car 0.0045 481 214 499 237
car 0.0034 440 212 476 233
car 0.0028 378 232 424 247
car 0.0017 491 203 499 213
car 0.0017 468 205 487 237
car 0.0017 166 215 179 248
car 0.0017 476 214 490 237
car 0.0010 85 202 100 215
motorbike 0.5606 215 207 471 364
motorbike 0.0156 217 260 270 366
motorbike 0.0120 349 211 488 363
motorbike 0.0120 166 215 179 248
motorbike 0.0084 375 283 498 366
motorbike 0.0024 217 327 269 366
motorbike 0.0024 179 214 274 361
motorbike 0.0015 349 232 434 277
motorbike 0.0014 217 240 351 365
motorbike 0.0014 90 200 105 214
motorbike 0.0013 345 260 454 359
motorbike 0.0013 275 213 445 291
motorbike 0.0012 158 217 172 249
motorbike 0.0012 85 202 99 214
motorbike 0.0011 233 256 267 335
motorbike 0.0010 255 101 411 364
aeroplane 0.0015 199 191 482 362
bus 0.0041 0 185 58 241
bus 0.0029 213 106 385 252
bus 0.0016 126 106 405 289
train 0.0129 213 106 421 258
train 0.0041 81 101 414 289
boat 0.0056 199 191 482 362
boat 0.0010 239 231 267 259
bird 0.0332 286 197 343 224
bird 0.0268 283 198 357 250
bird 0.0015 318 202 349 225
cat 0.0094 283 198 357 250
cat 0.0039 291 207 369 271
cat 0.0036 277 193 368 320
cat 0.0013 273 180 411 350
dog 0.0365 283 198 357 250
dog 0.0102 271 188 371 343
dog 0.0038 291 207 369 271
dog 0.0021 266 182 434 299
horse 0.0048 213 221 246 259
horse 0.0042 217 212 470 365
horse 0.0019 227 256 268 359
horse 0.0016 170 194 182 213
horse 0.0014 132 194 145 237
horse 0.0011 95 198 106 214
cow 0.0012 233 256 267 335
bottle 0.0042 286 197 341 224
chair 0.0213 218 257 268 367
chair 0.0149 217 334 243 366
chair 0.0148 234 256 267 331
chair 0.0075 388 341 451 367
chair 0.0046 378 215 440 237
chair 0.0041 383 282 491 367
chair 0.0032 166 217 179 249
chair 0.0020 217 327 268 366
chair 0.0015 170 222 247 258
chair 0.0015 345 276 458 366
chair 0.0014 213 221 246 259
chair 0.0013 226 257 317 366
chair 0.0012 181 223 217 238
chair 0.0012 230 296 266 355
chair 0.0011 199 191 482 362
chair 0.0010 177 224 227 250
chair 0.0010 231 300 258 335
pottedplant 0.0013 234 257 267 335
diningtable 0.0059 177 223 242 252
diningtable 0.0029 214 221 245 251
diningtable 0.0027 378 215 435 236
diningtable 0.0026 430 298 499 364
diningtable 0.0021 182 223 217 239
diningtable 0.0012 235 257 266 336
diningtable 0.0010 383 286 498 366
