person 0.0093 185 317 195 335
person 0.0063 105 322 115 339
person 0.0025 122 333 131 344
person 0.0025 185 317 194 327
person 0.0011 467 236 476 261
person 0.0010 181 319 195 342
person 0.0010 418 290 426 303
car 0.0087 476 324 498 373
car 0.0016 185 317 195 327
car 0.0015 120 345 160 363
bus 0.0444 199 125 355 246
train 0.9202 196 125 355 244
bottle 0.0011 185 316 194 330
chair 0.0016 105 326 115 339
pottedplant 0.0166 135 297 183 350
pottedplant 0.0090 185 317 195 327
pottedplant 0.0069 105 322 115 339
pottedplant 0.0018 122 333 131 344
