person 0.8833 74 72 442 319
person 0.0089 300 128 334 160
person 0.0054 438 79 459 98
person 0.0020 333 77 361 108
person 0.0017 221 35 490 312
person 0.0014 295 127 312 153
cat 0.0013 196 114 249 162
dog 0.0084 60 164 146 317
bottle 0.0056 245 156 264 177
bottle 0.0032 438 79 459 98
bottle 0.0020 435 104 459 149
bottle 0.0019 427 79 440 95
chair 0.7015 57 163 143 317
chair 0.3911 62 158 233 321
chair 0.0885 72 169 376 321
chair 0.0231 87 259 130 320
chair 0.0129 358 167 499 320
chair 0.0063 385 204 470 320
chair 0.0059 62 168 117 285
chair 0.0046 433 181 499 317
chair 0.0034 88 248 195 321
chair 0.0029 44 90 473 318
chair 0.0029 58 164 100 244
chair 0.0028 10 300 46 321
chair 0.0025 66 170 96 203
chair 0.0024 61 157 108 184
chair 0.0020 349 270 457 322
chair 0.0018 0 289 40 322
chair 0.0012 8 283 130 322
chair 0.0011 86 260 113 307
chair 0.0010 197 113 259 174
sofa 0.0851 72 169 376 321
sofa 0.0215 39 105 490 319
diningtable 0.0023 91 110 496 314
diningtable 0.0023 0 288 29 322
tvmonitor 0.9036 256 60 374 177
tvmonitor 0.0308 415 47 499 179
tvmonitor 0.0020 367 76 420 163
tvmonitor 0.0010 312 158 342 199
