person 0.9060 212 16 477 328
person 0.8206 0 68 123 319
person 0.8000 456 47 499 327
person 0.7895 161 98 295 251
person 0.6709 258 61 316 208
person 0.4916 44 155 138 302
person 0.4707 83 159 139 253
person 0.2819 183 166 216 195
person 0.2518 163 165 217 226
person 0.1333 1 69 61 103
person 0.1263 404 123 454 248
person 0.0808 199 98 291 205
person 0.0396 275 142 313 210
person 0.0298 123 131 155 243
person 0.0270 0 74 119 190
person 0.0130 132 166 154 246
person 0.0098 29 102 56 135
person 0.0096 73 164 103 205
person 0.0093 60 105 118 178
person 0.0073 347 8 379 30
person 0.0073 150 186 180 244
person 0.0070 329 33 466 271
person 0.0064 377 127 440 240
person 0.0056 134 141 158 189
person 0.0056 218 60 331 266
person 0.0047 406 115 445 193
person 0.0041 0 67 60 189
person 0.0039 451 173 465 254
person 0.0032 169 174 185 189
person 0.0031 181 163 233 235
person 0.0031 158 176 186 190
person 0.0028 29 123 79 201
person 0.0026 160 181 183 192
person 0.0025 219 158 233 199
person 0.0025 72 167 88 196
person 0.0024 416 128 444 170
person 0.0023 113 155 136 198
person 0.0022 93 109 120 146
person 0.0021 396 79 472 307
person 0.0020 460 54 498 190
person 0.0020 154 174 187 228
person 0.0020 62 173 107 230
person 0.0020 267 118 293 159
person 0.0019 0 76 51 302
person 0.0019 122 116 159 183
person 0.0019 132 151 149 196
person 0.0018 22 97 72 167
person 0.0018 221 157 244 199
person 0.0016 265 129 294 193
person 0.0016 192 167 218 227
person 0.0015 104 161 137 232
person 0.0014 77 205 107 256
person 0.0014 81 176 110 216
person 0.0014 266 141 336 222
person 0.0014 409 57 473 205
person 0.0014 58 135 79 199
person 0.0013 405 124 425 151
person 0.0013 157 186 180 196
person 0.0013 268 122 283 143
person 0.0013 0 276 50 332
person 0.0012 176 172 188 188
person 0.0012 262 151 290 205
person 0.0012 200 99 261 168
person 0.0012 76 147 116 191
person 0.0011 215 128 365 334
person 0.0011 201 193 289 250
person 0.0011 238 168 278 205
person 0.0010 242 132 349 262
person 0.0010 442 66 454 81
person 0.0010 113 110 181 265
person 0.0010 439 64 458 102
bottle 0.1490 276 139 314 209
bottle 0.1331 145 188 161 246
bottle 0.1243 299 143 313 192
bottle 0.0824 79 253 91 288
bottle 0.0647 148 185 176 248
bottle 0.0483 157 220 168 246
bottle 0.0433 122 118 144 174
bottle 0.0413 123 131 155 243
bottle 0.0399 132 166 154 246
bottle 0.0316 122 116 159 183
bottle 0.0278 453 177 464 239
bottle 0.0172 90 253 104 287
bottle 0.0164 113 137 134 168
bottle 0.0141 125 116 137 148
bottle 0.0140 46 270 78 321
bottle 0.0137 137 201 159 246
bottle 0.0124 132 145 150 191
bottle 0.0117 133 184 148 240
bottle 0.0082 151 187 178 222
bottle 0.0082 108 253 120 285
bottle 0.0079 135 140 158 182
bottle 0.0079 99 255 111 287
bottle 0.0069 198 218 214 246
bottle 0.0068 85 156 112 180
bottle 0.0067 118 249 138 280
bottle 0.0062 126 149 140 180
bottle 0.0061 111 137 122 163
bottle 0.0051 148 186 165 230
bottle 0.0048 105 248 134 284
bottle 0.0047 158 177 193 246
bottle 0.0047 179 207 200 246
bottle 0.0043 81 253 103 304
bottle 0.0042 280 137 366 213
bottle 0.0038 164 167 212 246
bottle 0.0030 164 208 183 246
bottle 0.0029 96 258 107 293
bottle 0.0028 104 135 118 162
bottle 0.0024 94 140 115 182
bottle 0.0024 113 118 147 191
bottle 0.0023 181 165 217 224
bottle 0.0021 100 121 119 162
bottle 0.0021 210 197 222 244
bottle 0.0019 210 182 222 223
bottle 0.0018 197 173 218 221
bottle 0.0016 138 153 151 195
bottle 0.0014 298 165 311 197
bottle 0.0014 127 117 148 154
bottle 0.0014 123 188 136 222
bottle 0.0012 258 62 316 211
bottle 0.0012 128 184 138 223
bottle 0.0012 183 222 201 245
bottle 0.0012 95 109 119 135
bottle 0.0012 78 160 103 180
bottle 0.0011 116 141 139 192
bottle 0.0010 59 247 101 319
bottle 0.0010 149 187 164 210
bottle 0.0010 153 187 175 199
chair 0.0120 181 166 217 222
chair 0.0118 99 240 256 330
chair 0.0075 183 165 216 196
chair 0.0052 452 179 465 258
chair 0.0048 453 134 498 319
chair 0.0048 105 248 139 282
chair 0.0043 276 142 313 208
chair 0.0033 70 238 140 290
chair 0.0031 38 246 139 329
chair 0.0018 413 140 462 257
chair 0.0017 158 174 186 189
chair 0.0014 44 160 142 303
chair 0.0013 119 249 138 279
chair 0.0012 181 187 290 252
pottedplant 0.0011 151 193 175 246
diningtable 0.1625 100 243 266 330
diningtable 0.0773 131 237 259 271
diningtable 0.0313 38 246 139 329
diningtable 0.0164 56 229 486 331
diningtable 0.0040 66 247 138 299
diningtable 0.0032 87 182 259 305
diningtable 0.0019 135 241 209 253
diningtable 0.0012 19 130 277 327
diningtable 0.0010 211 143 489 328
diningtable 0.0010 119 196 135 221
tvmonitor 0.5108 157 158 188 187
tvmonitor 0.0119 158 174 186 188
tvmonitor 0.0022 123 117 159 197
