person 0.0212 379 32 412 63
person 0.0097 371 31 410 91
person 0.0018 154 216 176 256
person 0.0015 427 20 465 93
person 0.0015 238 272 347 369
bird 0.0039 379 33 411 61
bird 0.0022 371 31 410 91
bird 0.0010 161 92 173 100
cat 0.0016 379 32 412 63
cat 0.0014 372 52 407 90
dog 0.0024 379 32 412 63
dog 0.0019 371 31 410 91
bottle 0.1266 344 52 361 91
bottle 0.0385 334 338 351 373
bottle 0.0135 261 96 273 124
bottle 0.0085 235 104 242 127
bottle 0.0078 242 86 261 128
bottle 0.0075 233 87 243 127
bottle 0.0052 215 104 223 128
bottle 0.0040 243 106 258 126
bottle 0.0037 225 109 234 128
bottle 0.0029 251 14 266 42
bottle 0.0026 240 22 257 84
bottle 0.0025 240 15 251 43
bottle 0.0021 230 106 239 128
bottle 0.0020 224 93 236 129
bottle 0.0019 240 26 252 59
bottle 0.0016 254 24 270 85
bottle 0.0015 232 14 247 44
bottle 0.0014 174 237 183 258
bottle 0.0014 228 25 244 77
bottle 0.0013 197 97 209 126
bottle 0.0013 154 216 176 256
bottle 0.0012 158 196 188 258
bottle 0.0010 193 90 216 127
bottle 0.0010 219 84 240 126
bottle 0.0010 222 12 278 127
chair 0.8276 345 217 499 373
chair 0.7625 42 225 207 372
chair 0.4856 239 275 345 370
chair 0.0232 245 351 334 373
chair 0.0067 16 185 53 264
chair 0.0052 216 126 310 269
chair 0.0036 16 181 54 338
chair 0.0030 145 237 194 291
chair 0.0019 278 131 309 271
chair 0.0014 151 193 189 260
sofa 0.6729 38 225 205 371
sofa 0.6567 346 218 499 371
sofa 0.0079 239 273 347 370
sofa 0.0027 246 350 335 373
pottedplant 0.1664 426 20 464 95
pottedplant 0.0217 158 196 188 258
pottedplant 0.0183 192 87 224 126
pottedplant 0.0143 220 84 239 128
pottedplant 0.0076 221 6 274 131
pottedplant 0.0058 154 216 176 257
pottedplant 0.0052 239 86 262 127
pottedplant 0.0040 260 94 272 122
pottedplant 0.0034 231 87 243 127
diningtable 0.0070 191 250 307 300
diningtable 0.0047 239 274 345 370
diningtable 0.0044 190 251 306 354
diningtable 0.0017 246 350 335 373
diningtable 0.0011 195 248 309 274
