person 0.8742 268 125 353 275
person 0.8403 122 108 199 271
person 0.8205 390 105 428 228
person 0.7605 452 115 497 222
person 0.7564 60 99 91 147
person 0.7422 10 124 58 221
person 0.7341 365 108 394 151
person 0.7136 28 94 63 146
person 0.7045 3 94 30 147
person 0.6635 423 114 450 228
person 0.6571 338 110 365 152
person 0.6530 224 124 275 202
person 0.5824 362 108 395 210
person 0.3692 86 107 101 123
person 0.3156 95 128 126 173
person 0.2959 52 134 102 190
person 0.2458 81 106 102 145
person 0.2381 488 115 499 136
person 0.2338 30 95 60 122
person 0.2288 482 104 499 212
person 0.2040 0 111 10 149
person 0.1998 342 110 365 133
person 0.1692 93 128 129 221
person 0.1566 96 129 116 150
person 0.1517 0 95 16 147
person 0.1310 82 132 96 146
person 0.1240 335 111 370 211
person 0.1159 164 115 193 148
person 0.1070 16 125 57 150
person 0.0947 0 107 10 182
person 0.0941 459 115 497 155
person 0.0781 264 128 288 196
person 0.0669 77 134 100 174
person 0.0569 425 115 447 154
person 0.0528 179 133 192 148
person 0.0485 392 106 426 151
person 0.0482 53 130 128 230
person 0.0427 416 111 426 137
person 0.0368 248 128 285 249
person 0.0355 411 104 433 231
person 0.0336 62 98 88 124
person 0.0326 360 119 379 201
person 0.0322 484 119 499 166
person 0.0282 72 101 89 121
person 0.0258 163 116 200 189
person 0.0248 90 112 103 144
person 0.0245 464 116 493 140
person 0.0227 0 133 12 245
person 0.0207 165 120 200 257
person 0.0191 5 95 29 122
person 0.0179 178 133 196 157
person 0.0177 37 127 57 149
person 0.0168 405 107 426 139
person 0.0167 415 125 427 152
person 0.0163 483 119 494 134
person 0.0149 265 137 287 169
person 0.0140 360 149 388 211
person 0.0137 265 158 284 194
person 0.0135 116 130 130 162
person 0.0132 185 134 197 148
person 0.0124 447 118 475 222
person 0.0108 115 130 127 148
person 0.0107 13 127 31 147
person 0.0104 436 119 460 227
person 0.0103 122 108 192 192
person 0.0098 146 114 191 168
person 0.0096 361 137 375 152
person 0.0079 174 138 190 162
person 0.0076 201 134 213 149
person 0.0072 0 97 8 118
person 0.0069 10 110 31 147
person 0.0067 0 149 11 200
person 0.0067 264 128 299 261
person 0.0065 458 127 476 154
person 0.0064 12 126 56 173
person 0.0063 264 122 337 196
person 0.0063 42 132 65 173
person 0.0062 414 123 429 174
person 0.0058 420 116 436 210
person 0.0058 119 122 160 196
person 0.0050 170 115 187 125
person 0.0045 195 134 216 173
person 0.0043 361 138 376 170
person 0.0037 185 132 208 182
person 0.0034 418 178 435 226
person 0.0031 46 98 61 120
person 0.0031 263 125 284 156
person 0.0030 232 139 270 189
person 0.0029 265 125 275 139
person 0.0027 7 94 25 111
person 0.0026 221 136 289 257
person 0.0026 122 138 152 180
person 0.0025 110 124 135 149
person 0.0024 419 117 438 136
person 0.0023 262 158 284 219
person 0.0023 36 95 57 110
person 0.0023 47 106 65 143
person 0.0021 414 108 423 130
person 0.0021 182 133 205 163
person 0.0020 43 133 57 148
bicycle 0.9275 263 195 361 306
bicycle 0.9256 103 175 216 285
bicycle 0.8153 225 178 289 272
bicycle 0.7834 40 155 110 248
bicycle 0.1090 186 200 217 235
bicycle 0.0755 187 181 218 227
bicycle 0.0256 104 178 147 257
bicycle 0.0242 359 164 386 210
bicycle 0.0201 88 128 129 232
bicycle 0.0111 226 179 268 204
bicycle 0.0108 274 198 305 269
bicycle 0.0105 264 158 284 196
bicycle 0.0102 34 158 189 249
bicycle 0.0076 338 144 382 211
bicycle 0.0065 265 198 290 232
bicycle 0.0064 0 168 12 244
bicycle 0.0058 0 168 62 241
bicycle 0.0050 41 175 88 233
bicycle 0.0050 258 160 277 192
bicycle 0.0044 185 180 246 246
bicycle 0.0042 97 147 129 181
bicycle 0.0041 115 144 130 167
bicycle 0.0039 335 217 358 250
bicycle 0.0036 418 178 436 224
bicycle 0.0036 262 187 273 208
bicycle 0.0035 224 188 239 203
bicycle 0.0034 271 214 296 257
bicycle 0.0034 81 156 112 238
bicycle 0.0030 226 155 274 232
bicycle 0.0027 0 149 10 198
bicycle 0.0026 386 178 435 227
bicycle 0.0026 115 126 137 149
bicycle 0.0026 114 152 129 172
bicycle 0.0022 286 188 355 250
bicycle 0.0019 259 197 296 263
bicycle 0.0017 255 183 274 217
bicycle 0.0017 107 178 150 200
bicycle 0.0016 243 180 271 212
bicycle 0.0015 361 184 385 209
bicycle 0.0015 341 167 371 210
bicycle 0.0015 41 187 71 237
bicycle 0.0015 264 195 316 229
bicycle 0.0014 373 178 394 210
bicycle 0.0014 263 190 277 228
bicycle 0.0013 254 182 278 238
bicycle 0.0012 109 149 147 201
bicycle 0.0012 198 191 246 224
bicycle 0.0012 474 256 498 283
bicycle 0.0011 360 169 382 195
bicycle 0.0011 0 131 10 179
bicycle 0.0010 153 200 215 256
bicycle 0.0010 286 219 305 262
bicycle 0.0010 332 123 364 207
car 0.0717 170 116 186 125
car 0.0419 165 115 190 145
car 0.0296 201 134 213 149
car 0.0216 162 115 212 152
car 0.0139 189 132 213 149
car 0.0101 172 130 214 158
car 0.0100 186 133 201 149
car 0.0066 173 117 195 132
car 0.0062 180 129 216 183
car 0.0057 105 127 129 147
car 0.0055 101 127 213 169
car 0.0051 115 126 137 149
car 0.0050 267 136 286 161
car 0.0048 191 131 214 170
car 0.0030 0 107 9 136
car 0.0029 163 122 201 187
car 0.0027 119 126 142 161
car 0.0024 0 168 62 241
car 0.0024 264 127 288 196
car 0.0020 115 130 127 148
car 0.0019 95 129 128 175
car 0.0014 182 133 205 163
car 0.0014 189 135 229 191
car 0.0013 265 127 286 145
car 0.0011 198 149 227 173
car 0.0011 97 129 118 148
car 0.0011 116 130 130 162
car 0.0010 229 124 286 194
car 0.0010 176 125 211 148
motorbike 0.0015 41 154 110 247
motorbike 0.0013 200 133 214 149
motorbike 0.0013 103 176 215 285
motorbike 0.0011 267 136 286 161
bus 0.0011 13 81 150 133
dog 0.0053 224 186 239 203
bottle 0.0012 224 186 239 203
chair 0.0210 1 170 46 235
chair 0.0197 0 169 12 243
chair 0.0148 0 149 11 200
chair 0.0082 0 173 10 200
chair 0.0067 359 169 385 209
chair 0.0062 195 140 227 180
chair 0.0049 195 134 216 173
chair 0.0028 200 133 214 149
chair 0.0024 2 176 39 199
chair 0.0023 6 191 42 231
chair 0.0021 103 176 215 285
chair 0.0017 200 154 227 176
chair 0.0017 0 107 9 136
chair 0.0016 95 142 129 181
chair 0.0015 54 157 90 184
chair 0.0015 0 116 10 147
chair 0.0013 182 139 226 196
chair 0.0012 341 167 371 210
chair 0.0011 1 156 32 199
chair 0.0010 34 158 189 249
chair 0.0010 386 178 435 227
