person 0.9032 304 107 470 325
person 0.8946 0 59 95 247
person 0.8776 218 82 356 261
person 0.5477 467 154 499 375
person 0.0032 0 247 16 270
person 0.0022 415 3 428 17
person 0.0019 464 8 484 23
person 0.0019 -1 197 497 372
person 0.0014 460 38 499 165
person 0.0014 2 201 262 338
person 0.0013 460 32 474 43
person 0.0012 0 149 108 325
person 0.0010 166 205 186 221
person 0.0010 311 131 328 153
bicycle 0.0076 453 111 499 180
bottle 0.8734 434 85 459 155
bottle 0.5977 395 79 415 134
bottle 0.1697 98 293 112 336
bottle 0.0805 456 103 470 135
bottle 0.0478 478 147 499 182
bottle 0.0161 467 115 499 185
bottle 0.0096 383 87 415 144
bottle 0.0070 478 83 492 120
bottle 0.0063 481 116 499 176
bottle 0.0057 378 98 392 116
bottle 0.0040 166 205 186 221
bottle 0.0027 401 79 414 104
bottle 0.0026 380 98 400 124
bottle 0.0022 397 134 414 151
bottle 0.0020 478 59 495 121
bottle 0.0018 232 264 278 367
bottle 0.0016 306 244 356 279
bottle 0.0015 445 89 459 117
bottle 0.0013 353 84 372 108
bottle 0.0013 218 239 240 305
bottle 0.0011 456 113 497 145
bottle 0.0010 467 144 489 179
chair 0.2336 456 251 476 281
chair 0.1208 466 153 499 378
chair 0.0283 440 277 469 327
chair 0.0209 451 250 470 329
chair 0.0198 316 128 331 150
chair 0.0191 454 228 479 340
chair 0.0125 454 111 499 175
chair 0.0098 442 230 475 263
chair 0.0097 0 222 36 246
chair 0.0094 301 128 325 154
chair 0.0090 311 131 328 153
chair 0.0079 448 313 472 334
chair 0.0075 0 221 38 272
chair 0.0073 429 214 438 228
chair 0.0052 428 206 476 275
chair 0.0049 399 273 469 328
chair 0.0049 464 251 477 339
chair 0.0046 428 214 443 235
chair 0.0043 414 185 480 287
chair 0.0035 442 234 463 257
chair 0.0035 460 253 473 323
chair 0.0033 458 113 499 143
chair 0.0031 45 194 67 211
chair 0.0030 457 274 469 325
chair 0.0025 464 184 496 309
chair 0.0025 127 200 183 220
chair 0.0022 0 213 80 247
chair 0.0022 380 97 399 124
chair 0.0019 468 221 477 254
chair 0.0019 424 207 434 221
chair 0.0017 456 102 470 139
chair 0.0016 88 185 148 217
chair 0.0015 436 224 451 244
chair 0.0015 392 305 473 371
chair 0.0014 439 232 456 250
chair 0.0014 383 87 415 144
chair 0.0013 41 194 86 239
chair 0.0012 329 158 492 317
chair 0.0012 482 120 498 140
chair 0.0011 308 141 325 156
chair 0.0011 413 127 436 153
chair 0.0011 394 132 415 151
chair 0.0010 420 202 431 217
chair 0.0010 473 116 498 141
sofa 0.0040 466 155 499 379
pottedplant 0.0042 453 111 499 180
pottedplant 0.0012 474 119 499 183
diningtable 0.7923 -9 199 485 369
diningtable 0.0327 377 118 496 183
diningtable 0.0185 231 273 481 371
diningtable 0.0127 314 110 496 229
diningtable 0.0108 391 141 492 201
diningtable 0.0080 -1 223 187 370
diningtable 0.0069 157 204 266 251
diningtable 0.0044 390 143 491 264
diningtable 0.0035 386 305 474 373
diningtable 0.0016 156 340 322 373
diningtable 0.0015 3 297 166 372
diningtable 0.0014 4 186 261 319
diningtable 0.0014 303 105 478 178
diningtable 0.0012 126 200 180 220
diningtable 0.0011 395 126 435 156
diningtable 0.0011 459 338 498 374
diningtable 0.0010 458 113 499 143
diningtable 0.0010 123 199 202 236
diningtable 0.0010 150 308 302 372
tvmonitor 0.0019 54 209 173 300
