person 0.9161 288 137 355 318
person 0.9103 206 112 282 219
person 0.8534 338 150 387 310
person 0.1166 457 270 479 308
person 0.1091 398 146 412 162
person 0.0953 150 111 162 126
person 0.0770 412 286 429 316
person 0.0677 397 163 411 180
person 0.0598 85 171 98 205
person 0.0420 399 127 413 145
person 0.0402 90 177 148 276
person 0.0392 411 122 427 145
person 0.0355 379 165 393 179
person 0.0326 362 146 372 179
person 0.0326 416 146 428 160
person 0.0324 101 183 220 297
person 0.0310 133 109 146 144
person 0.0299 490 281 499 306
person 0.0273 170 111 182 127
person 0.0272 143 112 161 153
person 0.0227 186 211 202 230
person 0.0163 386 147 395 162
person 0.0152 364 157 373 179
person 0.0148 378 145 386 162
person 0.0143 384 112 393 137
person 0.0134 134 108 145 129
person 0.0133 393 110 404 125
person 0.0132 392 144 404 161
person 0.0127 153 88 167 107
person 0.0121 374 164 383 179
person 0.0117 388 147 400 175
person 0.0114 412 128 428 154
person 0.0111 116 123 133 162
person 0.0107 93 177 144 214
person 0.0105 378 164 390 189
person 0.0098 212 128 223 150
person 0.0097 392 162 413 199
person 0.0096 411 163 420 180
person 0.0087 174 131 185 144
person 0.0087 136 107 155 155
person 0.0087 393 163 404 178
person 0.0081 420 168 432 179
person 0.0080 372 146 381 163
person 0.0078 152 124 168 151
person 0.0075 386 111 398 130
person 0.0069 384 148 392 163
person 0.0064 420 165 438 179
person 0.0060 367 145 378 174
person 0.0059 395 126 408 145
person 0.0058 91 172 105 195
person 0.0053 345 110 353 124
person 0.0050 460 271 473 288
person 0.0047 318 114 328 134
person 0.0047 372 156 381 177
person 0.0044 478 264 494 308
person 0.0042 429 127 439 156
person 0.0042 410 102 420 122
person 0.0041 388 145 400 161
person 0.0041 295 133 313 156
person 0.0039 114 179 142 212
person 0.0038 374 124 384 141
person 0.0035 417 149 430 175
person 0.0034 297 147 305 167
person 0.0034 392 180 411 198
person 0.0033 92 177 120 210
person 0.0033 280 109 289 130
person 0.0031 160 147 180 169
person 0.0030 363 128 372 145
person 0.0030 136 132 145 154
person 0.0030 416 122 431 147
person 0.0030 324 117 335 137
person 0.0029 151 99 163 123
person 0.0029 426 159 439 179
person 0.0029 320 116 331 138
person 0.0028 249 87 266 107
person 0.0027 379 178 391 196
person 0.0027 399 285 411 314
person 0.0026 421 101 430 118
person 0.0026 295 136 310 167
person 0.0025 150 127 162 155
person 0.0025 263 134 297 191
person 0.0025 295 151 304 168
person 0.0025 407 120 418 132
person 0.0023 160 132 184 150
person 0.0023 69 177 84 204
person 0.0022 157 208 203 240
person 0.0021 421 122 430 141
person 0.0021 185 127 195 143
person 0.0021 171 90 185 106
person 0.0020 316 126 326 141
person 0.0020 178 68 190 85
person 0.0019 168 96 184 125
person 0.0019 325 132 335 165
person 0.0018 410 115 425 134
person 0.0018 393 287 407 313
person 0.0018 253 115 265 144
person 0.0018 125 94 138 121
person 0.0017 131 106 144 124
person 0.0017 319 102 328 116
person 0.0016 42 196 61 251
bicycle 0.4785 433 197 488 259
bicycle 0.2962 481 200 499 255
bicycle 0.2129 455 198 496 256
bicycle 0.1529 12 196 61 302
bicycle 0.0628 442 215 480 258
bicycle 0.0511 460 224 488 257
bicycle 0.0327 433 195 460 258
bicycle 0.0211 444 196 496 226
bicycle 0.0191 0 209 15 256
bicycle 0.0176 484 229 499 255
bicycle 0.0168 438 223 500 317
bicycle 0.0145 465 200 498 228
bicycle 0.0094 0 214 9 254
bicycle 0.0087 465 229 499 258
bicycle 0.0085 24 194 61 252
bicycle 0.0077 1 197 42 271
bicycle 0.0071 454 231 480 257
bicycle 0.0070 57 210 84 245
bicycle 0.0063 438 219 459 259
bicycle 0.0058 12 212 29 245
bicycle 0.0050 434 195 472 226
bicycle 0.0043 10 199 41 247
bicycle 0.0034 447 258 498 311
bicycle 0.0031 45 198 77 250
bicycle 0.0022 383 278 404 315
bicycle 0.0021 434 207 448 257
bicycle 0.0020 187 211 202 231
bicycle 0.0019 183 199 206 230
bicycle 0.0018 160 193 203 233
bicycle 0.0017 14 243 49 298
bicycle 0.0016 391 284 405 314
bicycle 0.0016 482 198 499 219
bicycle 0.0016 42 196 61 251
bicycle 0.0012 171 212 196 233
bicycle 0.0011 38 184 269 329
bicycle 0.0010 28 194 61 213
bicycle 0.0010 62 207 83 229
car 0.2441 26 189 52 205
car 0.0139 17 192 60 248
car 0.0054 11 209 33 245
car 0.0048 125 166 161 190
car 0.0044 28 194 61 213
car 0.0036 44 185 90 238
car 0.0032 111 -6 453 25
car 0.0029 106 0 451 70
car 0.0027 57 199 84 232
car 0.0021 119 168 162 205
car 0.0020 126 176 146 192
car 0.0019 26 195 61 229
car 0.0016 126 167 151 182
car 0.0013 19 194 52 220
car 0.0012 44 196 62 209
car 0.0012 93 169 161 212
car 0.0011 62 171 92 216
motorbike 0.8741 27 180 290 329
motorbike 0.7114 12 195 61 300
motorbike 0.0759 15 190 131 301
motorbike 0.0473 24 194 61 252
motorbike 0.0291 10 199 41 247
motorbike 0.0163 1 197 42 271
motorbike 0.0099 25 197 48 244
motorbike 0.0069 91 177 154 289
motorbike 0.0067 11 210 31 245
motorbike 0.0049 447 197 498 256
motorbike 0.0039 482 198 499 249
motorbike 0.0027 57 210 84 245
motorbike 0.0026 0 209 15 256
motorbike 0.0023 42 195 62 250
motorbike 0.0020 53 193 92 243
motorbike 0.0017 129 187 303 313
motorbike 0.0014 45 198 77 250
motorbike 0.0012 94 180 216 302
motorbike 0.0011 62 207 83 229
motorbike 0.0010 251 229 303 313
bus 0.0039 24 -3 486 329
bus 0.0024 111 -6 453 25
bus 0.0023 109 0 458 74
bird 0.0010 209 87 223 104
dog 0.0013 411 285 428 316
horse 0.0055 91 177 154 289
horse 0.0015 92 180 228 299
bottle 0.0081 413 286 428 316
bottle 0.0050 85 171 100 202
bottle 0.0043 345 110 353 124
bottle 0.0034 414 230 438 253
bottle 0.0027 374 125 384 143
bottle 0.0026 385 117 394 145
bottle 0.0023 362 146 371 177
bottle 0.0023 363 128 373 146
bottle 0.0020 393 91 402 109
bottle 0.0018 356 113 367 128
bottle 0.0017 280 109 289 132
bottle 0.0016 318 114 328 134
bottle 0.0015 420 169 431 180
bottle 0.0015 386 147 395 162
bottle 0.0014 327 117 336 138
bottle 0.0013 411 102 420 119
bottle 0.0013 374 108 383 120
bottle 0.0012 95 8 451 77
bottle 0.0011 273 109 281 126
bottle 0.0011 380 147 388 163
bottle 0.0011 170 212 186 233
bottle 0.0011 419 225 436 238
bottle 0.0011 320 116 331 138
bottle 0.0011 398 91 407 109
bottle 0.0010 375 104 384 112
bottle 0.0010 384 113 393 128
chair 0.0026 371 274 389 314
chair 0.0011 387 279 405 314
sofa 0.0015 31 2 477 326
pottedplant 0.0151 41 0 119 50
pottedplant 0.0032 88 29 117 50
pottedplant 0.0015 83 124 104 175
pottedplant 0.0010 459 261 483 288
tvmonitor 0.0022 24 -3 486 329
