person 0.9121 218 83 310 371
person 0.9072 278 75 375 370
person 0.8984 134 98 235 367
person 0.0087 214 181 230 229
person 0.0063 211 169 234 313
person 0.0038 262 252 303 367
person 0.0032 213 177 232 260
person 0.0026 219 234 258 371
person 0.0024 277 84 290 109
person 0.0024 135 47 171 104
person 0.0023 328 116 337 126
person 0.0010 283 102 299 140
bottle 0.6452 465 210 480 235
bottle 0.3771 480 201 494 231
bottle 0.1440 460 207 473 232
bottle 0.1117 459 204 471 222
bottle 0.0410 486 196 498 231
bottle 0.0240 481 210 492 234
bottle 0.0201 491 208 500 232
bottle 0.0111 470 190 479 229
bottle 0.0073 373 207 381 217
bottle 0.0061 214 182 230 224
bottle 0.0060 447 187 471 210
bottle 0.0042 205 182 214 200
bottle 0.0028 273 275 281 284
bottle 0.0026 426 195 437 209
bottle 0.0021 399 218 409 228
bottle 0.0019 219 179 229 195
bottle 0.0016 426 196 445 216
bottle 0.0013 469 212 494 235
bottle 0.0012 380 201 402 217
bottle 0.0011 274 274 296 287
bottle 0.0010 370 182 390 216
bottle 0.0010 203 180 213 194
bottle 0.0010 221 183 231 205
bottle 0.0010 136 47 155 78
chair 0.0030 214 194 230 224
chair 0.0022 397 100 413 112
chair 0.0014 213 182 231 245
chair 0.0012 211 169 234 313
sofa 0.0016 213 182 231 245
pottedplant 0.5905 444 102 480 211
pottedplant 0.4082 370 182 390 217
pottedplant 0.0052 459 204 471 222
pottedplant 0.0028 341 114 394 237
pottedplant 0.0023 327 115 338 126
pottedplant 0.0021 455 148 477 206
pottedplant 0.0021 358 176 391 219
pottedplant 0.0020 448 102 477 136
pottedplant 0.0016 461 206 475 227
pottedplant 0.0011 480 197 495 232
pottedplant 0.0010 447 187 470 211
tvmonitor 0.0022 0 -1 100 111
