person 0.9493 170 273 320 498
person 0.0117 154 299 164 322
person 0.0060 117 320 131 350
person 0.0048 162 302 176 322
person 0.0043 174 302 186 324
person 0.0040 142 305 155 323
person 0.0038 134 305 147 322
person 0.0035 298 179 325 338
person 0.0033 290 342 321 494
person 0.0021 127 309 143 340
person 0.0021 121 308 138 345
person 0.0014 127 309 138 332
person 0.0011 132 306 143 326
person 0.0010 200 304 218 333
person 0.0010 113 322 129 365
bicycle 0.0015 117 320 145 352
bicycle 0.0010 145 305 159 323
car 0.0078 184 300 211 323
car 0.0015 -2 155 50 342
car 0.0010 31 308 46 327
motorbike 0.0027 117 320 145 352
motorbike 0.0011 117 320 130 349
train 0.0962 28 43 300 436
train 0.0135 96 101 285 362
train 0.0130 119 178 258 352
train 0.0086 132 248 209 326
train 0.0019 132 264 164 321
bottle 0.0159 194 414 208 451
chair 0.0082 299 349 317 383
chair 0.0048 295 348 321 483
chair 0.0033 298 349 320 417
chair 0.0032 185 300 211 325
chair 0.0026 20 30 325 404
chair 0.0011 197 305 210 329
chair 0.0010 161 303 181 325
chair 0.0010 145 305 159 323
pottedplant 0.0248 295 150 324 234
pottedplant 0.0122 -3 121 51 393
pottedplant 0.0095 296 140 324 312
pottedplant 0.0082 0 251 48 383
pottedplant 0.0074 132 325 144 339
pottedplant 0.0060 128 328 146 349
pottedplant 0.0048 291 174 324 493
pottedplant 0.0044 117 320 130 350
pottedplant 0.0039 126 311 144 340
pottedplant 0.0036 307 304 324 366
pottedplant 0.0029 298 349 323 458
pottedplant 0.0028 -1 208 48 338
pottedplant 0.0026 301 203 325 382
pottedplant 0.0019 0 314 27 353
pottedplant 0.0019 307 152 324 177
pottedplant 0.0018 298 348 322 395
pottedplant 0.0015 0 0 64 39
pottedplant 0.0014 312 333 324 365
pottedplant 0.0014 185 321 212 346
pottedplant 0.0013 104 326 127 369
pottedplant 0.0013 0 0 127 42
pottedplant 0.0013 18 327 46 373
pottedplant 0.0012 26 195 50 299
pottedplant 0.0011 194 309 211 331
pottedplant 0.0011 185 321 202 331
pottedplant 0.0010 162 302 177 323
pottedplant 0.0010 198 327 213 342
