person 0.8785 237 27 335 263
person 0.4570 419 84 467 183
person 0.4281 132 104 193 210
person 0.3069 135 102 192 158
person 0.2461 405 85 468 270
person 0.0712 181 157 217 189
person 0.0519 251 265 289 301
person 0.0420 263 266 288 292
person 0.0330 35 195 47 206
person 0.0297 285 267 299 285
person 0.0257 35 192 58 206
person 0.0165 63 191 108 248
person 0.0138 211 160 226 178
person 0.0132 178 136 207 187
person 0.0121 280 267 290 286
person 0.0116 187 142 200 154
person 0.0110 261 266 279 285
person 0.0094 269 266 297 297
person 0.0090 47 193 59 206
person 0.0078 173 159 222 203
person 0.0076 275 267 289 293
person 0.0065 252 265 268 286
person 0.0063 185 134 201 154
person 0.0060 446 167 477 212
person 0.0058 289 267 310 285
person 0.0053 48 191 73 263
person 0.0051 64 192 103 221
person 0.0051 203 161 222 181
person 0.0040 133 107 160 160
person 0.0037 302 268 311 284
person 0.0035 136 127 157 154
person 0.0034 279 269 300 290
person 0.0034 82 196 104 225
person 0.0032 172 134 195 181
person 0.0031 65 193 86 219
person 0.0031 39 231 76 290
person 0.0030 61 193 87 250
person 0.0030 391 156 426 183
person 0.0028 413 158 426 182
person 0.0026 186 142 203 172
person 0.0026 46 192 71 216
person 0.0026 37 192 98 300
person 0.0025 248 281 280 301
person 0.0023 65 193 115 313
person 0.0021 120 140 183 325
person 0.0020 441 134 475 211
person 0.0019 39 234 62 277
person 0.0018 226 159 254 190
person 0.0016 237 25 331 138
person 0.0015 171 164 195 204
person 0.0015 137 255 176 325
person 0.0015 400 170 414 183
person 0.0014 461 169 499 318
person 0.0014 249 264 318 309
person 0.0014 129 126 171 190
person 0.0014 118 224 148 295
person 0.0014 169 164 191 187
person 0.0014 289 270 314 301
person 0.0013 255 132 317 256
person 0.0011 110 231 139 293
person 0.0010 192 152 227 179
person 0.0010 81 195 112 245
person 0.0010 158 102 192 141
person 0.0010 237 160 252 179
person 0.0010 146 128 157 150
person 0.0010 465 160 477 172
person 0.0010 274 266 332 321
person 0.0010 78 228 110 298
bicycle 0.0026 447 171 477 214
car 0.0086 0 198 64 281
car 0.0070 181 115 251 154
car 0.0029 35 195 47 206
car 0.0025 144 111 255 160
car 0.0014 35 193 56 206
motorbike 0.0010 447 171 477 214
aeroplane 0.0026 0 190 75 264
bus 0.0084 60 113 148 262
bus 0.0065 59 110 233 273
bus 0.0031 64 109 247 169
bus 0.0026 0 183 63 258
boat 0.0018 0 185 71 260
horse 0.9427 162 108 394 372
horse 0.5364 124 152 182 255
horse 0.3936 53 192 114 309
horse 0.3907 374 159 499 329
horse 0.2734 387 157 452 255
horse 0.1626 116 140 183 324
horse 0.0960 176 158 225 198
horse 0.0719 439 169 498 306
horse 0.0501 367 152 441 328
horse 0.0501 80 193 137 307
horse 0.0355 38 234 66 284
horse 0.0302 75 195 109 249
horse 0.0267 72 220 115 307
horse 0.0247 49 190 108 245
horse 0.0233 38 231 80 310
horse 0.0187 185 159 219 188
horse 0.0175 107 233 141 307
horse 0.0169 387 156 426 221
horse 0.0144 58 108 189 325
horse 0.0139 387 157 424 185
horse 0.0130 443 173 477 218
horse 0.0126 270 123 397 362
horse 0.0120 62 193 91 249
horse 0.0115 0 195 64 280
horse 0.0104 35 192 50 206
horse 0.0082 8 191 47 206
horse 0.0081 209 160 227 180
horse 0.0073 388 116 470 228
horse 0.0073 253 265 289 299
horse 0.0069 201 160 224 182
horse 0.0065 39 191 92 275
horse 0.0065 82 195 102 220
horse 0.0054 43 193 58 206
horse 0.0049 64 192 103 221
horse 0.0048 134 105 193 202
horse 0.0039 362 138 399 321
horse 0.0034 170 165 191 193
horse 0.0030 35 183 59 206
horse 0.0027 249 264 318 309
horse 0.0026 411 164 456 225
horse 0.0025 441 171 485 250
horse 0.0025 470 171 498 327
horse 0.0024 14 193 33 206
horse 0.0021 118 224 148 295
horse 0.0021 40 236 60 257
horse 0.0020 399 192 435 252
horse 0.0018 163 152 294 363
horse 0.0016 40 232 74 253
horse 0.0015 286 269 298 285
horse 0.0014 99 229 132 287
horse 0.0013 47 192 82 219
horse 0.0013 65 194 84 219
horse 0.0012 111 238 133 286
horse 0.0012 47 190 81 257
horse 0.0011 192 159 252 197
horse 0.0010 269 266 297 297
horse 0.0010 123 233 176 324
horse 0.0010 0 193 105 323
sheep 0.0074 39 234 62 277
sheep 0.0057 35 193 49 206
sheep 0.0053 0 201 61 258
sheep 0.0018 43 193 58 206
sheep 0.0015 13 191 46 206
sheep 0.0014 40 236 60 257
sheep 0.0012 14 193 33 206
sheep 0.0011 35 183 59 206
sheep 0.0010 439 169 498 306
cow 0.0236 39 234 62 277
cow 0.0134 35 192 58 206
cow 0.0124 38 231 80 310
cow 0.0104 38 192 113 316
cow 0.0094 57 192 110 248
cow 0.0089 71 207 112 300
cow 0.0085 0 195 64 280
cow 0.0047 0 185 49 206
cow 0.0047 40 236 60 257
cow 0.0046 35 194 48 205
cow 0.0041 440 170 498 299
cow 0.0028 39 191 92 275
cow 0.0025 0 273 107 326
cow 0.0023 13 191 46 206
cow 0.0016 107 233 141 307
cow 0.0014 119 143 184 323
cow 0.0013 63 197 88 247
cow 0.0013 444 170 478 217
cow 0.0011 397 162 498 328
cow 0.0011 45 194 58 208
cow 0.0011 40 232 74 253
cow 0.0011 14 193 33 206
chair 0.0026 446 171 477 216
chair 0.0016 289 267 310 285
chair 0.0012 60 113 146 264
chair 0.0012 248 281 280 301
chair 0.0010 285 267 299 285
