person 0.9100 111 75 358 302
person 0.0031 85 39 303 492
person 0.0028 433 148 482 272
person 0.0021 52 92 470 491
person 0.0020 374 237 409 303
car 0.0014 9 2 177 53
car 0.0013 119 6 153 35
bird 0.0011 379 95 478 180
bottle 0.7274 374 235 409 303
bottle 0.4004 358 266 375 300
bottle 0.1008 372 235 389 293
bottle 0.0478 336 270 358 300
bottle 0.0364 372 230 390 268
bottle 0.0235 435 220 466 275
bottle 0.0155 115 211 141 266
bottle 0.0128 377 271 397 302
bottle 0.0103 373 232 399 278
bottle 0.0097 433 224 447 270
bottle 0.0096 433 207 477 333
bottle 0.0090 167 226 247 320
bottle 0.0089 396 266 409 301
bottle 0.0070 439 246 462 274
bottle 0.0063 395 244 411 300
bottle 0.0063 376 253 391 298
bottle 0.0060 398 280 409 301
bottle 0.0053 373 246 383 292
bottle 0.0043 244 230 260 302
bottle 0.0030 437 149 481 201
bottle 0.0022 129 189 149 241
bottle 0.0022 436 200 479 272
bottle 0.0021 203 232 224 264
bottle 0.0020 367 262 378 295
bottle 0.0018 221 226 245 303
bottle 0.0018 196 227 227 312
bottle 0.0015 375 235 406 256
bottle 0.0014 437 293 476 334
bottle 0.0013 166 227 201 316
bottle 0.0011 375 228 390 247
bottle 0.0010 359 263 374 276
bottle 0.0010 119 186 149 266
chair 0.2825 21 169 98 495
chair 0.1778 58 346 96 494
chair 0.1532 50 307 296 496
chair 0.1436 289 201 375 302
chair 0.0998 69 421 360 496
chair 0.0654 53 241 97 486
chair 0.0213 232 394 359 496
chair 0.0137 432 145 481 272
chair 0.0100 433 204 480 332
chair 0.0090 -2 0 94 486
chair 0.0083 385 107 484 493
chair 0.0056 68 431 94 489
chair 0.0056 368 95 483 285
chair 0.0046 436 200 479 272
chair 0.0040 117 113 370 297
chair 0.0037 291 151 372 279
chair 0.0031 435 280 481 336
chair 0.0024 128 232 167 265
chair 0.0023 65 391 96 475
chair 0.0017 -4 7 246 499
chair 0.0016 27 214 247 479
chair 0.0015 262 397 424 497
chair 0.0014 295 76 484 438
chair 0.0010 406 128 487 367
chair 0.0010 119 195 242 257
chair 0.0010 293 218 375 254
sofa 0.0052 73 440 356 497
sofa 0.0013 117 113 370 297
pottedplant 0.0488 433 148 481 201
pottedplant 0.0155 431 145 481 268
pottedplant 0.0037 372 99 481 259
pottedplant 0.0033 372 141 480 215
pottedplant 0.0015 438 220 466 272
pottedplant 0.0013 436 201 480 272
diningtable 0.4727 91 286 469 495
diningtable 0.1143 68 431 361 496
diningtable 0.0060 95 98 488 494
diningtable 0.0018 287 97 484 494
diningtable 0.0017 252 310 412 354
diningtable 0.0014 379 110 483 485
diningtable 0.0012 313 344 483 387
diningtable 0.0011 435 199 480 258
diningtable 0.0010 433 151 481 273
diningtable 0.0010 242 336 482 491
diningtable 0.0010 434 199 480 217
tvmonitor 0.0016 290 148 374 300
