person 0.2753 173 122 205 155
person 0.0066 173 125 189 152
person 0.0027 387 235 498 279
person 0.0019 172 122 184 146
person 0.0015 144 131 153 155
bicycle 0.0011 213 126 243 152
car 0.0052 270 115 305 143
car 0.0046 272 115 304 125
car 0.0037 138 114 162 124
car 0.0021 235 81 243 89
car 0.0020 213 95 244 104
car 0.0015 211 87 242 104
car 0.0011 212 97 243 118
bird 0.0030 173 122 205 155
cat 0.0117 173 123 205 155
cat 0.0034 190 220 203 237
cat 0.0010 190 228 208 238
dog 0.0042 173 122 205 155
dog 0.0013 190 220 203 237
dog 0.0013 388 233 500 277
bottle 0.0364 442 210 453 241
bottle 0.0352 432 213 444 239
bottle 0.0198 0 212 14 261
bottle 0.0198 446 220 457 242
bottle 0.0164 438 214 448 240
bottle 0.0107 188 216 198 234
bottle 0.0050 144 130 153 155
bottle 0.0016 430 211 451 239
chair 0.9155 326 162 445 272
chair 0.6081 389 232 499 278
chair 0.0612 398 216 487 269
chair 0.0328 173 133 204 155
chair 0.0154 213 128 244 153
chair 0.0103 455 213 499 247
chair 0.0089 223 135 244 152
chair 0.0058 263 164 321 234
chair 0.0051 93 152 110 184
chair 0.0040 336 209 388 268
chair 0.0040 68 154 86 186
chair 0.0031 173 141 194 155
chair 0.0031 173 125 189 152
chair 0.0028 476 211 498 245
chair 0.0027 274 115 304 143
chair 0.0024 213 136 234 151
chair 0.0020 384 171 501 278
chair 0.0017 119 154 309 252
chair 0.0017 213 133 226 149
chair 0.0017 0 210 16 263
chair 0.0014 67 151 109 187
chair 0.0013 318 125 357 177
chair 0.0013 137 114 152 124
chair 0.0010 336 172 369 188
chair 0.0010 292 123 304 142
sofa 0.9445 115 152 324 253
sofa 0.3830 386 228 500 278
sofa 0.1240 328 163 447 272
sofa 0.0049 213 126 243 152
sofa 0.0017 263 164 322 235
sofa 0.0010 382 223 500 359
sofa 0.0010 173 123 205 155
pottedplant 0.0180 93 152 111 185
pottedplant 0.0136 144 128 154 156
pottedplant 0.0126 92 122 108 139
pottedplant 0.0107 68 154 86 185
pottedplant 0.0090 213 126 243 151
pottedplant 0.0088 138 114 162 124
pottedplant 0.0081 144 124 163 155
pottedplant 0.0081 173 123 205 155
pottedplant 0.0071 265 112 304 143
pottedplant 0.0054 189 225 206 238
pottedplant 0.0053 68 149 111 186
pottedplant 0.0033 213 136 234 151
pottedplant 0.0021 213 136 225 149
pottedplant 0.0019 141 117 165 144
pottedplant 0.0018 188 216 198 234
pottedplant 0.0013 173 125 189 152
pottedplant 0.0011 189 216 204 238
diningtable 0.0801 191 212 315 275
diningtable 0.0058 213 126 243 152
diningtable 0.0044 386 227 499 278
diningtable 0.0034 68 150 111 185
diningtable 0.0014 161 204 445 278
diningtable 0.0012 336 210 389 269
