bird 0.0018 21 333 135 458
bird 0.0013 100 333 135 386
cat 0.0035 21 333 135 458
dog 0.0665 19 334 134 457
dog 0.0211 386 276 446 425
dog 0.0106 131 304 234 423
dog 0.0011 100 333 135 386
horse 0.0078 17 331 134 455
horse 0.0065 387 276 445 425
sheep 0.9161 132 304 234 420
sheep 0.9020 386 274 446 425
sheep 0.1070 17 333 135 458
sheep 0.0081 391 276 435 318
sheep 0.0013 100 333 135 386
sheep 0.0012 413 278 435 304
cow 0.7361 19 334 135 456
cow 0.0471 131 304 233 423
cow 0.0074 100 333 135 386
cow 0.0070 387 276 446 425
