person 0.0084 10 -6 476 374
person 0.0051 0 5 205 366
car 0.0043 0 -8 478 367
car 0.0021 -1 -7 461 123
cat 0.0382 24 21 452 371
cat 0.0033 199 57 429 290
cat 0.0027 132 -1 434 139
cat 0.0020 1 193 121 369
cat 0.0018 0 -1 221 364
dog 0.7727 25 33 450 369
dog 0.0488 203 64 429 285
dog 0.0036 218 7 478 378
dog 0.0020 0 6 228 367
cow 0.0124 -2 0 467 372
cow 0.0067 0 -3 230 369
chair 0.0162 211 -4 479 372
chair 0.0054 450 169 499 371
chair 0.0013 218 178 480 371
chair 0.0010 1 193 121 369
sofa 0.0344 -8 44 491 372
sofa 0.0126 210 157 480 372
sofa 0.0034 0 5 205 366
sofa 0.0017 0 190 114 371
sofa 0.0013 0 210 496 372
diningtable 0.0013 431 91 498 368
