person 0.8550 287 188 374 275
person 0.5523 417 205 490 285
person 0.1490 399 160 444 251
person 0.1131 380 239 429 284
person 0.1082 236 221 258 266
person 0.0905 359 200 378 254
person 0.0900 166 108 213 264
person 0.0734 358 197 417 280
person 0.0581 368 160 449 272
person 0.0538 415 204 443 280
person 0.0467 259 186 303 270
person 0.0302 360 197 398 254
person 0.0174 280 220 297 265
person 0.0161 466 222 499 298
person 0.0125 172 108 212 188
person 0.0117 144 143 178 262
person 0.0112 360 202 373 233
person 0.0112 354 208 374 275
person 0.0093 227 223 258 282
person 0.0091 418 208 442 248
person 0.0079 282 220 296 248
person 0.0075 286 221 310 285
person 0.0067 400 161 442 205
person 0.0058 238 187 280 273
person 0.0056 430 239 461 282
person 0.0045 399 162 423 219
person 0.0037 242 221 255 237
person 0.0037 286 220 341 285
person 0.0035 262 188 334 240
person 0.0031 84 109 216 260
person 0.0030 257 162 461 271
person 0.0026 158 109 267 274
person 0.0024 264 187 343 217
person 0.0024 263 188 298 206
person 0.0020 362 195 393 228
person 0.0019 410 186 441 216
person 0.0019 399 180 421 233
person 0.0018 422 213 465 277
person 0.0018 457 215 483 282
person 0.0016 458 213 484 230
person 0.0015 402 160 442 176
person 0.0015 236 148 301 254
person 0.0015 429 243 442 276
person 0.0015 239 194 265 245
person 0.0015 249 79 264 98
person 0.0014 472 259 499 291
person 0.0014 411 171 429 206
person 0.0013 114 146 485 360
person 0.0013 415 208 478 235
person 0.0012 270 219 302 280
person 0.0012 257 193 271 270
person 0.0012 415 221 431 272
person 0.0012 451 266 473 285
person 0.0011 289 227 306 264
person 0.0011 423 232 442 272
person 0.0010 143 159 180 206
person 0.0010 318 191 328 214
person 0.0010 407 252 430 284
car 0.0124 359 197 421 273
car 0.0043 360 162 448 262
car 0.0042 478 56 499 72
car 0.0034 361 202 401 228
car 0.0016 472 262 499 297
car 0.0014 455 59 499 91
car 0.0011 399 160 444 251
car 0.0011 467 223 499 298
car 0.0010 401 160 442 205
motorbike 0.0036 417 210 499 296
boat 0.0035 472 262 499 296
boat 0.0017 237 221 258 266
boat 0.0016 -20 276 496 373
boat 0.0015 468 227 499 280
bird 0.2797 172 108 212 193
bird 0.1717 280 219 297 263
bird 0.1634 145 150 175 180
bird 0.1455 236 222 258 267
bird 0.0237 289 227 306 264
bird 0.0216 286 221 310 285
bird 0.0180 161 150 173 169
bird 0.0172 282 220 296 245
bird 0.0153 261 186 302 270
bird 0.0099 227 223 258 282
bird 0.0097 242 219 286 277
bird 0.0078 472 262 499 297
bird 0.0074 467 223 499 298
bird 0.0071 257 221 274 278
bird 0.0068 270 219 302 280
bird 0.0061 143 135 214 264
bird 0.0059 143 151 176 227
bird 0.0055 286 220 341 285
bird 0.0049 227 251 236 263
bird 0.0037 417 206 497 287
bird 0.0033 242 221 255 237
bird 0.0018 268 225 281 264
bird 0.0018 299 233 309 263
bird 0.0016 95 155 176 191
bird 0.0015 225 253 236 272
bird 0.0014 199 120 212 182
bird 0.0014 452 266 469 283
bird 0.0011 227 231 246 265
bird 0.0011 400 160 442 209
bird 0.0010 171 125 183 179
cat 0.0132 173 106 212 186
cat 0.0059 236 222 258 266
cat 0.0047 280 220 296 265
cat 0.0035 145 150 175 180
cat 0.0032 400 160 442 209
cat 0.0014 227 223 258 282
dog 0.0770 172 107 212 189
dog 0.0208 235 222 258 268
dog 0.0169 172 105 213 267
dog 0.0119 416 204 492 286
dog 0.0101 280 220 296 265
dog 0.0058 224 237 255 284
dog 0.0047 227 251 236 263
dog 0.0043 143 138 184 262
dog 0.0037 419 218 466 284
dog 0.0034 146 147 175 180
dog 0.0024 380 239 430 285
dog 0.0023 464 220 499 298
dog 0.0014 400 160 442 209
dog 0.0013 161 150 173 169
dog 0.0010 286 221 310 285
horse 0.0051 416 204 492 286
horse 0.0018 168 108 216 268
horse 0.0013 78 125 450 299
horse 0.0013 173 106 212 186
horse 0.0011 203 157 468 276
horse 0.0010 464 220 499 298
sheep 0.0057 173 107 212 189
sheep 0.0048 418 203 499 288
sheep 0.0046 237 221 258 266
sheep 0.0030 168 106 213 263
sheep 0.0030 282 221 296 260
sheep 0.0023 472 262 499 298
sheep 0.0011 286 221 310 285
sheep 0.0011 286 220 341 285
sheep 0.0011 467 223 499 298
cow 0.0036 417 210 499 296
cow 0.0020 173 108 213 189
cow 0.0016 465 223 499 299
bottle 0.0929 237 221 258 266
bottle 0.0664 190 176 209 202
bottle 0.0101 242 221 255 237
bottle 0.0055 185 177 194 195
bottle 0.0028 452 266 469 283
bottle 0.0025 159 254 166 264
bottle 0.0021 257 193 271 270
bottle 0.0021 163 149 173 167
bottle 0.0020 451 266 462 280
bottle 0.0017 457 214 483 230
bottle 0.0017 226 253 235 264
bottle 0.0016 185 175 192 187
bottle 0.0013 418 205 442 241
chair 0.1749 380 240 411 282
chair 0.0112 382 273 408 284
chair 0.0072 417 205 499 292
chair 0.0061 419 218 466 284
chair 0.0055 467 223 499 298
chair 0.0047 472 262 499 297
chair 0.0036 392 245 429 284
chair 0.0034 463 342 498 374
chair 0.0031 407 252 430 284
chair 0.0029 287 191 374 277
chair 0.0028 359 197 421 273
chair 0.0027 348 220 370 254
chair 0.0026 414 205 442 280
chair 0.0022 281 281 495 372
chair 0.0020 359 203 405 234
chair 0.0018 431 298 499 374
chair 0.0018 236 148 301 254
chair 0.0017 354 208 374 275
chair 0.0016 238 148 305 187
chair 0.0015 455 249 499 374
chair 0.0013 359 200 395 257
chair 0.0013 398 178 434 242
chair 0.0012 418 207 442 245
pottedplant 0.0107 282 220 296 245
pottedplant 0.0015 190 176 210 202
diningtable 0.0244 17 282 492 371
diningtable 0.0076 281 279 495 373
diningtable 0.0044 291 278 462 303
diningtable 0.0033 291 278 485 324
diningtable 0.0026 295 275 436 293
diningtable 0.0013 412 295 500 376
diningtable 0.0012 196 274 502 340
