person 0.8744 48 43 221 316
person 0.4614 0 188 13 213
person 0.3497 48 204 66 238
person 0.3042 19 204 29 215
person 0.2767 31 206 41 220
person 0.1445 33 207 44 225
person 0.1190 120 43 221 176
person 0.1087 39 208 50 231
person 0.0812 6 205 45 245
person 0.0438 31 220 44 236
person 0.0212 46 109 129 315
person 0.0174 352 215 360 228
person 0.0168 31 228 41 237
person 0.0107 46 200 69 281
person 0.0066 46 188 63 229
person 0.0062 53 202 67 227
person 0.0045 43 203 61 231
person 0.0035 342 243 351 254
person 0.0032 315 216 340 261
person 0.0026 314 215 323 231
person 0.0021 108 353 144 403
person 0.0021 89 51 317 288
person 0.0020 43 173 67 226
person 0.0020 70 88 102 127
person 0.0017 49 470 68 499
person 0.0013 341 222 379 253
person 0.0013 11 470 34 499
dog 0.0019 108 357 143 403
horse 0.8907 1 85 327 420
horse 0.1334 0 210 45 250
horse 0.0636 -1 239 165 412
horse 0.0081 221 199 304 272
horse 0.0070 48 205 65 237
horse 0.0069 30 217 46 239
horse 0.0048 7 197 74 251
horse 0.0045 0 211 47 303
horse 0.0041 52 203 66 229
horse 0.0039 -1 197 91 405
horse 0.0030 48 204 66 261
horse 0.0024 19 350 145 409
horse 0.0023 224 203 275 261
horse 0.0021 -11 202 48 395
horse 0.0021 70 90 316 269
horse 0.0017 27 228 41 239
horse 0.0014 220 202 253 268
horse 0.0014 83 353 142 406
horse 0.0012 39 209 50 233
horse 0.0011 108 357 143 403
horse 0.0011 30 205 42 219
horse 0.0011 43 203 61 231
sheep 0.0014 0 210 42 248
cow 0.1925 1 210 45 250
cow 0.0155 30 217 46 239
cow 0.0026 0 237 221 416
cow 0.0018 11 346 144 410
cow 0.0013 0 210 47 289
cow 0.0010 -29 205 49 338
chair 0.0016 0 210 44 249
pottedplant 0.0070 46 174 67 211
pottedplant 0.0069 309 214 343 309
pottedplant 0.0063 315 216 340 261
pottedplant 0.0027 306 157 387 256
pottedplant 0.0018 346 160 388 253
pottedplant 0.0016 316 219 388 309
pottedplant 0.0012 341 227 386 258
pottedplant 0.0010 341 243 350 254
