person 0.8508 384 103 431 284
person 0.5415 458 147 473 166
person 0.2781 487 126 499 212
person 0.1091 490 146 499 208
person 0.0509 458 145 478 212
person 0.0296 425 208 440 243
person 0.0121 423 148 483 260
person 0.0089 309 228 335 268
person 0.0046 227 115 235 128
person 0.0029 487 126 499 152
person 0.0026 479 150 495 209
person 0.0025 478 122 498 183
person 0.0014 163 158 192 256
person 0.0012 483 72 499 197
person 0.0011 351 143 482 261
person 0.0010 479 97 499 159
person 0.0010 272 81 283 91
bicycle 0.0066 139 134 163 163
bicycle 0.0016 139 134 183 172
bicycle 0.0016 140 134 193 215
bicycle 0.0013 94 133 166 170
car 0.0021 281 146 317 155
car 0.0014 195 97 215 106
car 0.0014 346 135 487 254
car 0.0012 194 120 209 127
bird 0.0032 425 208 440 240
dog 0.0034 425 209 440 242
dog 0.0020 309 228 336 268
dog 0.0010 346 135 487 254
horse 0.8027 348 146 484 256
horse 0.0379 485 124 499 210
horse 0.0347 345 147 397 216
horse 0.0126 195 143 376 304
horse 0.0079 486 125 499 154
horse 0.0040 248 145 391 219
horse 0.0029 309 227 338 270
horse 0.0028 478 122 499 161
horse 0.0026 422 150 483 262
horse 0.0023 490 145 499 202
horse 0.0021 346 138 439 223
horse 0.0020 0 170 37 254
horse 0.0019 144 144 196 260
horse 0.0015 347 156 374 237
horse 0.0013 0 177 15 214
horse 0.0013 1 153 79 265
horse 0.0011 168 167 195 229
horse 0.0010 163 158 192 256
sheep 0.0041 345 145 399 218
sheep 0.0011 139 135 196 254
sheep 0.0010 145 151 176 264
cow 0.9004 192 142 379 295
cow 0.8868 0 155 79 266
cow 0.8734 71 145 189 270
cow 0.4405 348 145 484 258
cow 0.2074 139 135 196 254
cow 0.1170 344 147 397 213
cow 0.0335 0 154 45 253
cow 0.0254 301 147 375 256
cow 0.0234 337 149 380 234
cow 0.0172 145 151 176 264
cow 0.0156 53 158 83 241
cow 0.0142 163 158 192 256
cow 0.0132 196 150 238 197
cow 0.0126 421 149 484 258
cow 0.0104 66 157 87 209
cow 0.0095 48 155 72 166
cow 0.0091 200 151 238 171
cow 0.0089 485 124 499 210
cow 0.0086 58 158 76 228
cow 0.0085 425 208 440 243
cow 0.0080 0 158 16 223
cow 0.0073 168 167 195 229
cow 0.0053 0 172 29 249
cow 0.0049 55 157 72 165
cow 0.0048 68 157 91 251
cow 0.0047 346 138 439 223
cow 0.0038 0 175 21 216
cow 0.0034 74 156 86 165
cow 0.0030 14 154 36 164
cow 0.0027 177 179 195 221
cow 0.0027 5 153 37 179
cow 0.0023 487 126 499 152
cow 0.0022 70 154 137 260
cow 0.0021 0 177 12 214
cow 0.0021 0 160 8 208
cow 0.0016 309 227 338 270
cow 0.0013 2 156 38 199
cow 0.0012 456 145 481 213
cow 0.0011 51 157 75 189
cow 0.0010 54 156 86 170
cow 0.0010 34 156 75 171
cow 0.0010 478 122 498 183
chair 0.0130 483 167 496 205
chair 0.0060 490 147 499 212
pottedplant 0.0054 187 100 214 128
pottedplant 0.0049 146 41 189 78
pottedplant 0.0037 144 38 190 153
pottedplant 0.0024 44 23 139 112
pottedplant 0.0013 189 96 214 112
pottedplant 0.0012 197 101 222 127
diningtable 0.0010 482 178 496 206
