person 0.0092 491 318 499 337
person 0.0072 296 60 367 111
person 0.0038 326 67 371 111
person 0.0026 264 85 283 104
person 0.0024 273 86 284 104
person 0.0023 464 308 497 336
person 0.0023 277 62 319 109
person 0.0022 481 319 493 334
person 0.0014 485 309 499 348
person 0.0014 467 317 480 334
person 0.0014 486 200 499 217
person 0.0011 193 126 203 136
person 0.0011 464 307 481 332
bicycle 0.0014 27 0 462 373
car 0.7418 5 0 487 373
car 0.0159 490 316 499 336
car 0.0079 485 200 499 219
car 0.0051 72 348 96 356
car 0.0036 454 297 499 372
car 0.0028 461 300 494 335
car 0.0013 0 286 91 360
motorbike 0.0054 13 -3 491 373
aeroplane 0.2463 10 4 483 375
aeroplane 0.0666 1 316 98 361
aeroplane 0.0152 454 296 499 371
aeroplane 0.0107 0 0 233 371
aeroplane 0.0053 0 276 199 367
aeroplane 0.0035 485 309 499 348
aeroplane 0.0029 461 300 494 335
aeroplane 0.0023 456 197 499 371
aeroplane 0.0015 12 221 500 372
aeroplane 0.0013 480 307 498 337
bus 0.0187 10 4 487 372
bus 0.0021 0 286 91 360
bus 0.0018 454 297 499 373
train 0.0017 5 3 489 373
train 0.0012 454 297 499 373
boat 0.0248 22 3 478 378
boat 0.0115 454 296 499 371
boat 0.0065 0 286 91 360
boat 0.0025 461 259 499 354
boat 0.0022 456 197 499 371
boat 0.0017 461 300 494 335
boat 0.0010 485 309 499 348
boat 0.0010 471 202 498 332
bird 0.0017 54 163 68 171
bottle 0.0023 55 25 259 240
chair 0.0011 490 316 499 337
