person 0.9273 64 176 230 372
person 0.9188 185 137 376 362
person 0.7884 271 65 426 265
person 0.7390 155 60 266 210
person 0.6145 270 28 304 62
person 0.5962 353 36 444 141
person 0.5909 320 49 470 258
person 0.4223 320 43 395 146
person 0.1801 263 76 356 272
person 0.0379 254 30 274 61
person 0.0240 0 275 67 373
person 0.0232 320 44 362 115
person 0.0210 357 57 391 90
person 0.0135 357 37 435 97
person 0.0106 125 61 430 269
person 0.0100 252 33 305 77
person 0.0075 327 98 476 181
person 0.0073 272 73 379 168
person 0.0053 326 71 437 165
person 0.0042 107 0 181 31
person 0.0039 195 142 312 271
person 0.0036 320 44 352 84
person 0.0029 199 126 231 163
person 0.0026 332 92 372 143
person 0.0024 372 65 402 90
person 0.0017 292 120 337 172
person 0.0017 252 3 275 61
person 0.0017 399 51 444 100
person 0.0015 117 1 181 14
person 0.0010 329 135 428 258
person 0.0010 382 59 413 88
bicycle 0.0155 106 0 185 32
car 0.0041 107 0 183 32
car 0.0013 -2 277 66 372
car 0.0011 112 0 183 13
motorbike 0.0029 106 0 184 32
cat 0.0041 355 90 428 141
dog 0.0026 0 253 67 372
dog 0.0010 69 152 125 189
bottle 0.8230 424 152 439 199
bottle 0.0876 436 152 453 193
bottle 0.0815 474 131 487 166
bottle 0.0764 163 263 175 289
bottle 0.0370 438 152 455 176
bottle 0.0320 473 144 483 167
bottle 0.0260 162 255 184 321
bottle 0.0248 51 170 67 201
bottle 0.0160 437 178 449 193
bottle 0.0158 170 289 184 319
bottle 0.0141 428 153 439 181
bottle 0.0137 79 133 94 160
bottle 0.0111 126 135 147 173
bottle 0.0069 79 86 131 161
bottle 0.0053 455 137 476 170
bottle 0.0051 409 68 420 88
bottle 0.0035 171 303 184 319
bottle 0.0035 154 281 184 320
bottle 0.0027 479 147 492 165
bottle 0.0027 136 144 148 166
bottle 0.0021 301 129 319 149
bottle 0.0020 348 314 375 337
bottle 0.0016 29 152 69 201
bottle 0.0012 261 330 299 365
bottle 0.0011 59 165 71 194
bottle 0.0011 172 307 189 324
bottle 0.0011 477 119 497 158
bottle 0.0010 469 129 482 147
bottle 0.0010 446 168 494 207
bottle 0.0010 411 74 421 85
bottle 0.0010 207 143 221 159
chair 0.1396 0 278 66 372
chair 0.0829 63 176 226 372
chair 0.0538 465 44 499 112
chair 0.0495 137 108 170 171
chair 0.0256 459 84 498 131
chair 0.0156 74 277 185 371
chair 0.0140 131 180 195 278
chair 0.0133 133 73 283 208
chair 0.0120 84 329 122 373
chair 0.0105 408 69 444 101
chair 0.0101 127 105 231 186
chair 0.0093 106 0 185 32
chair 0.0087 71 287 108 328
chair 0.0069 84 329 191 373
chair 0.0065 7 76 193 278
chair 0.0063 338 98 480 183
chair 0.0058 344 66 375 87
chair 0.0056 18 176 411 365
chair 0.0055 477 112 499 162
chair 0.0052 85 328 99 359
chair 0.0039 127 62 419 255
chair 0.0038 355 92 424 143
chair 0.0036 327 86 475 256
chair 0.0036 334 84 381 145
chair 0.0032 182 142 215 159
chair 0.0030 357 62 388 90
chair 0.0029 10 130 113 275
chair 0.0025 0 39 52 276
chair 0.0024 69 96 134 190
chair 0.0023 409 68 420 88
chair 0.0021 413 99 479 167
chair 0.0020 -1 206 75 368
chair 0.0019 0 174 234 275
chair 0.0018 4 140 66 193
chair 0.0018 343 50 383 88
chair 0.0016 71 289 118 369
chair 0.0015 253 30 304 74
chair 0.0015 138 108 171 137
chair 0.0015 385 51 444 103
chair 0.0014 324 65 438 144
chair 0.0013 423 55 497 134
chair 0.0013 95 342 140 373
chair 0.0012 67 160 190 262
chair 0.0011 7 129 40 151
chair 0.0011 254 33 272 61
chair 0.0010 353 89 391 110
chair 0.0010 413 213 499 328
chair 0.0010 406 71 427 94
chair 0.0010 349 51 384 69
chair 0.0010 10 323 114 374
sofa 0.7173 109 71 486 326
sofa 0.4708 0 279 66 372
sofa 0.0818 237 71 481 262
sofa 0.0511 18 162 431 369
sofa 0.0465 126 68 393 233
sofa 0.0172 135 109 171 171
sofa 0.0107 59 196 244 371
sofa 0.0086 129 105 224 178
sofa 0.0055 336 98 479 185
sofa 0.0045 344 66 375 87
sofa 0.0030 355 90 428 141
sofa 0.0023 456 54 498 156
sofa 0.0022 130 88 252 200
sofa 0.0022 205 62 328 145
sofa 0.0019 337 49 453 128
sofa 0.0014 169 62 408 165
sofa 0.0013 343 50 383 88
sofa 0.0012 413 99 479 167
sofa 0.0012 463 43 499 122
sofa 0.0011 69 163 187 268
sofa 0.0011 310 47 466 176
sofa 0.0010 7 87 191 278
sofa 0.0010 458 84 498 130
pottedplant 0.0053 106 0 183 32
diningtable 0.0883 412 147 499 258
diningtable 0.0642 10 168 192 277
diningtable 0.0392 127 170 194 272
diningtable 0.0279 9 172 102 274
diningtable 0.0117 411 187 484 271
diningtable 0.0103 52 179 217 338
diningtable 0.0091 0 276 64 372
diningtable 0.0052 412 214 499 328
diningtable 0.0036 440 195 478 211
diningtable 0.0029 447 168 498 209
diningtable 0.0024 465 166 499 190
diningtable 0.0020 31 75 423 382
diningtable 0.0019 2 90 82 275
diningtable 0.0018 344 66 375 87
diningtable 0.0018 472 160 498 178
diningtable 0.0017 459 86 497 130
tvmonitor 0.2924 0 18 23 141
tvmonitor 0.0020 0 21 31 209
tvmonitor 0.0017 478 113 499 162
