person 0.9236 257 13 433 224
person 0.8326 147 61 281 224
person 0.1072 475 109 499 225
person 0.0233 87 115 166 217
person 0.0146 77 61 449 226
person 0.0082 18 38 85 204
person 0.0047 94 55 214 221
person 0.0047 91 168 159 220
person 0.0046 19 23 47 195
person 0.0044 115 96 251 172
person 0.0042 120 114 168 171
person 0.0039 0 48 12 69
person 0.0037 138 47 192 117
person 0.0030 0 47 15 89
person 0.0028 450 109 498 222
person 0.0026 0 142 25 219
person 0.0026 482 150 499 188
person 0.0024 460 153 472 196
person 0.0023 473 162 498 202
person 0.0021 331 51 342 79
person 0.0015 249 146 259 169
person 0.0015 79 38 110 66
person 0.0013 137 46 186 81
person 0.0012 465 141 499 242
person 0.0011 437 75 449 83
person 0.0010 119 74 176 172
person 0.0010 323 53 341 92
person 0.0010 58 38 95 192
bicycle 0.0069 46 0 101 107
bicycle 0.0019 0 0 47 82
motorbike 0.0015 46 0 101 107
bottle 0.0119 20 17 42 123
bottle 0.0080 461 151 472 196
bottle 0.0031 437 75 449 83
bottle 0.0019 34 183 66 221
bottle 0.0018 493 106 499 152
bottle 0.0017 249 146 259 169
bottle 0.0016 0 47 15 89
bottle 0.0013 67 109 90 189
bottle 0.0011 0 48 13 70
bottle 0.0010 87 194 125 248
chair 0.1528 470 149 499 223
chair 0.0912 421 173 469 198
chair 0.0726 114 62 290 224
chair 0.0510 120 115 165 175
chair 0.0401 96 112 166 218
chair 0.0370 248 144 258 172
chair 0.0334 255 127 273 160
chair 0.0238 482 150 499 187
chair 0.0172 248 133 288 215
chair 0.0114 251 170 290 216
chair 0.0104 166 50 192 75
chair 0.0089 84 93 130 158
chair 0.0075 411 139 465 192
chair 0.0070 460 153 472 196
chair 0.0052 441 168 461 185
chair 0.0050 89 170 159 214
chair 0.0045 421 143 459 170
chair 0.0043 473 163 498 197
chair 0.0033 155 137 282 219
chair 0.0032 413 142 435 181
chair 0.0031 89 157 138 179
chair 0.0029 478 106 499 197
chair 0.0029 429 162 468 193
chair 0.0028 116 66 246 174
chair 0.0028 17 72 468 271
chair 0.0027 122 70 182 168
chair 0.0025 209 133 281 196
chair 0.0024 89 147 136 172
chair 0.0023 157 94 173 116
chair 0.0020 412 142 426 163
chair 0.0019 418 157 437 194
chair 0.0018 468 79 490 131
chair 0.0018 18 179 88 220
chair 0.0017 112 122 128 155
chair 0.0016 392 150 467 209
chair 0.0016 247 130 262 162
chair 0.0016 419 157 454 186
chair 0.0016 71 88 137 186
chair 0.0015 420 157 437 177
chair 0.0014 477 106 498 132
chair 0.0014 155 72 181 117
chair 0.0013 137 46 192 86
chair 0.0012 474 189 499 223
chair 0.0012 50 199 86 219
chair 0.0012 423 175 444 196
chair 0.0011 78 44 180 166
chair 0.0011 50 170 143 218
chair 0.0011 488 107 499 146
chair 0.0010 199 121 256 185
sofa 0.2063 75 90 308 220
sofa 0.1640 470 150 499 223
sofa 0.0438 17 72 468 271
sofa 0.0379 101 113 167 215
sofa 0.0326 117 114 170 168
sofa 0.0100 115 96 251 172
sofa 0.0069 421 173 468 198
sofa 0.0043 36 118 167 220
sofa 0.0043 119 74 176 172
sofa 0.0042 78 44 180 166
sofa 0.0034 249 149 291 218
sofa 0.0030 91 168 159 220
sofa 0.0027 4 12 170 223
sofa 0.0027 94 55 214 221
sofa 0.0016 473 162 498 202
sofa 0.0015 481 150 499 187
pottedplant 0.1997 76 39 178 157
pottedplant 0.1653 384 -2 497 84
pottedplant 0.1247 2 0 104 203
pottedplant 0.0793 138 46 187 80
pottedplant 0.0311 136 45 189 113
pottedplant 0.0144 147 46 181 71
pottedplant 0.0111 140 62 166 81
pottedplant 0.0105 79 38 110 66
pottedplant 0.0068 61 28 96 182
pottedplant 0.0049 48 0 103 106
pottedplant 0.0048 120 65 253 191
pottedplant 0.0045 77 36 150 100
pottedplant 0.0043 77 36 114 94
pottedplant 0.0041 165 48 192 75
pottedplant 0.0038 26 3 190 200
pottedplant 0.0034 20 23 42 123
pottedplant 0.0030 1 0 46 112
pottedplant 0.0030 404 10 489 129
pottedplant 0.0026 147 50 162 65
pottedplant 0.0024 119 47 196 163
pottedplant 0.0020 69 34 120 169
pottedplant 0.0017 94 55 214 221
pottedplant 0.0017 88 38 108 57
pottedplant 0.0012 404 81 484 135
pottedplant 0.0012 0 8 45 222
pottedplant 0.0012 81 90 130 171
pottedplant 0.0011 241 35 274 108
pottedplant 0.0010 19 13 61 185
pottedplant 0.0010 90 38 104 51
diningtable 0.4271 -4 205 507 367
diningtable 0.0117 89 156 139 168
diningtable 0.0106 87 146 137 178
diningtable 0.0050 260 281 495 367
diningtable 0.0045 84 148 151 214
diningtable 0.0043 423 248 499 309
diningtable 0.0031 6 198 342 264
diningtable 0.0026 443 236 494 267
diningtable 0.0021 120 114 168 171
diningtable 0.0020 0 220 121 298
diningtable 0.0019 3 61 506 348
diningtable 0.0018 97 154 136 165
diningtable 0.0018 30 215 298 254
diningtable 0.0015 481 150 499 187
diningtable 0.0014 305 246 501 342
diningtable 0.0011 437 227 498 256
diningtable 0.0011 0 251 205 367
diningtable 0.0010 410 139 462 175
tvmonitor 0.8395 417 82 469 128
tvmonitor 0.0513 387 33 415 85
tvmonitor 0.0187 467 83 489 130
tvmonitor 0.0089 461 152 472 196
tvmonitor 0.0071 166 49 192 75
tvmonitor 0.0042 418 141 461 174
tvmonitor 0.0036 457 84 471 129
tvmonitor 0.0036 377 84 418 124
tvmonitor 0.0027 477 96 499 131
tvmonitor 0.0014 135 27 170 76
tvmonitor 0.0011 492 106 499 132
