person 0.8321 316 116 372 323
person 0.7781 71 209 139 305
person 0.6278 250 123 292 178
person 0.0317 241 124 294 224
person 0.0254 357 159 395 271
person 0.0203 172 134 261 243
person 0.0135 182 133 258 169
person 0.0075 203 133 266 222
person 0.0073 0 306 12 371
person 0.0052 358 157 380 193
person 0.0045 224 133 260 159
person 0.0034 0 249 14 370
person 0.0029 0 190 18 371
person 0.0029 343 134 362 166
person 0.0025 300 152 326 185
person 0.0025 263 123 290 146
person 0.0021 298 148 308 165
person 0.0018 299 148 313 172
person 0.0016 360 163 382 211
person 0.0014 318 190 388 311
person 0.0013 339 120 377 188
person 0.0013 299 174 332 304
person 0.0013 179 131 291 196
person 0.0012 321 115 363 175
person 0.0012 283 151 324 231
person 0.0012 344 134 358 153
person 0.0012 183 145 229 167
person 0.0010 246 147 324 231
person 0.0010 360 156 392 226
bicycle 0.0314 0 307 12 373
bicycle 0.0046 300 192 377 311
bicycle 0.0039 302 196 337 302
bicycle 0.0016 303 226 357 304
bicycle 0.0014 357 219 396 269
bicycle 0.0010 312 186 395 273
bicycle 0.0010 303 254 334 301
car 0.0311 0 308 12 372
car 0.0021 483 113 496 122
motorbike 0.7634 146 151 257 315
motorbike 0.6578 241 157 324 286
motorbike 0.5539 253 156 398 284
motorbike 0.3813 356 168 397 267
motorbike 0.0611 103 140 208 310
motorbike 0.0201 103 152 174 266
motorbike 0.0084 356 217 396 270
motorbike 0.0057 171 134 264 237
motorbike 0.0051 239 128 298 240
motorbike 0.0044 301 184 335 303
motorbike 0.0034 312 186 395 273
motorbike 0.0026 196 144 265 291
motorbike 0.0025 283 151 324 231
motorbike 0.0025 246 147 324 231
motorbike 0.0024 0 308 12 373
motorbike 0.0017 253 190 302 231
motorbike 0.0015 312 146 395 319
motorbike 0.0015 247 212 305 277
motorbike 0.0014 297 178 324 220
motorbike 0.0014 287 191 314 232
motorbike 0.0013 366 193 391 229
motorbike 0.0011 250 209 278 239
motorbike 0.0011 243 157 296 204
motorbike 0.0011 241 198 266 231
motorbike 0.0010 232 183 265 228
dog 0.0126 181 134 259 168
dog 0.0089 182 144 229 167
dog 0.0011 173 131 262 197
horse 0.0012 182 133 258 169
bottle 0.0024 153 142 183 163
