person 0.3512 91 114 124 150
person 0.1720 103 115 124 134
person 0.1504 86 114 125 179
person 0.0291 213 55 225 73
person 0.0262 81 133 88 159
person 0.0206 469 146 498 183
person 0.0091 295 0 373 44
person 0.0086 82 132 95 158
person 0.0082 464 143 499 211
person 0.0052 480 151 499 178
person 0.0045 224 33 251 72
person 0.0038 193 52 210 78
person 0.0034 432 128 499 215
person 0.0034 490 167 499 178
person 0.0030 444 144 480 188
person 0.0026 443 110 488 190
person 0.0024 195 53 223 78
person 0.0023 465 112 500 187
person 0.0022 84 123 109 153
person 0.0021 431 137 460 202
person 0.0020 485 161 498 188
person 0.0018 142 65 151 80
person 0.0017 174 49 204 79
person 0.0017 419 18 454 72
person 0.0016 444 145 460 192
person 0.0015 415 50 432 71
person 0.0012 487 169 499 183
person 0.0012 130 62 144 81
person 0.0012 446 147 468 183
person 0.0010 151 68 159 81
person 0.0010 87 136 104 155
bicycle 0.0288 13 150 56 176
bicycle 0.0057 83 137 107 184
bicycle 0.0024 7 142 58 189
car 0.9111 68 65 387 304
car 0.0107 466 153 499 214
car 0.0043 445 136 499 216
car 0.0037 0 237 192 331
car 0.0012 250 -8 482 327
car 0.0010 480 151 499 177
motorbike 0.0015 466 157 499 215
motorbike 0.0010 47 61 389 309
aeroplane 0.0012 1 304 33 330
bus 0.0061 257 -5 501 301
bus 0.0051 62 64 393 303
bus 0.0036 411 0 499 206
bus 0.0019 30 -3 451 246
bus 0.0013 265 -2 500 145
boat 0.0013 466 157 499 215
bird 0.0577 296 0 374 44
bird 0.0012 304 141 330 169
cat 0.0011 300 0 365 45
chair 0.0271 466 147 499 215
chair 0.0240 429 130 498 212
chair 0.0233 427 128 460 206
chair 0.0065 469 146 494 182
chair 0.0057 480 152 499 177
chair 0.0047 442 151 476 210
chair 0.0046 441 155 460 198
chair 0.0041 462 109 499 187
chair 0.0035 430 60 444 71
chair 0.0032 467 173 498 202
chair 0.0031 413 73 497 208
chair 0.0030 415 50 431 72
chair 0.0022 466 182 499 214
chair 0.0021 6 104 27 189
chair 0.0017 490 167 499 178
chair 0.0015 426 41 448 71
chair 0.0014 431 175 460 205
chair 0.0014 7 110 59 192
chair 0.0013 410 129 450 197
chair 0.0011 485 161 498 188
chair 0.0011 446 146 470 192
chair 0.0010 429 130 447 196
chair 0.0010 438 111 482 182
diningtable 0.0063 466 172 499 205
diningtable 0.0017 411 0 499 213
diningtable 0.0012 31 188 411 329
