person 0.8696 290 109 499 328
person 0.0778 282 170 336 267
person 0.0047 415 118 499 325
person 0.0043 301 174 354 259
person 0.0041 292 166 312 185
person 0.0032 95 170 461 329
person 0.0030 248 179 315 268
person 0.0030 294 229 409 329
person 0.0029 292 168 316 210
person 0.0017 34 -3 491 336
person 0.0013 257 214 290 261
person 0.0012 427 226 499 325
person 0.0011 0 -3 113 319
person 0.0010 314 183 339 252
person 0.0010 99 105 160 245
person 0.0010 299 176 321 197
person 0.0010 356 229 499 330
bicycle 0.0020 356 229 499 330
bicycle 0.0012 208 135 264 205
car 0.0039 27 -8 491 319
car 0.0037 291 166 311 184
car 0.0029 140 147 150 156
car 0.0028 303 173 322 185
car 0.0026 309 177 322 185
car 0.0025 124 144 150 158
car 0.0021 105 136 129 164
car 0.0018 107 126 161 159
car 0.0017 158 140 175 153
car 0.0016 260 166 319 213
car 0.0014 139 141 164 157
car 0.0014 310 171 323 184
car 0.0013 329 156 358 179
car 0.0012 262 173 295 184
car 0.0011 304 111 500 330
aeroplane 0.0072 34 -6 497 333
aeroplane 0.0026 100 112 174 164
aeroplane 0.0016 127 125 178 158
aeroplane 0.0010 251 166 314 206
bus 0.0069 220 0 498 335
bus 0.0027 329 156 358 179
train 0.0024 220 0 498 335
boat 0.0122 17 -11 487 319
boat 0.0038 130 2 234 194
boat 0.0031 89 -2 301 282
boat 0.0015 242 139 262 206
boat 0.0012 95 170 461 329
boat 0.0012 287 147 498 330
boat 0.0011 265 255 293 267
boat 0.0011 209 136 264 206
bird 0.0015 258 21 272 29
bottle 0.0031 57 244 152 328
bottle 0.0011 349 277 400 330
bottle 0.0011 387 243 414 326
chair 0.0585 57 244 151 330
chair 0.0340 356 230 499 329
chair 0.0082 350 242 414 330
chair 0.0073 348 114 500 329
chair 0.0028 438 231 499 327
chair 0.0027 388 248 414 330
chair 0.0024 352 292 399 330
chair 0.0010 441 107 499 335
pottedplant 0.0037 99 112 141 164
tvmonitor 0.2087 57 244 151 327
tvmonitor 0.0170 31 -1 475 313
tvmonitor 0.0097 89 -2 301 282
tvmonitor 0.0036 127 3 236 195
tvmonitor 0.0024 0 -2 113 318
tvmonitor 0.0017 131 164 261 234
