person 0.0038 271 332 290 349
person 0.0016 92 71 127 104
bicycle 0.8459 54 33 432 348
bicycle 0.2728 40 35 289 164
bicycle 0.0790 202 65 423 333
bicycle 0.0058 331 80 424 201
bicycle 0.0025 93 71 127 105
bicycle 0.0019 44 58 190 151
bicycle 0.0014 168 37 280 139
bicycle 0.0011 223 64 329 250
bicycle 0.0010 230 115 323 217
motorbike 0.0042 41 36 347 247
motorbike 0.0024 93 71 127 105
motorbike 0.0017 21 33 451 353
bird 0.0013 93 71 127 104
dog 0.0012 93 71 127 104
bottle 0.0095 188 75 242 127
bottle 0.0036 269 305 291 348
bottle 0.0030 210 74 245 107
bottle 0.0027 271 332 290 349
bottle 0.0018 266 198 291 323
chair 0.0010 118 38 425 343
chair 0.0010 41 36 347 247
