person 0.0436 381 137 398 214
person 0.0212 376 101 399 186
person 0.0150 365 93 399 145
person 0.0058 388 140 399 169
person 0.0020 286 131 400 298
person 0.0017 369 87 398 126
person 0.0011 367 66 398 116
person 0.0010 394 94 399 109
bird 0.0012 63 8 74 15
bottle 0.0290 119 81 127 98
bottle 0.0095 128 82 136 98
bottle 0.0062 119 71 129 98
bottle 0.0018 26 86 40 118
bottle 0.0016 28 81 39 103
bottle 0.0015 28 104 38 120
bottle 0.0014 394 94 399 109
bottle 0.0010 19 102 28 122
bottle 0.0010 116 69 130 87
chair 0.8580 304 97 340 150
chair 0.8476 228 113 296 213
chair 0.8457 258 183 353 288
chair 0.8386 162 252 279 298
chair 0.6260 352 112 394 187
chair 0.2373 375 142 399 219
chair 0.1595 362 103 399 148
chair 0.1421 374 175 390 211
chair 0.0612 367 103 396 127
chair 0.0604 161 236 221 297
chair 0.0440 354 151 389 187
chair 0.0328 388 140 399 169
chair 0.0237 335 101 367 147
chair 0.0211 386 111 399 143
chair 0.0196 373 157 394 208
chair 0.0176 180 236 222 274
chair 0.0140 267 113 296 174
chair 0.0135 253 93 270 110
chair 0.0119 2 69 17 83
chair 0.0100 234 117 295 172
chair 0.0100 0 75 11 85
chair 0.0095 162 246 193 298
chair 0.0090 210 59 237 80
chair 0.0088 357 119 391 157
chair 0.0082 284 64 311 94
chair 0.0074 279 118 295 176
chair 0.0074 375 140 400 180
chair 0.0062 0 77 29 172
chair 0.0056 386 114 399 178
chair 0.0049 259 97 299 164
chair 0.0045 0 198 59 298
chair 0.0044 283 66 296 92
chair 0.0042 311 98 337 120
chair 0.0036 386 144 399 207
chair 0.0034 358 120 373 154
chair 0.0032 133 56 150 70
chair 0.0032 374 179 383 212
chair 0.0026 0 117 24 173
chair 0.0025 394 94 399 109
chair 0.0025 330 89 341 100
chair 0.0025 266 185 350 223
chair 0.0024 266 90 323 144
chair 0.0023 166 56 189 79
chair 0.0022 349 147 396 215
chair 0.0021 269 112 295 140
chair 0.0018 365 146 392 169
chair 0.0017 220 75 253 108
chair 0.0017 84 67 121 94
chair 0.0017 37 71 78 101
chair 0.0016 306 88 342 100
chair 0.0016 129 69 162 95
chair 0.0016 189 72 217 84
chair 0.0014 239 61 255 82
chair 0.0013 266 117 285 142
chair 0.0013 0 124 13 169
chair 0.0012 365 93 399 107
chair 0.0012 367 143 400 163
chair 0.0011 303 99 317 144
chair 0.0010 253 60 289 97
chair 0.0010 263 112 295 123
chair 0.0010 245 138 283 275
chair 0.0010 262 33 282 41
sofa 0.0217 377 142 399 219
sofa 0.0173 365 93 399 145
sofa 0.0034 389 141 399 169
sofa 0.0025 367 103 397 129
sofa 0.0025 373 157 394 208
sofa 0.0011 386 111 399 142
pottedplant 0.0032 62 8 75 15
pottedplant 0.0015 100 87 150 133
diningtable 0.2963 286 209 399 296
diningtable 0.0474 275 89 384 148
diningtable 0.0298 3 75 280 305
diningtable 0.0227 367 103 397 129
diningtable 0.0168 331 96 373 149
diningtable 0.0151 304 88 340 100
diningtable 0.0125 328 96 369 106
diningtable 0.0123 344 99 400 150
diningtable 0.0103 364 95 396 105
diningtable 0.0102 332 98 373 119
diningtable 0.0090 110 100 292 217
diningtable 0.0088 302 96 358 107
diningtable 0.0045 266 91 338 142
diningtable 0.0041 9 176 218 296
diningtable 0.0040 324 90 396 118
diningtable 0.0038 386 111 399 142
diningtable 0.0027 377 107 398 134
diningtable 0.0026 381 147 399 218
diningtable 0.0022 334 94 398 110
diningtable 0.0021 269 92 312 101
diningtable 0.0019 374 174 390 209
diningtable 0.0016 253 103 402 301
diningtable 0.0013 267 91 315 110
diningtable 0.0013 305 97 339 122
diningtable 0.0011 261 111 295 138
diningtable 0.0010 1 80 69 171
diningtable 0.0010 247 113 279 125
tvmonitor 0.8694 365 63 396 92
tvmonitor 0.8355 255 59 284 86
tvmonitor 0.8055 59 104 124 164
tvmonitor 0.7750 310 61 339 88
tvmonitor 0.5659 124 92 185 136
tvmonitor 0.4492 209 59 238 80
tvmonitor 0.3626 166 56 190 80
tvmonitor 0.3491 183 80 230 119
tvmonitor 0.2511 36 71 78 101
tvmonitor 0.1570 44 110 87 165
tvmonitor 0.1273 217 75 253 108
tvmonitor 0.1124 151 1 178 29
tvmonitor 0.0448 84 66 120 94
tvmonitor 0.0423 133 56 150 70
tvmonitor 0.0314 377 142 399 219
tvmonitor 0.0237 0 80 26 107
tvmonitor 0.0195 162 96 184 131
tvmonitor 0.0117 15 12 51 98
tvmonitor 0.0090 124 98 155 134
tvmonitor 0.0086 2 69 17 83
tvmonitor 0.0073 12 13 91 100
tvmonitor 0.0071 284 64 311 94
tvmonitor 0.0056 181 75 226 102
tvmonitor 0.0053 130 69 164 95
tvmonitor 0.0049 177 72 219 92
tvmonitor 0.0036 0 74 14 84
tvmonitor 0.0035 253 93 270 110
tvmonitor 0.0033 0 198 51 298
tvmonitor 0.0031 212 87 228 116
tvmonitor 0.0030 284 65 297 93
tvmonitor 0.0029 188 71 217 84
tvmonitor 0.0023 374 174 390 212
tvmonitor 0.0017 20 60 50 92
tvmonitor 0.0015 238 61 255 78
tvmonitor 0.0015 24 59 49 75
tvmonitor 0.0014 129 30 147 63
tvmonitor 0.0014 39 156 129 195
tvmonitor 0.0013 83 109 120 160
tvmonitor 0.0010 145 58 159 69
