person 0.0379 327 69 362 121
person 0.0314 400 40 436 95
person 0.0047 344 73 362 116
person 0.0032 401 40 434 59
person 0.0019 285 49 299 83
person 0.0018 415 42 435 57
car 0.0048 77 98 149 128
bird 0.0055 402 42 436 96
bird 0.0014 417 42 435 57
cat 0.0018 400 40 436 95
dog 0.0017 400 43 435 98
dog 0.0010 327 71 362 119
horse 0.0039 327 71 362 119
chair 0.2233 179 192 485 372
chair 0.0059 0 149 92 221
chair 0.0050 -7 236 180 372
chair 0.0041 443 171 478 212
chair 0.0033 -10 143 214 283
chair 0.0030 0 191 89 247
chair 0.0018 2 196 148 297
chair 0.0014 5 236 41 254
sofa 0.8143 142 137 486 370
sofa 0.4366 0 137 335 300
sofa 0.0098 0 148 98 241
sofa 0.0020 159 162 262 228
sofa 0.0013 1 190 91 245
sofa 0.0011 0 150 89 194
diningtable 0.3350 1 232 181 372
tvmonitor 0.0373 0 189 93 248
tvmonitor 0.0043 66 63 153 128
tvmonitor 0.0015 1 151 92 229
