person 0.3272 445 74 452 88
person 0.0291 417 73 454 143
person 0.0056 483 88 499 135
person 0.0048 215 167 239 189
person 0.0047 434 74 452 109
person 0.0017 446 73 461 88
person 0.0017 68 161 83 172
person 0.0016 312 51 331 71
person 0.0012 82 166 94 182
person 0.0011 309 50 331 96
person 0.0011 214 161 235 182
person 0.0010 321 51 354 82
person 0.0010 403 25 412 34
bicycle 0.9112 41 8 376 364
bicycle 0.0329 337 85 380 207
bicycle 0.0190 352 87 381 159
bicycle 0.0161 292 81 378 224
bicycle 0.0161 63 146 217 369
bicycle 0.0101 269 14 400 235
bicycle 0.0044 309 86 382 164
bicycle 0.0042 29 35 232 358
bicycle 0.0042 0 180 86 296
bicycle 0.0030 219 82 385 261
bicycle 0.0022 2 178 161 306
bicycle 0.0016 350 106 373 203
bicycle 0.0011 307 29 391 164
bicycle 0.0010 0 73 99 295
bicycle 0.0010 363 89 384 151
car 0.0121 292 9 391 91
car 0.0061 297 11 395 170
car 0.0043 0 183 86 296
car 0.0016 66 162 93 187
car 0.0014 33 -1 408 278
motorbike 0.0207 44 0 383 362
bus 0.0031 293 9 391 86
bus 0.0010 33 -1 408 278
train 0.0013 33 -1 408 278
boat 0.0035 44 0 383 362
horse 0.0022 39 -1 372 345
bottle 0.0080 215 167 238 188
chair 0.0129 44 0 383 362
chair 0.0029 297 11 395 170
chair 0.0023 0 183 86 296
pottedplant 0.4311 0 75 99 288
pottedplant 0.0348 0 180 89 299
pottedplant 0.0010 -2 66 215 330
diningtable 0.0010 39 0 379 361
