person 0.9002 0 -4 146 327
person 0.7821 110 0 234 64
person 0.7195 363 0 424 70
person 0.6435 312 0 365 52
person 0.5431 433 0 476 66
person 0.5279 431 0 456 57
person 0.1910 451 0 477 49
person 0.0290 194 1 240 59
person 0.0249 21 0 240 172
person 0.0218 103 1 154 72
person 0.0090 11 0 132 130
person 0.0080 31 45 58 94
person 0.0073 78 7 145 139
person 0.0067 120 1 129 20
person 0.0058 206 3 229 47
person 0.0050 139 3 158 60
person 0.0043 316 0 364 25
person 0.0036 49 0 161 72
person 0.0035 175 0 224 60
person 0.0031 361 0 389 68
person 0.0027 359 1 375 51
person 0.0026 430 2 446 48
person 0.0025 77 29 109 61
person 0.0023 218 23 240 56
person 0.0023 475 1 499 46
person 0.0022 397 2 423 62
person 0.0022 94 35 108 56
person 0.0018 118 0 156 39
person 0.0017 146 33 189 58
person 0.0017 141 12 170 59
person 0.0016 0 5 33 55
person 0.0016 337 3 365 48
person 0.0016 128 22 146 57
person 0.0014 432 0 453 17
person 0.0012 386 36 413 69
person 0.0012 203 22 240 65
person 0.0010 78 27 98 55
bicycle 0.0195 76 27 111 59
bicycle 0.0039 314 2 383 57
bicycle 0.0033 89 31 111 55
bicycle 0.0024 71 6 153 69
bicycle 0.0023 335 18 360 51
bicycle 0.0023 78 27 98 55
bicycle 0.0018 317 10 358 52
bicycle 0.0017 63 1 153 142
bicycle 0.0010 80 26 93 42
car 0.0015 62 3 154 70
car 0.0012 76 27 111 59
motorbike 0.0023 314 2 383 57
motorbike 0.0022 76 27 111 59
bird 0.0022 223 65 492 320
horse 0.0016 313 1 363 52
sheep 0.9039 90 45 244 255
sheep 0.9021 224 63 492 329
sheep 0.1017 49 47 431 215
sheep 0.0565 403 50 499 105
sheep 0.0365 190 111 234 170
sheep 0.0130 139 50 365 181
sheep 0.0112 131 42 359 110
sheep 0.0084 187 106 234 224
sheep 0.0071 397 53 483 81
sheep 0.0071 202 57 351 107
sheep 0.0053 131 55 194 77
sheep 0.0046 191 39 352 73
sheep 0.0045 -1 39 491 325
sheep 0.0034 118 56 192 103
sheep 0.0032 230 49 348 71
sheep 0.0025 410 51 499 179
sheep 0.0022 387 61 498 313
sheep 0.0022 74 49 198 141
sheep 0.0020 172 56 260 182
sheep 0.0017 188 92 256 261
sheep 0.0016 113 69 162 105
sheep 0.0015 216 73 341 315
sheep 0.0012 234 65 440 177
sheep 0.0011 450 51 499 97
cow 0.0046 223 65 492 320
bottle 0.0484 107 42 130 78
bottle 0.0105 100 6 148 74
bottle 0.0079 74 7 146 142
bottle 0.0040 68 53 129 148
bottle 0.0028 201 27 241 67
bottle 0.0015 225 40 239 54
bottle 0.0013 389 39 410 52
chair 0.0449 466 1 499 46
chair 0.0285 311 3 361 52
chair 0.0106 310 6 337 52
chair 0.0072 332 13 363 51
chair 0.0072 310 6 324 51
chair 0.0052 485 0 499 42
chair 0.0046 102 0 231 65
chair 0.0036 71 3 159 146
chair 0.0035 102 0 151 72
chair 0.0027 474 0 499 28
chair 0.0024 141 12 170 59
chair 0.0023 311 1 424 62
chair 0.0021 145 33 190 59
chair 0.0018 138 15 156 59
chair 0.0017 49 0 161 72
chair 0.0017 106 42 130 78
chair 0.0017 422 2 494 57
chair 0.0013 53 0 122 42
chair 0.0013 219 0 311 53
chair 0.0011 76 27 111 59
chair 0.0010 128 22 146 57
chair 0.0010 138 4 192 61
chair 0.0010 465 3 481 45
chair 0.0010 361 1 393 67
chair 0.0010 319 14 342 49
pottedplant 0.0014 76 27 111 59
pottedplant 0.0013 63 1 153 142
diningtable 0.0032 231 50 351 71
diningtable 0.0011 471 1 499 46
