person 0.0868 6 -4 491 181
person 0.0080 16 -25 487 388
person 0.0053 315 -1 498 333
person 0.0016 275 2 330 52
person 0.0015 21 0 377 101
person 0.0015 277 0 379 57
bird 0.0027 275 7 328 50
cat 0.0267 149 71 378 261
cat 0.0040 274 5 332 54
dog 0.7940 150 68 379 257
dog 0.0074 275 5 332 54
dog 0.0037 21 27 455 279
dog 0.0011 40 135 208 241
bottle 0.1951 40 132 203 241
bottle 0.0183 68 133 191 202
bottle 0.0041 275 5 331 53
bottle 0.0037 56 132 278 209
bottle 0.0017 33 109 339 253
chair 0.0500 315 -1 498 333
chair 0.0093 4 -3 499 324
chair 0.0025 1 -3 230 100
sofa 0.5990 314 2 499 356
sofa 0.3061 13 -6 490 357
sofa 0.0721 2 -2 227 96
sofa 0.0324 4 -3 497 156
diningtable 0.0023 1 -3 230 100
diningtable 0.0012 16 3 485 340
diningtable 0.0011 278 0 379 56
