person 0.0081 482 138 499 171
person 0.0049 483 138 499 155
person 0.0013 393 117 435 146
person 0.0012 11 127 27 142
bicycle 0.0021 365 116 443 148
bicycle 0.0020 338 232 377 320
bicycle 0.0015 -3 60 498 361
bicycle 0.0013 479 262 499 295
bicycle 0.0011 119 229 169 320
car 0.1501 -2 50 502 343
car 0.0286 362 129 387 146
car 0.0266 442 103 499 167
car 0.0185 437 104 499 261
car 0.0169 0 83 101 268
car 0.0168 482 138 499 171
car 0.0155 9 180 492 370
car 0.0114 367 102 500 268
car 0.0091 48 182 436 274
car 0.0066 290 98 496 217
car 0.0065 146 62 495 240
car 0.0059 393 105 498 151
car 0.0050 118 132 141 149
car 0.0047 0 83 205 275
car 0.0043 360 117 439 148
car 0.0039 279 288 321 302
car 0.0039 97 165 232 201
car 0.0020 81 172 240 222
car 0.0020 209 287 266 302
car 0.0019 185 286 245 300
car 0.0017 5 119 470 276
car 0.0016 1 83 99 165
car 0.0016 55 182 256 257
car 0.0015 479 262 499 306
car 0.0014 360 128 404 148
car 0.0014 189 286 217 297
car 0.0014 291 90 498 338
car 0.0010 1 140 252 320
motorbike 0.0053 14 57 500 345
motorbike 0.0023 361 117 441 148
motorbike 0.0018 210 69 496 266
motorbike 0.0014 386 108 504 147
motorbike 0.0013 6 188 473 368
motorbike 0.0012 441 104 499 248
motorbike 0.0010 366 104 500 232
aeroplane 0.1939 0 48 497 313
aeroplane 0.0478 6 47 463 188
aeroplane 0.0111 160 62 495 234
aeroplane 0.0089 0 69 256 216
bus 0.0134 1 49 496 338
bus 0.0029 362 129 386 146
bus 0.0017 146 62 495 240
bus 0.0011 0 83 100 169
bus 0.0010 9 180 492 370
bus 0.0010 0 83 101 268
train 0.0022 1 49 496 338
boat 0.1540 0 48 497 333
boat 0.0069 6 47 463 188
boat 0.0015 103 165 240 200
boat 0.0014 114 76 203 150
boat 0.0013 133 59 343 168
boat 0.0011 0 83 102 266
boat 0.0010 1 77 249 232
boat 0.0010 160 62 495 234
sofa 0.0010 0 50 496 341
diningtable 0.0035 6 225 497 369
