person 0.5880 15 156 316 313
person 0.4469 1 30 469 366
person 0.4049 69 194 298 296
person 0.3835 295 220 407 337
person 0.3379 450 34 499 108
person 0.1705 240 7 407 338
person 0.0357 53 -2 367 110
person 0.0189 4 188 503 372
person 0.0076 244 29 307 73
person 0.0072 116 0 150 34
person 0.0071 25 0 436 181
person 0.0064 304 1 392 141
person 0.0054 37 207 204 297
person 0.0030 153 174 422 320
person 0.0030 73 202 160 278
person 0.0027 104 93 272 161
person 0.0026 182 181 311 297
person 0.0021 242 15 357 114
person 0.0018 223 15 377 214
person 0.0017 300 0 493 140
person 0.0014 269 0 311 54
person 0.0014 5 191 111 286
person 0.0013 283 0 365 52
person 0.0013 239 0 312 69
person 0.0012 297 159 500 363
car 0.0016 7 -2 414 328
cat 0.4314 335 270 402 343
cat 0.3110 303 2 393 141
cat 0.0645 55 228 109 276
cat 0.0401 5 191 111 286
cat 0.0319 451 33 499 107
cat 0.0223 295 221 403 341
cat 0.0161 243 13 385 150
cat 0.0053 263 49 402 258
cat 0.0035 104 93 272 161
cat 0.0028 43 221 185 281
cat 0.0012 31 194 98 233
dog 0.7292 7 192 109 284
dog 0.1239 306 4 392 143
dog 0.0573 451 33 499 108
dog 0.0352 61 224 112 276
dog 0.0152 295 221 403 341
dog 0.0132 0 177 60 277
dog 0.0101 243 13 385 150
dog 0.0099 264 54 406 260
dog 0.0094 228 0 404 331
dog 0.0054 118 94 270 160
dog 0.0051 43 221 185 281
dog 0.0033 334 272 402 341
dog 0.0030 59 -4 428 295
dog 0.0022 66 -2 365 103
dog 0.0017 56 224 139 298
dog 0.0011 31 194 98 233
horse 0.0014 451 33 499 108
sheep 0.0010 6 191 113 285
cow 0.0016 7 192 110 283
bottle 0.0449 244 30 306 72
bottle 0.0038 119 8 148 33
bottle 0.0034 121 216 144 266
bottle 0.0016 244 23 373 157
bottle 0.0013 266 27 300 60
chair 0.0388 0 177 60 278
chair 0.0239 0 140 310 343
chair 0.0182 0 11 45 83
chair 0.0144 8 -10 462 331
chair 0.0111 67 -1 330 104
chair 0.0111 299 163 505 368
chair 0.0051 -1 0 86 101
chair 0.0038 451 32 499 107
chair 0.0031 408 191 498 331
chair 0.0027 244 0 396 141
chair 0.0027 25 0 436 181
chair 0.0019 31 145 497 373
chair 0.0018 228 0 404 331
chair 0.0017 174 155 275 221
chair 0.0013 0 88 101 162
chair 0.0012 267 0 310 56
chair 0.0012 0 5 102 175
chair 0.0011 0 142 183 306
chair 0.0010 298 -2 492 137
sofa 0.3237 0 70 489 374
sofa 0.1677 2 138 324 363
sofa 0.0238 73 -1 330 105
sofa 0.0200 7 222 503 372
sofa 0.0160 351 159 499 342
sofa 0.0120 40 0 434 203
sofa 0.0090 0 4 103 173
sofa 0.0071 0 0 89 103
sofa 0.0051 0 177 60 278
sofa 0.0048 150 0 411 348
sofa 0.0047 0 11 45 82
sofa 0.0025 6 140 218 255
sofa 0.0020 120 93 272 160
sofa 0.0019 172 156 275 220
sofa 0.0018 304 1 392 141
sofa 0.0013 277 0 366 53
sofa 0.0013 13 142 173 209
diningtable 0.0250 1 87 102 166
diningtable 0.0019 0 177 60 278
diningtable 0.0011 0 11 45 83
