person 0.9051 0 19 131 369
person 0.2317 10 4 45 45
person 0.0269 156 26 186 46
person 0.0080 1 7 107 126
person 0.0055 115 -58 186 0
person 0.0042 103 28 147 59
person 0.0028 151 24 240 68
person 0.0028 61 40 140 329
person 0.0022 0 192 54 369
person 0.0020 42 216 84 360
person 0.0017 8 3 79 73
person 0.0015 21 32 153 190
person 0.0015 171 29 187 45
person 0.0011 116 34 146 54
person 0.0010 143 41 161 54
person 0.0010 135 39 165 58
car 0.0370 158 30 244 68
car 0.0151 179 38 235 64
car 0.0136 32 -6 223 163
car 0.0119 4 2 189 238
car 0.0060 156 26 185 46
car 0.0046 193 48 244 69
car 0.0039 58 60 157 191
car 0.0032 4 -158 494 230
car 0.0023 103 27 147 64
car 0.0020 181 38 225 54
motorbike 0.0021 149 24 241 68
aeroplane 0.8773 2 -8 506 368
aeroplane 0.0290 176 36 243 69
aeroplane 0.0027 193 48 244 69
aeroplane 0.0021 142 21 245 68
aeroplane 0.0019 2 -162 502 233
bus 0.0019 178 38 242 68
train 0.0013 176 36 243 69
boat 0.0036 179 37 243 68
dog 0.0041 155 26 186 46
dog 0.0013 1 26 135 347
dog 0.0013 10 6 46 44
