person 0.0021 312 54 335 94
person 0.0015 313 55 331 78
aeroplane 0.0012 9 0 382 354
train 0.3557 126 96 375 314
train 0.0692 3 2 384 347
train 0.0022 190 147 364 293
boat 0.0025 3 2 384 347
boat 0.0019 104 91 379 319
bird 0.0020 313 55 331 78
bird 0.0015 312 54 335 94
sheep 0.7869 141 316 372 496
sheep 0.1909 4 290 330 501
sheep 0.0034 49 374 164 496
sheep 0.0030 33 359 269 500
sheep 0.0025 127 237 208 310
sheep 0.0017 318 267 374 451
sheep 0.0012 322 264 374 357
sheep 0.0010 186 1 362 117
chair 0.0025 323 265 374 352
chair 0.0015 319 263 374 446
