person 0.1247 90 294 97 303
person 0.1155 86 292 93 303
person 0.0650 144 296 157 305
person 0.0320 100 294 107 306
person 0.0177 149 295 155 304
person 0.0163 221 281 243 300
person 0.0149 106 297 112 307
person 0.0133 80 273 87 304
person 0.0094 164 296 174 304
person 0.0093 106 294 114 305
person 0.0083 113 291 120 298
person 0.0078 82 293 90 304
person 0.0073 101 299 110 310
person 0.0069 155 295 180 307
person 0.0068 108 292 114 300
person 0.0055 115 294 121 306
person 0.0050 79 287 85 304
person 0.0046 79 292 84 305
person 0.0045 112 293 119 307
person 0.0037 111 298 118 307
person 0.0037 158 298 165 305
person 0.0031 117 300 123 308
person 0.0027 84 290 101 309
person 0.0025 120 299 126 307
person 0.0025 97 298 105 307
person 0.0024 125 299 131 307
person 0.0020 124 290 132 298
person 0.0018 132 300 138 307
person 0.0018 120 291 126 297
person 0.0017 0 9 278 339
person 0.0016 120 302 125 308
person 0.0016 124 292 132 304
person 0.0013 128 291 135 299
person 0.0012 231 281 242 295
person 0.0011 120 293 127 303
person 0.0011 141 298 147 305
person 0.0011 129 293 136 304
person 0.0010 174 294 189 303
person 0.0010 173 287 189 303
aeroplane 0.0044 105 11 255 328
boat 0.7135 76 9 255 321
boat 0.0417 78 290 238 328
boat 0.0010 78 175 247 329
boat 0.0010 155 295 180 307
bird 0.0038 221 281 242 299
chair 0.0102 2 194 121 301
sofa 0.0109 3 194 122 299
