person 0.8606 73 122 181 243
person 0.0664 191 221 230 259
person 0.0578 441 191 465 218
person 0.0524 254 211 300 258
person 0.0259 227 212 261 257
person 0.0197 439 198 456 222
person 0.0148 308 222 332 257
person 0.0131 159 216 182 264
person 0.0101 219 212 293 259
person 0.0051 375 184 383 205
person 0.0049 205 225 241 256
person 0.0046 471 235 489 263
person 0.0038 440 191 489 265
person 0.0032 235 230 260 256
person 0.0032 25 151 36 181
person 0.0029 182 213 276 260
person 0.0027 238 206 357 259
person 0.0023 459 208 472 221
person 0.0021 87 150 103 168
person 0.0017 289 208 329 258
person 0.0017 447 206 469 221
person 0.0016 270 210 314 259
person 0.0015 271 214 294 254
person 0.0013 302 215 347 256
person 0.0013 0 148 7 161
person 0.0012 251 211 289 243
person 0.0011 358 235 375 256
person 0.0010 357 220 381 257
person 0.0010 145 199 182 263
bicycle 0.0027 461 199 489 222
bicycle 0.0011 442 193 466 221
bicycle 0.0011 459 205 474 221
car 0.9135 24 194 477 423
car 0.4513 333 196 490 262
car 0.3057 439 199 489 263
car 0.2256 2 142 35 163
car 0.0319 333 209 382 257
car 0.0228 11 160 27 171
car 0.0159 464 200 490 222
car 0.0090 3 184 19 192
car 0.0087 476 202 490 221
car 0.0048 0 179 7 189
car 0.0039 -3 147 8 161
car 0.0037 5 150 32 172
car 0.0032 471 235 489 263
car 0.0025 0 181 12 191
car 0.0023 354 220 380 256
car 0.0022 25 151 36 181
car 0.0019 18 181 35 193
car 0.0018 364 185 419 230
car 0.0017 26 171 35 181
car 0.0010 20 175 35 189
motorbike 0.0056 440 191 489 265
motorbike 0.0047 461 199 489 222
motorbike 0.0015 15 184 485 435
motorbike 0.0010 459 208 472 221
aeroplane 0.0040 9 0 241 172
aeroplane 0.0025 1 142 35 163
bus 0.0139 2 142 35 167
bus 0.0068 334 197 490 262
bus 0.0017 11 160 27 171
bus 0.0011 332 207 382 256
boat 0.0017 2 142 35 162
chair 0.0022 159 218 181 265
chair 0.0022 471 235 489 263
