person 0.2499 0 158 28 225
person 0.2307 0 159 31 290
person 0.0585 0 195 37 347
person 0.0116 1 160 53 228
person 0.0114 0 158 19 207
person 0.0058 0 159 7 190
person 0.0025 69 165 79 198
person 0.0020 0 164 14 195
person 0.0013 91 179 100 196
person 0.0011 260 254 289 323
person 0.0010 299 321 316 374
bottle 0.8541 299 320 316 374
bottle 0.8523 260 255 289 326
bottle 0.8312 272 317 292 373
bottle 0.7384 70 165 79 198
bottle 0.4825 291 322 304 372
bottle 0.3222 215 339 226 362
bottle 0.3056 91 179 100 199
bottle 0.1034 102 175 112 191
bottle 0.0332 223 306 269 372
bottle 0.0202 334 334 360 373
bottle 0.0148 267 314 280 356
bottle 0.0120 214 146 221 159
bottle 0.0107 248 146 255 161
bottle 0.0082 296 324 307 350
bottle 0.0058 227 147 236 160
bottle 0.0046 403 204 425 246
bottle 0.0041 301 321 312 343
bottle 0.0040 283 350 291 374
bottle 0.0034 237 332 265 374
bottle 0.0032 255 323 268 354
bottle 0.0032 291 320 302 351
bottle 0.0031 301 322 315 354
bottle 0.0029 286 336 298 373
bottle 0.0028 299 347 314 374
bottle 0.0027 443 149 454 165
bottle 0.0027 261 254 286 289
bottle 0.0025 264 349 274 374
bottle 0.0017 264 300 283 359
bottle 0.0017 115 182 128 191
bottle 0.0016 97 173 115 189
bottle 0.0016 490 156 499 169
bottle 0.0015 280 252 291 284
bottle 0.0014 263 329 276 373
bottle 0.0010 134 167 149 178
chair 0.9196 133 265 231 329
chair 0.9001 392 276 494 373
chair 0.8920 0 211 37 349
chair 0.8570 94 189 145 283
chair 0.8284 274 220 383 331
chair 0.7841 14 190 85 284
chair 0.5841 139 177 162 260
chair 0.4761 60 216 90 279
chair 0.2007 27 244 43 290
chair 0.1455 145 205 160 260
chair 0.1164 102 175 112 191
chair 0.0935 136 178 159 224
chair 0.0800 35 216 85 282
chair 0.0767 277 217 400 261
chair 0.0685 448 199 498 292
chair 0.0638 111 180 133 190
chair 0.0575 109 165 135 190
chair 0.0431 488 198 499 240
chair 0.0431 136 177 158 199
chair 0.0427 273 217 494 335
chair 0.0412 99 177 134 192
chair 0.0401 48 171 70 198
chair 0.0399 273 218 349 255
chair 0.0342 12 193 36 232
chair 0.0311 115 182 128 191
chair 0.0278 8 173 54 236
chair 0.0251 477 198 498 287
chair 0.0242 135 167 151 178
chair 0.0235 397 212 491 298
chair 0.0231 315 200 334 218
chair 0.0227 62 216 89 245
chair 0.0217 161 165 224 237
chair 0.0201 18 230 41 324
chair 0.0199 135 189 150 269
chair 0.0175 402 201 426 252
chair 0.0158 273 214 495 275
chair 0.0143 139 184 156 214
chair 0.0128 19 208 49 285
chair 0.0128 348 221 395 261
chair 0.0123 479 304 499 372
chair 0.0101 44 196 96 228
chair 0.0095 3 170 42 196
chair 0.0089 463 258 499 369
chair 0.0087 97 173 115 189
chair 0.0084 62 183 160 257
chair 0.0082 0 211 32 286
chair 0.0069 448 199 492 239
chair 0.0068 62 216 89 228
chair 0.0067 375 209 436 266
chair 0.0060 95 175 157 196
chair 0.0055 42 166 50 184
chair 0.0055 405 202 424 228
chair 0.0054 275 308 416 373
chair 0.0049 134 165 160 184
chair 0.0045 6 189 31 220
chair 0.0043 391 221 480 348
chair 0.0041 0 167 28 222
chair 0.0036 91 179 100 196
chair 0.0036 298 321 379 373
chair 0.0036 281 253 291 287
chair 0.0035 403 222 427 247
chair 0.0034 325 332 360 373
chair 0.0032 443 229 496 364
chair 0.0032 26 237 55 285
chair 0.0030 71 163 110 191
chair 0.0027 363 199 383 220
chair 0.0027 63 184 158 214
chair 0.0025 401 226 430 273
chair 0.0021 471 245 499 282
chair 0.0020 480 337 499 372
chair 0.0019 38 173 68 220
chair 0.0019 147 258 238 270
chair 0.0017 398 266 475 292
chair 0.0016 61 212 88 224
chair 0.0016 48 190 138 237
chair 0.0016 284 215 401 234
chair 0.0016 45 168 56 185
chair 0.0015 323 255 382 331
chair 0.0015 318 218 409 335
chair 0.0015 163 170 189 227
chair 0.0014 110 164 130 181
chair 0.0014 293 296 374 326
chair 0.0013 451 208 476 233
chair 0.0012 478 205 488 238
chair 0.0012 138 191 153 204
chair 0.0011 44 190 100 216
chair 0.0010 68 172 78 197
chair 0.0010 0 164 14 195
chair 0.0010 33 185 60 229
sofa 0.0043 3 167 55 230
sofa 0.0014 4 170 44 197
sofa 0.0013 273 215 491 272
pottedplant 0.0088 248 146 255 162
pottedplant 0.0045 359 151 382 166
pottedplant 0.0026 214 145 221 159
pottedplant 0.0023 196 153 211 161
pottedplant 0.0022 227 147 236 160
pottedplant 0.0020 491 156 499 169
pottedplant 0.0017 71 170 79 198
pottedplant 0.0014 443 149 454 166
pottedplant 0.0010 208 148 217 159
diningtable 0.7616 97 300 467 371
diningtable 0.5205 45 185 156 229
diningtable 0.4283 45 184 156 281
diningtable 0.1589 46 188 121 209
diningtable 0.1006 271 304 434 370
diningtable 0.0635 0 195 37 347
diningtable 0.0612 273 217 494 335
diningtable 0.0470 44 192 100 224
diningtable 0.0406 273 215 491 272
diningtable 0.0189 394 273 499 371
diningtable 0.0171 137 330 285 373
diningtable 0.0151 64 240 480 373
diningtable 0.0124 4 166 66 231
diningtable 0.0090 99 177 134 192
diningtable 0.0066 0 194 30 286
diningtable 0.0063 139 184 156 214
diningtable 0.0050 465 264 498 371
diningtable 0.0046 95 175 157 196
diningtable 0.0045 136 177 158 199
diningtable 0.0036 289 337 382 373
diningtable 0.0035 161 163 225 235
diningtable 0.0034 0 190 27 222
diningtable 0.0033 138 191 153 204
diningtable 0.0032 9 183 83 283
diningtable 0.0030 277 217 400 261
diningtable 0.0029 43 193 99 208
diningtable 0.0026 142 242 275 306
diningtable 0.0021 130 164 161 200
diningtable 0.0021 137 177 162 260
diningtable 0.0020 97 173 115 189
diningtable 0.0020 356 335 436 373
diningtable 0.0020 112 181 128 191
diningtable 0.0019 133 169 160 223
diningtable 0.0018 10 193 35 229
diningtable 0.0016 34 227 82 278
diningtable 0.0016 35 132 468 329
diningtable 0.0015 286 216 434 241
diningtable 0.0014 161 165 218 177
diningtable 0.0014 135 167 151 178
diningtable 0.0014 50 203 93 226
diningtable 0.0014 260 268 496 371
diningtable 0.0012 4 170 44 197
diningtable 0.0012 468 272 499 324
diningtable 0.0011 60 215 91 277
diningtable 0.0011 0 358 102 372
diningtable 0.0010 117 157 231 183
diningtable 0.0010 274 214 427 227
diningtable 0.0010 479 308 499 370
diningtable 0.0010 38 230 79 248
diningtable 0.0010 102 175 111 191
tvmonitor 0.0014 268 90 336 158
