person 0.8755 193 25 327 245
person 0.4331 423 11 466 65
person 0.3906 456 16 498 67
person 0.0207 459 16 492 39
person 0.0168 422 10 454 31
person 0.0082 311 1 349 15
person 0.0052 457 16 478 35
person 0.0052 298 1 352 49
person 0.0023 471 16 491 35
person 0.0016 329 10 380 51
person 0.0012 310 1 335 12
person 0.0012 254 0 346 50
person 0.0010 418 16 443 60
person 0.0010 221 0 241 28
bicycle 0.9558 135 107 370 277
car 0.2765 290 11 432 58
car 0.2730 340 22 432 59
car 0.0429 292 2 363 51
car 0.0109 198 3 427 60
car 0.0067 254 0 349 50
car 0.0061 47 1 449 68
car 0.0056 311 1 349 16
car 0.0034 290 14 342 49
car 0.0027 347 14 379 24
car 0.0027 391 27 433 60
car 0.0025 332 11 384 51
car 0.0023 258 0 315 33
car 0.0022 341 14 380 39
car 0.0018 396 16 498 66
car 0.0013 392 27 426 38
car 0.0012 464 42 499 69
bus 0.0020 0 -16 466 224
bus 0.0011 276 6 431 60
bottle 0.0117 231 161 272 232
bottle 0.0014 242 179 269 213
chair 0.0017 321 1 348 14
