person 0.8484 171 18 255 121
person 0.7916 214 185 322 317
person 0.0379 176 21 260 209
person 0.0114 114 181 161 240
person 0.0059 106 195 126 242
person 0.0052 296 194 349 245
person 0.0048 327 188 341 217
person 0.0045 103 186 145 249
person 0.0042 224 30 250 72
person 0.0039 107 196 123 220
person 0.0034 170 104 192 122
person 0.0025 83 178 108 253
person 0.0022 58 73 263 212
person 0.0016 56 91 200 308
person 0.0013 296 198 323 231
person 0.0012 242 269 358 318
person 0.0010 25 172 41 252
person 0.0010 242 261 288 311
car 0.0022 295 199 316 227
car 0.0014 327 191 347 228
bus 0.0013 105 69 183 117
cat 0.0028 288 281 361 316
cat 0.0018 239 270 360 317
dog 0.0205 289 282 360 316
dog 0.0140 239 270 360 317
dog 0.0022 225 204 360 319
horse 0.9254 53 80 415 316
horse 0.4792 50 79 211 307
horse 0.0609 230 97 415 299
horse 0.0333 99 165 198 301
horse 0.0177 51 77 181 214
horse 0.0125 55 81 175 151
horse 0.0103 0 157 45 259
horse 0.0057 455 171 499 219
horse 0.0049 108 102 261 212
horse 0.0043 81 161 182 255
horse 0.0038 112 177 150 249
horse 0.0025 290 282 361 316
horse 0.0023 483 172 499 221
horse 0.0020 53 115 133 211
horse 0.0016 239 270 360 317
horse 0.0016 80 132 203 233
horse 0.0013 219 190 361 318
horse 0.0012 150 39 255 206
horse 0.0012 25 172 41 252
horse 0.0010 67 149 143 254
sheep 0.0011 283 281 362 316
cow 0.0026 285 284 360 316
cow 0.0017 239 270 360 317
cow 0.0013 0 157 45 258
cow 0.0010 50 80 200 300
chair 0.0262 327 193 346 228
chair 0.0076 313 192 347 236
chair 0.0055 328 199 351 243
chair 0.0050 296 199 317 228
chair 0.0041 300 192 350 250
chair 0.0031 327 188 341 217
chair 0.0022 329 183 356 232
chair 0.0018 115 181 161 243
chair 0.0010 296 196 336 234
