person 0.4795 291 177 309 192
person 0.0249 321 180 335 192
person 0.0121 176 161 185 189
person 0.0066 317 145 326 155
person 0.0052 104 163 112 171
person 0.0041 188 168 196 183
person 0.0023 293 176 325 192
person 0.0023 130 162 137 170
person 0.0020 66 120 74 134
person 0.0020 326 142 338 155
person 0.0018 97 160 120 173
person 0.0016 214 139 221 151
person 0.0013 58 166 65 174
person 0.0013 119 162 125 170
person 0.0011 247 163 256 173
person 0.0011 113 163 120 171
car 0.9090 269 173 353 261
car 0.0679 317 146 326 156
car 0.0605 326 142 338 155
car 0.0457 307 144 319 152
car 0.0132 304 145 314 153
car 0.0082 320 139 336 150
car 0.0080 305 139 319 150
car 0.0075 266 151 275 157
car 0.0066 267 153 276 160
car 0.0049 248 162 262 172
car 0.0043 287 147 299 155
car 0.0043 268 155 278 164
car 0.0033 247 163 256 173
car 0.0021 296 146 306 154
car 0.0020 266 147 275 156
car 0.0019 348 189 356 196
car 0.0016 322 145 334 158
car 0.0013 311 150 321 159
bus 0.1475 216 135 265 154
bus 0.0270 326 142 339 155
bus 0.0041 317 147 326 156
bus 0.0026 320 139 336 150
bus 0.0022 306 144 318 152
bus 0.0022 315 146 324 155
bus 0.0021 266 150 275 157
bus 0.0012 305 139 319 150
bus 0.0011 267 153 276 160
train 0.1971 5 83 270 163
train 0.0138 216 135 265 154
horse 0.0011 317 147 325 156
sheep 0.0031 317 147 325 156
cow 0.0039 317 147 325 156
cow 0.0030 315 146 324 155
cow 0.0023 306 144 317 152
