person 0.6743 457 320 499 373
person 0.1099 299 336 353 373
person 0.0276 394 215 401 222
person 0.0269 141 153 151 164
person 0.0114 371 317 500 374
person 0.0095 130 156 139 169
person 0.0053 124 231 132 238
person 0.0050 176 365 183 373
person 0.0044 127 154 142 167
person 0.0028 174 232 181 239
person 0.0026 338 74 409 123
person 0.0022 79 228 87 235
person 0.0017 128 156 140 175
person 0.0016 150 148 165 160
person 0.0015 376 361 431 374
person 0.0014 144 151 160 163
person 0.0014 334 223 341 231
person 0.0013 278 228 288 237
person 0.0011 464 201 471 208
person 0.0011 348 86 384 120
person 0.0010 136 155 152 171
bicycle 0.0012 376 362 429 374
bicycle 0.0010 366 329 506 372
aeroplane 0.6692 59 67 453 231
aeroplane 0.1811 1 -5 225 273
aeroplane 0.0486 217 186 302 238
aeroplane 0.0104 340 74 411 122
aeroplane 0.0071 320 73 421 154
aeroplane 0.0049 -11 181 508 374
aeroplane 0.0044 214 74 433 216
aeroplane 0.0042 39 139 464 244
aeroplane 0.0032 180 167 342 237
aeroplane 0.0025 308 74 379 103
aeroplane 0.0018 301 74 392 125
aeroplane 0.0013 354 75 444 131
aeroplane 0.0013 50 204 107 238
aeroplane 0.0011 233 199 294 224
boat 0.1758 52 75 444 225
boat 0.0127 -7 200 507 374
boat 0.0065 207 75 434 192
boat 0.0049 31 0 483 176
boat 0.0036 273 56 446 167
boat 0.0029 24 121 482 264
bird 0.0012 340 74 411 122
bird 0.0010 176 365 183 373
cat 0.0020 302 337 351 373
dog 0.0035 302 336 352 373
bottle 0.0018 302 337 351 373
chair 0.0019 302 336 352 373
pottedplant 0.0099 377 362 430 374
tvmonitor 0.0165 450 305 499 372
