person 0.0193 49 201 62 225
person 0.0019 469 197 499 236
person 0.0013 470 204 480 218
car 0.8973 325 206 384 236
car 0.8683 406 207 470 239
car 0.5493 465 197 499 236
car 0.0063 247 218 323 242
car 0.0041 403 220 417 238
car 0.0039 458 219 470 236
car 0.0032 418 206 465 218
car 0.0026 452 213 470 236
car 0.0021 458 209 470 220
car 0.0020 246 222 262 244
car 0.0015 469 204 479 218
bus 0.0983 246 216 325 244
bus 0.0047 467 197 499 236
train 0.1092 245 217 327 243
train 0.0162 40 213 351 248
boat 0.0024 247 217 325 243
boat 0.0012 317 113 351 174
boat 0.0010 47 24 490 260
chair 0.0034 247 218 323 242
