person 0.9075 72 71 147 219
person 0.8858 116 100 209 220
person 0.8816 36 30 111 156
person 0.7911 109 42 152 83
person 0.6259 119 67 172 192
person 0.0611 156 71 181 91
person 0.0445 155 71 181 114
person 0.0320 140 77 171 118
person 0.0141 211 86 232 125
person 0.0067 217 89 231 112
person 0.0062 161 109 214 217
person 0.0035 125 70 162 114
person 0.0033 80 2 214 175
person 0.0032 64 30 110 85
person 0.0027 147 68 185 153
person 0.0027 125 71 146 100
person 0.0021 220 79 233 108
person 0.0019 172 103 196 128
person 0.0017 197 0 235 53
person 0.0015 263 78 296 134
person 0.0015 99 28 184 147
person 0.0015 154 103 208 161
person 0.0014 136 42 152 78
person 0.0012 220 58 238 117
person 0.0011 169 74 186 112
person 0.0011 286 69 307 146
person 0.0010 91 71 146 161
car 0.0040 169 -1 266 220
car 0.0023 71 -2 267 219
aeroplane 0.0013 79 -1 271 225
bus 0.0081 50 -6 272 215
bus 0.0040 153 0 265 220
train 0.0859 169 -2 266 223
train 0.0596 71 -2 267 219
train 0.0014 94 37 209 193
boat 0.0442 71 -2 267 219
boat 0.0200 169 -1 266 220
dog 0.0858 156 71 181 91
dog 0.0284 156 70 181 110
dog 0.0016 140 73 174 120
bottle 0.0015 193 146 212 172
chair 0.0120 114 2 264 220
chair 0.0034 160 138 218 216
chair 0.0015 126 102 212 219
