person 0.6816 95 152 149 225
person 0.0182 120 152 148 204
person 0.0131 95 159 125 194
person 0.0028 123 151 144 181
person 0.0020 96 161 108 176
person 0.0017 96 160 122 178
person 0.0012 79 143 178 319
person 0.0011 112 191 126 227
person 0.0011 99 152 193 215
person 0.0011 419 269 459 298
bicycle 0.0132 284 271 345 332
bicycle 0.0022 200 268 353 332
bicycle 0.0014 285 247 495 331
car 0.0024 424 292 499 332
car 0.0023 285 247 495 331
car 0.0021 51 -3 502 330
car 0.0012 72 228 446 329
motorbike 0.0043 284 271 345 332
motorbike 0.0018 422 291 499 333
motorbike 0.0010 286 265 393 331
bus 0.0051 51 -3 502 330
train 0.7508 70 -4 500 321
boat 0.0021 61 -7 485 325
boat 0.0011 423 292 499 331
bird 0.0055 95 159 125 194
bird 0.0022 96 161 108 175
bird 0.0017 96 160 122 178
bird 0.0014 96 152 149 225
chair 0.0746 419 269 459 298
chair 0.0149 316 264 386 285
chair 0.0072 423 292 499 331
chair 0.0052 365 289 415 332
chair 0.0049 285 247 495 331
chair 0.0029 285 271 342 331
chair 0.0029 464 261 498 292
chair 0.0023 420 262 498 300
chair 0.0019 286 266 408 331
chair 0.0018 210 243 284 329
sofa 0.0021 421 292 500 330
tvmonitor 0.0014 422 292 498 332
