person 0.8267 142 250 154 279
person 0.7068 97 247 105 269
person 0.7056 81 248 89 269
person 0.6343 90 249 98 269
person 0.0299 15 247 22 258
person 0.0298 1 247 8 260
person 0.0210 27 245 33 257
person 0.0170 71 252 80 265
person 0.0139 103 250 110 267
person 0.0133 29 244 36 256
person 0.0119 24 245 31 256
person 0.0088 30 242 42 255
person 0.0072 28 243 37 267
person 0.0058 64 253 73 263
person 0.0058 116 195 123 210
person 0.0041 69 252 78 263
person 0.0037 99 247 115 268
person 0.0030 6 140 15 149
person 0.0022 190 265 200 275
person 0.0018 433 247 441 255
person 0.0016 61 246 73 262
person 0.0013 456 244 466 252
person 0.0013 171 247 180 270
person 0.0010 401 0 409 9
person 0.0010 54 241 71 258
car 0.0118 24 246 31 256
car 0.0104 30 242 42 255
car 0.0096 31 239 60 254
car 0.0052 29 244 36 256
car 0.0052 454 245 471 252
car 0.0043 431 245 447 253
car 0.0040 34 242 53 255
car 0.0028 31 239 74 261
car 0.0024 463 243 487 252
car 0.0022 406 243 420 252
car 0.0017 66 253 77 264
car 0.0015 476 244 494 253
car 0.0014 64 254 73 263
car 0.0011 106 180 138 194
car 0.0011 430 242 450 252
car 0.0011 86 180 108 196
car 0.0010 26 245 32 260
aeroplane 0.0047 28 143 483 286
aeroplane 0.0017 30 214 58 225
aeroplane 0.0016 33 0 487 273
aeroplane 0.0016 31 239 72 256
bus 0.0017 30 237 56 254
train 0.0012 97 139 278 199
boat 0.7821 26 148 484 284
boat 0.0484 463 243 487 252
boat 0.0199 53 108 285 215
boat 0.0104 33 0 487 273
boat 0.0096 46 106 473 238
boat 0.0085 456 244 466 252
boat 0.0052 484 240 497 251
boat 0.0045 456 244 474 253
boat 0.0033 431 243 450 252
boat 0.0029 268 244 331 282
boat 0.0016 30 214 58 225
boat 0.0013 444 243 461 253
boat 0.0012 449 239 468 252
boat 0.0012 460 240 478 252
boat 0.0010 476 244 494 253
bird 0.0015 407 243 420 251
chair 0.0186 270 243 327 282
chair 0.0015 64 254 73 263
chair 0.0013 66 253 77 264
pottedplant 0.0018 407 243 420 251
