bird 0.0011 40 158 46 175
cat 0.0019 106 69 125 81
cat 0.0017 40 158 49 176
dog 0.0011 106 69 125 81
bottle 0.0469 40 158 46 175
bottle 0.0324 39 157 56 179
bottle 0.0011 50 157 56 170
chair 0.9382 192 90 240 146
chair 0.3802 131 81 158 111
chair 0.1102 47 74 180 215
chair 0.0589 233 157 299 240
chair 0.0095 49 101 153 188
chair 0.0081 131 82 179 115
chair 0.0038 139 90 156 109
chair 0.0025 177 155 317 237
chair 0.0025 131 81 146 106
chair 0.0019 200 91 238 114
chair 0.0012 159 104 178 113
chair 0.0010 281 156 319 229
sofa 0.8486 48 75 181 210
sofa 0.0070 49 110 145 188
pottedplant 0.0027 314 111 319 124
diningtable 0.0045 29 168 132 230
diningtable 0.0012 156 103 177 113
diningtable 0.0010 48 73 181 217
tvmonitor 0.8908 261 89 298 120
tvmonitor 0.0246 131 81 144 105
tvmonitor 0.0188 131 81 157 108
tvmonitor 0.0178 302 102 314 122
tvmonitor 0.0120 200 91 239 114
tvmonitor 0.0031 305 102 318 123
tvmonitor 0.0016 313 103 319 125
