person 0.1832 0 -1 324 145
person 0.0551 188 57 492 367
person 0.0399 436 116 499 370
person 0.0264 356 -3 498 367
person 0.0215 0 9 464 308
person 0.0056 359 0 498 135
person 0.0016 5 70 199 137
person 0.0015 112 63 402 198
cat 0.0166 30 109 167 272
cat 0.0069 27 117 254 368
cat 0.0035 2 14 412 369
cat 0.0034 171 140 458 362
cat 0.0025 45 59 292 303
cat 0.0021 275 53 478 242
dog 0.4617 46 102 289 372
dog 0.1387 22 79 475 373
dog 0.0188 34 132 165 273
dog 0.0148 260 56 481 255
dog 0.0092 172 126 456 357
dog 0.0011 76 40 382 290
sheep 0.0035 361 -1 500 137
bottle 0.0014 460 107 499 345
chair 0.0603 0 112 66 259
chair 0.0385 0 115 135 369
chair 0.0147 1 84 265 369
chair 0.0055 271 -3 498 374
chair 0.0042 4 24 490 371
chair 0.0039 362 -1 500 139
chair 0.0032 136 48 177 74
chair 0.0020 443 96 498 364
chair 0.0018 190 185 494 372
chair 0.0010 1 0 173 90
sofa 0.2554 0 0 295 132
sofa 0.1866 0 8 488 371
sofa 0.0160 0 110 133 371
sofa 0.0125 5 242 488 371
sofa 0.0119 200 342 484 369
sofa 0.0090 271 -3 498 374
sofa 0.0088 4 1 472 165
sofa 0.0081 0 249 125 372
sofa 0.0053 1 79 250 370
sofa 0.0036 90 291 479 372
sofa 0.0031 359 0 498 136
sofa 0.0019 190 185 494 372
sofa 0.0018 385 5 497 365
sofa 0.0016 145 0 499 237
sofa 0.0014 0 -1 172 90
sofa 0.0013 6 257 234 372
sofa 0.0013 431 112 500 372
diningtable 0.1862 0 115 63 250
diningtable 0.0379 0 117 60 160
diningtable 0.0192 0 108 134 371
diningtable 0.0050 200 346 453 372
diningtable 0.0017 3 50 145 261
