person 0.9164 1 193 173 497
person 0.8690 216 120 287 352
person 0.8466 81 177 158 320
person 0.7855 215 222 374 493
person 0.7692 138 186 190 270
person 0.6157 34 172 135 314
person 0.2943 317 221 362 287
person 0.2281 232 303 307 454
person 0.1006 217 302 290 392
person 0.0910 219 254 337 399
person 0.0897 0 198 39 273
person 0.0824 45 171 81 209
person 0.0805 35 171 101 267
person 0.0650 51 171 81 191
person 0.0553 121 332 170 492
person 0.0409 278 220 362 295
person 0.0376 257 308 307 397
person 0.0374 0 200 73 278
person 0.0325 287 230 374 436
person 0.0299 134 131 144 150
person 0.0242 211 104 242 169
person 0.0197 1 199 34 217
person 0.0177 36 173 84 234
person 0.0148 338 222 375 329
person 0.0132 133 335 171 390
person 0.0096 83 179 141 241
person 0.0084 284 221 320 246
person 0.0072 321 221 360 245
person 0.0072 216 159 244 312
person 0.0067 66 225 125 324
person 0.0066 213 104 241 133
person 0.0064 273 256 348 306
person 0.0057 0 199 33 238
person 0.0044 144 236 184 282
person 0.0037 36 174 72 203
person 0.0037 92 235 114 258
person 0.0033 307 134 324 156
person 0.0031 212 108 278 166
person 0.0028 221 196 239 265
person 0.0027 279 253 343 386
person 0.0026 75 313 169 490
person 0.0025 79 244 145 327
person 0.0020 60 230 80 279
person 0.0020 35 200 75 250
person 0.0020 349 226 374 406
person 0.0016 215 147 230 165
person 0.0016 89 263 125 318
person 0.0015 317 135 328 157
person 0.0014 84 193 107 211
person 0.0014 8 199 33 210
person 0.0014 365 114 374 175
person 0.0014 201 319 300 491
person 0.0011 0 205 70 356
person 0.0010 71 141 77 161
bird 0.0012 134 131 144 149
cat 0.0107 135 335 171 386
cat 0.0011 71 141 77 161
dog 0.0153 134 336 170 385
dog 0.0059 36 176 87 245
dog 0.0027 134 131 144 149
dog 0.0010 282 221 320 247
dog 0.0010 129 334 171 466
horse 0.0017 284 221 320 246
bottle 0.5354 167 260 184 310
bottle 0.1275 161 258 173 302
bottle 0.1058 143 298 153 328
bottle 0.0730 183 257 192 289
bottle 0.0481 71 141 77 161
bottle 0.0347 188 245 200 289
bottle 0.0217 144 283 158 322
bottle 0.0208 186 301 196 322
bottle 0.0191 196 282 204 300
bottle 0.0187 217 194 229 213
bottle 0.0127 189 260 198 289
bottle 0.0114 172 258 181 277
bottle 0.0056 232 236 241 259
bottle 0.0036 282 229 302 247
bottle 0.0035 187 291 200 311
bottle 0.0027 302 239 340 283
bottle 0.0023 286 221 314 245
bottle 0.0020 166 256 177 279
bottle 0.0017 189 281 204 295
bottle 0.0016 164 236 186 259
bottle 0.0014 180 268 191 298
bottle 0.0013 290 221 304 237
bottle 0.0012 169 255 178 267
bottle 0.0010 155 253 168 265
chair 0.8658 0 339 131 497
chair 0.4635 229 449 284 499
chair 0.1615 203 416 271 490
chair 0.1374 201 319 300 491
chair 0.0752 227 321 375 497
chair 0.0418 0 273 87 450
chair 0.0366 144 234 197 287
chair 0.0338 202 224 226 264
chair 0.0296 186 242 202 273
chair 0.0290 0 418 132 498
chair 0.0222 0 333 77 425
chair 0.0206 318 221 361 285
chair 0.0202 0 199 34 214
chair 0.0191 90 228 205 301
chair 0.0152 2 252 171 482
chair 0.0151 144 282 161 315
chair 0.0150 124 279 160 325
chair 0.0133 84 232 155 325
chair 0.0125 197 228 226 294
chair 0.0122 232 448 369 499
chair 0.0102 286 221 321 244
chair 0.0079 321 221 359 247
chair 0.0077 66 225 125 324
chair 0.0064 121 284 133 310
chair 0.0060 240 275 373 439
chair 0.0043 80 265 125 318
chair 0.0042 0 199 33 238
chair 0.0040 143 251 178 318
chair 0.0040 16 212 185 312
chair 0.0039 338 222 375 329
chair 0.0037 184 217 221 264
chair 0.0036 257 340 302 390
chair 0.0036 110 248 162 322
chair 0.0033 140 325 215 420
chair 0.0032 303 239 340 282
chair 0.0032 0 199 35 273
chair 0.0031 126 337 172 471
chair 0.0029 231 449 262 472
chair 0.0029 278 220 362 295
chair 0.0025 0 268 69 349
chair 0.0025 272 246 302 278
chair 0.0023 123 278 143 316
chair 0.0023 210 284 226 364
chair 0.0022 17 200 35 210
chair 0.0020 134 336 170 388
chair 0.0020 217 304 290 391
chair 0.0020 140 249 164 263
chair 0.0019 201 285 223 341
chair 0.0018 164 282 223 351
chair 0.0017 134 283 223 372
chair 0.0017 36 170 83 221
chair 0.0017 335 177 346 222
chair 0.0016 221 196 239 265
chair 0.0016 335 196 345 222
chair 0.0016 83 196 105 211
chair 0.0015 195 237 225 344
chair 0.0015 194 235 360 420
chair 0.0015 273 219 282 241
chair 0.0015 232 328 305 443
chair 0.0014 221 217 242 317
chair 0.0014 255 271 334 404
chair 0.0013 284 268 340 302
chair 0.0013 163 236 187 259
chair 0.0013 121 262 154 315
chair 0.0013 238 471 282 498
chair 0.0012 218 204 253 347
chair 0.0012 147 231 289 326
chair 0.0012 166 258 185 289
chair 0.0011 60 231 75 274
chair 0.0011 304 222 375 447
chair 0.0011 335 177 346 199
chair 0.0010 214 193 232 268
chair 0.0010 161 257 175 293
chair 0.0010 83 244 120 270
sofa 0.2152 224 222 375 496
sofa 0.0494 -3 211 169 498
sofa 0.0442 90 232 206 291
sofa 0.0423 277 221 362 280
sofa 0.0281 203 416 269 489
sofa 0.0204 201 307 314 489
sofa 0.0199 138 241 215 288
sofa 0.0127 213 221 358 380
sofa 0.0125 197 228 226 294
sofa 0.0107 280 218 374 434
sofa 0.0089 0 314 131 496
sofa 0.0083 39 228 216 334
sofa 0.0076 230 450 283 498
sofa 0.0075 84 250 154 326
sofa 0.0065 184 216 226 265
sofa 0.0059 130 218 217 280
sofa 0.0032 98 246 194 323
sofa 0.0031 147 231 289 326
sofa 0.0031 252 312 306 391
sofa 0.0028 316 221 362 286
sofa 0.0026 86 261 125 318
sofa 0.0023 338 223 375 382
sofa 0.0022 2 197 137 325
sofa 0.0021 232 320 306 454
sofa 0.0021 271 235 327 287
sofa 0.0019 202 224 226 264
sofa 0.0018 195 237 225 344
sofa 0.0018 0 340 73 448
sofa 0.0016 217 303 293 392
sofa 0.0014 274 238 356 308
sofa 0.0014 283 220 321 246
sofa 0.0013 255 271 334 404
sofa 0.0013 66 225 125 324
sofa 0.0013 273 246 301 278
sofa 0.0012 218 216 248 354
sofa 0.0012 228 367 378 497
sofa 0.0012 1 199 34 217
sofa 0.0010 214 193 232 268
pottedplant 0.0534 282 220 321 247
pottedplant 0.0145 281 230 305 247
pottedplant 0.0123 282 220 361 285
pottedplant 0.0098 164 236 186 260
pottedplant 0.0057 282 233 295 246
pottedplant 0.0045 273 235 331 277
pottedplant 0.0036 186 302 196 322
pottedplant 0.0021 274 242 305 274
pottedplant 0.0021 280 218 360 253
pottedplant 0.0011 302 239 340 283
pottedplant 0.0010 257 354 303 388
pottedplant 0.0010 144 234 197 287
diningtable 0.4046 123 279 223 392
diningtable 0.0345 133 287 214 334
diningtable 0.0268 144 261 214 306
diningtable 0.0231 138 245 206 284
diningtable 0.0176 129 324 215 400
diningtable 0.0131 271 235 327 287
diningtable 0.0089 203 416 270 490
diningtable 0.0089 91 237 158 250
diningtable 0.0077 90 232 206 291
diningtable 0.0075 140 249 164 263
diningtable 0.0059 98 246 194 323
diningtable 0.0056 273 245 304 278
diningtable 0.0051 228 448 284 499
diningtable 0.0041 93 245 125 262
diningtable 0.0040 109 239 152 249
diningtable 0.0034 171 283 221 342
diningtable 0.0030 149 282 200 323
diningtable 0.0028 203 225 227 265
diningtable 0.0023 182 216 228 267
diningtable 0.0023 0 202 182 487
diningtable 0.0016 186 242 202 262
diningtable 0.0015 185 243 203 288
diningtable 0.0013 284 219 363 287
diningtable 0.0012 39 228 216 334
diningtable 0.0011 283 221 320 246
diningtable 0.0011 233 450 262 472
diningtable 0.0010 131 247 158 262
diningtable 0.0010 124 279 160 325
tvmonitor 0.0059 -1 343 133 492
