person 0.9079 333 32 499 276
person 0.9030 218 44 386 232
person 0.8951 13 52 141 193
person 0.8662 108 33 235 216
person 0.7460 429 62 497 129
person 0.0562 2 90 30 130
person 0.0192 460 240 499 277
person 0.0157 5 91 30 111
person 0.0106 1 70 23 121
person 0.0084 417 242 498 279
person 0.0060 418 76 433 113
person 0.0049 0 76 19 102
person 0.0044 458 59 499 116
person 0.0043 7 104 27 129
person 0.0023 333 79 408 203
person 0.0020 6 81 72 130
person 0.0019 97 39 141 111
person 0.0017 175 36 489 242
person 0.0014 1 75 14 88
person 0.0013 4 91 59 163
person 0.0013 422 74 449 120
person 0.0012 7 133 31 152
person 0.0011 10 48 256 223
person 0.0011 0 75 12 114
person 0.0010 428 87 451 119
person 0.0010 97 33 203 114
bottle 0.0056 126 181 163 247
bottle 0.0049 37 173 55 193
bottle 0.0027 56 227 117 279
bottle 0.0017 0 152 47 183
bottle 0.0015 7 104 27 129
bottle 0.0014 97 200 135 247
bottle 0.0012 317 115 331 134
bottle 0.0010 65 117 83 140
bottle 0.0010 4 91 31 128
bottle 0.0010 163 212 177 240
chair 0.1078 122 67 145 111
chair 0.0649 196 51 234 78
chair 0.0591 429 62 498 127
chair 0.0507 459 59 499 111
chair 0.0227 286 37 329 68
chair 0.0160 449 107 497 128
chair 0.0151 65 117 83 140
chair 0.0094 123 67 138 87
chair 0.0092 195 49 327 104
chair 0.0068 317 114 330 134
chair 0.0058 306 70 335 89
chair 0.0054 25 39 421 229
chair 0.0049 314 101 339 134
chair 0.0038 64 118 75 138
chair 0.0035 110 60 130 112
chair 0.0030 97 39 141 111
chair 0.0028 325 115 344 140
chair 0.0027 353 146 403 197
chair 0.0025 375 162 400 195
chair 0.0022 342 129 362 153
chair 0.0021 126 85 146 122
chair 0.0021 216 162 237 219
chair 0.0020 340 129 404 211
chair 0.0018 201 45 287 90
chair 0.0017 196 51 243 101
chair 0.0017 396 253 423 279
chair 0.0017 20 109 66 128
chair 0.0017 474 109 499 127
chair 0.0015 0 152 47 183
chair 0.0015 0 88 29 133
chair 0.0014 308 81 340 135
chair 0.0013 309 89 336 104
chair 0.0013 299 68 309 83
chair 0.0012 303 53 335 87
chair 0.0012 450 110 487 121
chair 0.0012 199 71 226 94
chair 0.0011 1 131 65 181
chair 0.0011 77 171 102 187
chair 0.0010 43 118 68 136
chair 0.0010 212 147 245 224
sofa 0.0584 429 60 498 125
sofa 0.0143 458 60 499 115
sofa 0.0095 196 52 234 78
sofa 0.0074 20 49 423 239
sofa 0.0051 429 62 502 190
sofa 0.0018 369 51 499 247
sofa 0.0017 195 49 327 104
sofa 0.0014 18 108 508 284
sofa 0.0014 447 107 498 128
sofa 0.0011 197 50 250 89
pottedplant 0.0483 96 38 139 110
pottedplant 0.0069 98 39 135 73
pottedplant 0.0036 116 41 138 94
pottedplant 0.0026 97 33 203 114
pottedplant 0.0016 118 42 135 67
pottedplant 0.0014 99 39 118 65
diningtable 0.3795 -1 161 255 273
diningtable 0.3678 -1 179 506 276
diningtable 0.0218 413 264 491 280
diningtable 0.0137 400 240 493 280
diningtable 0.0095 166 224 460 280
diningtable 0.0076 0 188 102 275
diningtable 0.0062 0 259 62 279
diningtable 0.0056 -9 58 477 270
diningtable 0.0046 -1 81 255 232
diningtable 0.0045 1 100 80 184
diningtable 0.0042 196 52 234 78
diningtable 0.0038 0 142 83 207
diningtable 0.0028 1 131 65 181
diningtable 0.0018 159 214 230 250
diningtable 0.0017 1 142 133 234
diningtable 0.0010 0 250 89 280
tvmonitor 0.0155 286 36 329 68
