person 0.0822 230 94 286 144
person 0.0679 144 84 160 116
person 0.0439 146 98 160 117
person 0.0365 248 107 286 142
person 0.0208 383 73 438 146
person 0.0188 351 35 362 59
person 0.0135 216 95 261 137
person 0.0095 389 105 437 145
person 0.0094 308 95 343 147
person 0.0049 388 67 416 90
person 0.0039 255 92 286 129
person 0.0037 231 97 266 131
person 0.0036 360 35 373 82
person 0.0034 176 91 286 146
person 0.0028 261 97 300 146
person 0.0028 302 116 331 166
person 0.0026 143 81 180 117
person 0.0022 213 100 244 140
person 0.0021 244 249 264 280
person 0.0020 387 66 427 104
person 0.0017 277 98 299 140
person 0.0017 113 318 124 326
person 0.0016 211 92 242 123
person 0.0014 194 91 244 129
person 0.0013 246 265 260 285
person 0.0012 259 92 279 116
person 0.0012 417 124 438 146
person 0.0010 235 246 266 294
car 0.8730 1 70 321 314
car 0.0074 387 67 416 90
car 0.0058 363 86 436 145
car 0.0045 108 64 500 258
car 0.0034 310 104 499 231
car 0.0021 -2 -14 489 138
car 0.0018 144 79 179 117
motorbike 0.0014 146 99 160 116
bus 0.0014 0 73 319 314
bird 0.0065 342 134 381 158
bird 0.0018 244 249 263 276
cat 0.0090 342 134 381 158
dog 0.0027 384 94 437 146
dog 0.0022 146 95 160 116
dog 0.0017 328 132 385 158
horse 0.0017 146 99 160 116
horse 0.0015 144 84 160 116
horse 0.0011 389 105 437 145
horse 0.0010 88 97 99 103
cow 0.0013 15 64 490 320
bottle 0.0011 387 67 416 90
chair 0.0068 387 68 416 93
chair 0.0068 384 68 438 146
chair 0.0022 413 86 439 129
chair 0.0019 387 66 427 104
chair 0.0011 414 87 427 100
chair 0.0010 389 105 437 145
sofa 0.0015 364 86 437 145
pottedplant 0.0114 387 67 416 89
diningtable 0.0013 219 176 500 374
tvmonitor 0.0024 388 67 416 90
