person 0.6423 317 208 326 241
person 0.6402 286 203 296 231
person 0.6098 270 204 284 232
person 0.2505 393 219 402 247
person 0.2396 434 226 446 251
person 0.1328 326 213 335 241
person 0.0865 443 229 454 249
person 0.0563 273 200 281 212
person 0.0531 404 226 415 246
person 0.0507 438 220 452 243
person 0.0494 435 217 447 235
person 0.0370 436 230 452 252
person 0.0327 444 226 454 241
person 0.0254 271 198 279 210
person 0.0241 393 222 410 249
person 0.0208 317 195 325 233
person 0.0177 318 194 326 215
person 0.0153 331 218 340 240
person 0.0097 253 189 262 216
person 0.0090 432 218 444 232
person 0.0076 233 204 242 221
person 0.0064 230 197 238 216
person 0.0060 332 198 341 224
person 0.0056 402 217 414 242
person 0.0055 254 204 264 219
person 0.0054 408 225 424 243
person 0.0051 254 209 276 227
person 0.0038 327 200 340 226
person 0.0038 448 235 460 252
person 0.0037 435 220 445 243
person 0.0034 279 208 294 232
person 0.0031 225 199 238 222
person 0.0025 452 102 466 115
person 0.0025 440 218 455 236
person 0.0024 399 231 415 250
person 0.0023 417 237 429 251
person 0.0019 356 223 375 235
person 0.0017 353 198 360 215
person 0.0015 333 207 344 241
person 0.0015 287 213 309 231
person 0.0013 255 199 285 229
person 0.0012 30 100 44 113
person 0.0012 222 203 235 225
person 0.0012 410 215 421 229
person 0.0011 437 216 447 229
person 0.0010 406 234 418 251
person 0.0010 452 213 466 240
bicycle 0.1912 417 235 432 252
bicycle 0.1780 434 231 446 251
bicycle 0.0386 412 227 435 250
bicycle 0.0362 406 229 417 249
bicycle 0.0245 399 231 415 250
bicycle 0.0240 279 208 294 232
bicycle 0.0194 393 222 410 249
bicycle 0.0139 286 204 296 233
bicycle 0.0066 270 208 283 232
bicycle 0.0051 393 219 404 247
bicycle 0.0047 403 225 414 246
bicycle 0.0032 443 229 454 249
bicycle 0.0031 356 223 375 235
bicycle 0.0031 448 237 466 253
bicycle 0.0027 256 212 270 228
bicycle 0.0023 438 220 452 243
bicycle 0.0017 437 217 449 232
bicycle 0.0017 331 218 340 240
bicycle 0.0011 327 200 340 226
bicycle 0.0010 432 222 445 246
car 0.0072 255 209 278 228
car 0.0040 134 164 151 171
car 0.0033 162 166 184 174
car 0.0014 265 206 283 231
car 0.0013 317 120 334 131
car 0.0011 356 223 375 235
car 0.0010 279 208 294 232
car 0.0010 133 160 171 171
car 0.0010 325 203 337 229
motorbike 0.0616 434 232 446 252
motorbike 0.0130 417 235 432 252
motorbike 0.0078 412 226 436 250
motorbike 0.0075 279 208 294 232
motorbike 0.0034 406 229 417 249
motorbike 0.0032 399 231 415 250
motorbike 0.0021 393 222 410 249
motorbike 0.0018 443 229 454 249
motorbike 0.0011 270 208 283 232
motorbike 0.0010 448 237 466 253
motorbike 0.0010 256 212 270 228
train 0.9005 4 152 243 246
boat 0.0045 453 104 466 117
boat 0.0035 355 223 375 236
boat 0.0021 316 76 332 122
boat 0.0019 398 120 490 150
bird 0.0015 452 102 466 115
bird 0.0010 463 276 473 284
dog 0.0013 279 208 294 232
horse 0.0025 434 231 446 251
horse 0.0016 432 222 445 246
horse 0.0012 438 220 452 243
bottle 0.0044 392 219 402 247
bottle 0.0015 318 211 326 241
chair 0.0246 270 208 283 232
chair 0.0245 286 203 295 232
chair 0.0163 356 223 375 235
chair 0.0148 279 208 294 232
chair 0.0136 331 218 340 240
chair 0.0099 434 231 446 251
chair 0.0093 417 235 432 252
chair 0.0071 339 224 355 238
chair 0.0060 449 237 466 253
chair 0.0056 412 226 436 250
chair 0.0055 327 200 340 226
chair 0.0043 254 209 279 227
chair 0.0043 404 227 416 247
chair 0.0039 396 231 413 250
chair 0.0024 375 218 389 234
chair 0.0024 432 222 445 246
chair 0.0024 406 234 418 251
chair 0.0017 392 219 402 247
chair 0.0012 318 194 326 215
chair 0.0011 332 200 342 236
chair 0.0011 256 212 270 228
chair 0.0010 289 213 309 231
chair 0.0010 306 218 319 236
chair 0.0010 395 215 411 239
sofa 0.0017 356 223 375 235
sofa 0.0013 339 224 354 239
pottedplant 0.1185 339 224 355 238
pottedplant 0.1050 354 223 375 236
pottedplant 0.0737 448 237 466 253
pottedplant 0.0684 434 231 447 251
pottedplant 0.0409 400 229 415 250
pottedplant 0.0396 392 220 402 247
pottedplant 0.0203 417 237 429 251
pottedplant 0.0164 406 234 418 251
pottedplant 0.0158 444 228 454 247
pottedplant 0.0152 466 240 480 251
pottedplant 0.0136 326 215 335 240
pottedplant 0.0128 393 222 410 249
pottedplant 0.0122 412 227 435 250
pottedplant 0.0109 331 220 340 241
pottedplant 0.0075 327 200 340 226
pottedplant 0.0060 333 207 344 241
pottedplant 0.0059 407 209 446 227
pottedplant 0.0043 436 218 449 235
pottedplant 0.0040 402 223 416 243
pottedplant 0.0032 408 211 426 227
pottedplant 0.0032 410 215 421 229
pottedplant 0.0032 254 209 279 227
pottedplant 0.0031 332 198 341 224
pottedplant 0.0030 399 212 414 232
pottedplant 0.0026 435 220 445 243
pottedplant 0.0026 286 204 296 233
pottedplant 0.0025 438 220 452 243
pottedplant 0.0025 373 222 389 237
pottedplant 0.0023 432 218 444 232
pottedplant 0.0020 317 209 326 240
pottedplant 0.0019 212 105 263 135
pottedplant 0.0017 395 215 411 239
pottedplant 0.0016 465 242 488 253
pottedplant 0.0016 408 225 424 243
pottedplant 0.0015 455 229 466 240
pottedplant 0.0014 440 218 455 236
pottedplant 0.0013 393 241 414 252
pottedplant 0.0013 318 194 326 215
pottedplant 0.0012 270 208 283 232
pottedplant 0.0011 254 189 262 210
pottedplant 0.0010 382 219 404 240
pottedplant 0.0010 386 202 460 243
diningtable 0.0323 412 225 437 240
diningtable 0.0042 255 209 278 228
diningtable 0.0041 410 212 444 235
diningtable 0.0021 432 222 445 246
diningtable 0.0020 279 208 294 232
diningtable 0.0016 355 223 375 236
diningtable 0.0016 408 225 424 243
diningtable 0.0013 265 206 283 231
diningtable 0.0013 384 183 466 202
diningtable 0.0012 406 227 418 248
diningtable 0.0010 339 224 354 239
diningtable 0.0010 327 200 340 226
