person 0.9353 112 27 367 331
person 0.0925 429 31 499 163
person 0.0066 143 -2 330 188
person 0.0043 273 0 328 179
person 0.0043 437 0 499 46
person 0.0030 114 142 188 255
person 0.0030 322 51 386 101
person 0.0026 93 58 197 260
person 0.0024 6 12 313 270
person 0.0021 0 43 141 331
cat 0.0338 427 33 499 163
cat 0.0097 324 53 384 101
cat 0.0015 430 118 491 161
dog 0.1642 429 34 499 163
dog 0.0160 322 51 384 103
dog 0.0031 314 52 399 189
dog 0.0012 431 119 492 162
horse 0.0028 431 35 499 162
sheep 0.0027 324 52 385 102
sheep 0.0024 313 52 399 188
chair 0.5486 0 1 157 217
chair 0.3762 -2 0 156 97
chair 0.3535 39 -2 328 201
chair 0.1442 72 26 378 284
chair 0.0880 305 50 401 200
chair 0.0478 53 1 150 52
chair 0.0343 1 46 118 329
chair 0.0278 115 142 188 254
chair 0.0223 431 35 499 162
chair 0.0124 1 7 90 106
chair 0.0115 271 0 327 190
chair 0.0113 58 106 104 211
chair 0.0105 0 44 95 96
chair 0.0087 78 39 202 257
chair 0.0079 0 0 66 50
chair 0.0078 10 -3 323 95
chair 0.0058 2 90 105 218
chair 0.0058 -2 33 231 331
chair 0.0057 57 51 135 227
chair 0.0052 1 74 62 159
chair 0.0035 38 -1 238 58
chair 0.0030 147 0 211 43
chair 0.0021 109 145 374 327
chair 0.0021 323 52 386 102
chair 0.0021 193 -3 327 183
chair 0.0020 319 -5 443 154
chair 0.0011 478 37 499 113
chair 0.0011 431 120 490 162
chair 0.0010 175 292 206 325
chair 0.0010 128 0 313 74
sofa 0.0457 22 -2 328 241
sofa 0.0058 58 23 398 329
sofa 0.0026 259 0 325 189
sofa 0.0023 0 2 157 217
sofa 0.0021 1 55 117 333
sofa 0.0017 10 -3 323 95
sofa 0.0013 431 32 499 162
sofa 0.0011 137 -1 329 191
diningtable 0.0143 3 43 95 95
diningtable 0.0080 0 21 124 339
diningtable 0.0073 0 3 160 217
diningtable 0.0067 4 4 303 241
diningtable 0.0017 10 -3 323 95
