person 0.0555 233 87 256 120
person 0.0174 234 88 254 105
person 0.0049 196 102 209 112
person 0.0037 476 63 498 87
person 0.0035 193 97 209 111
person 0.0031 415 64 429 77
person 0.0027 197 103 215 117
person 0.0020 195 101 236 127
person 0.0019 491 75 499 87
person 0.0015 267 81 293 110
person 0.0010 283 82 293 100
bicycle 0.0048 232 87 256 130
bicycle 0.0010 82 62 255 147
car 0.1498 0 0 269 203
car 0.0456 0 71 87 216
car 0.0235 476 64 499 88
car 0.0191 90 66 261 146
car 0.0136 14 69 287 264
car 0.0123 148 77 264 135
car 0.0101 195 100 243 129
car 0.0075 280 45 384 118
car 0.0055 189 90 261 132
car 0.0053 233 88 255 111
car 0.0036 233 88 262 127
car 0.0018 197 103 215 117
car 0.0014 4 66 175 205
car 0.0012 128 77 278 183
car 0.0010 196 102 209 112
motorbike 0.9261 240 45 479 278
motorbike 0.9172 17 67 288 266
motorbike 0.0032 232 87 256 130
motorbike 0.0023 213 88 263 130
motorbike 0.0020 86 61 240 143
motorbike 0.0015 4 66 175 205
motorbike 0.0014 96 70 186 138
motorbike 0.0013 26 39 485 282
aeroplane 0.0014 16 2 503 136
bus 0.0121 0 0 269 203
bus 0.0024 0 71 87 195
bus 0.0012 475 62 499 89
train 0.0019 0 71 87 209
chair 0.0098 232 87 265 129
