person 0.0041 147 247 155 255
person 0.0035 343 237 360 270
person 0.0016 343 303 496 372
person 0.0011 441 181 499 266
person 0.0011 477 251 499 336
person 0.0011 442 248 499 345
person 0.0010 14 237 204 376
bicycle 0.0022 324 180 497 357
bicycle 0.0020 326 216 461 330
bicycle 0.0018 338 254 497 370
bicycle 0.0017 5 -18 486 373
car 0.1612 9 -9 486 371
car 0.0080 9 233 205 377
car 0.0017 337 171 499 369
car 0.0014 -21 192 493 372
car 0.0010 205 151 500 370
motorbike 0.1940 146 5 493 372
motorbike 0.0857 336 171 499 369
motorbike 0.0725 205 151 500 370
motorbike 0.0215 342 303 498 370
aeroplane 0.0113 -2 -8 488 375
aeroplane 0.0029 -21 192 493 372
aeroplane 0.0010 196 206 208 247
bus 0.0146 5 -18 486 373
boat 0.6131 17 -7 493 369
boat 0.0243 232 4 387 333
boat 0.0168 198 206 207 242
boat 0.0164 314 2 499 355
boat 0.0093 276 24 345 259
boat 0.0041 193 209 206 243
boat 0.0039 184 206 208 263
boat 0.0039 205 151 500 370
boat 0.0035 -21 192 493 372
boat 0.0011 165 207 208 255
boat 0.0011 142 205 210 287
boat 0.0011 147 247 155 254
bottle 0.4585 343 237 360 269
chair 0.0623 337 171 499 369
chair 0.0596 429 175 499 292
chair 0.0084 210 274 327 360
chair 0.0074 438 172 479 276
chair 0.0057 445 187 498 262
chair 0.0047 371 170 486 305
chair 0.0034 343 307 499 373
chair 0.0027 270 258 311 286
chair 0.0026 437 172 459 263
chair 0.0020 461 250 499 340
chair 0.0011 438 221 499 343
chair 0.0010 412 255 498 365
chair 0.0010 478 252 499 361
chair 0.0010 324 216 469 341
sofa 0.0010 441 180 499 266
tvmonitor 0.0074 436 174 499 269
