person 0.0143 55 149 75 175
person 0.0072 156 154 169 189
person 0.0067 206 151 226 182
person 0.0059 82 151 100 175
person 0.0049 41 151 57 176
person 0.0038 50 152 68 175
person 0.0037 381 157 395 173
person 0.0035 362 155 372 174
person 0.0034 367 158 375 175
person 0.0034 74 159 84 175
person 0.0031 377 158 389 173
person 0.0022 7 163 18 174
person 0.0021 374 157 384 174
person 0.0020 308 174 319 186
person 0.0018 179 170 189 186
person 0.0018 191 173 199 185
person 0.0017 174 166 183 186
person 0.0016 244 155 259 227
person 0.0015 187 172 196 186
person 0.0014 392 159 401 173
person 0.0013 314 154 332 179
person 0.0012 342 156 356 174
person 0.0011 172 140 185 177
car 0.0014 31 116 388 265
car 0.0013 325 127 499 233
aeroplane 0.0026 79 61 116 71
bus 0.9022 0 112 237 258
bus 0.8527 325 128 499 232
bus 0.1116 230 124 343 241
bus 0.0362 194 121 494 238
bus 0.0088 1 122 124 254
bus 0.0035 79 61 116 71
bus 0.0027 442 133 499 228
bus 0.0025 59 122 411 240
bus 0.0015 284 133 343 234
bus 0.0014 222 121 314 136
train 0.0441 324 127 500 235
train 0.0365 13 113 371 265
train 0.0155 233 123 347 241
train 0.0039 183 125 452 214
train 0.0021 217 121 333 139
train 0.0020 0 117 132 255
train 0.0014 79 61 116 71
boat 0.0052 203 121 492 241
boat 0.0029 325 128 499 233
boat 0.0023 233 123 344 241
boat 0.0012 282 135 343 233
boat 0.0010 79 61 116 71
chair 0.0014 177 194 234 233
