person 0.1002 0 296 50 358
person 0.0042 0 313 40 347
person 0.0019 192 308 334 358
person 0.0014 457 167 479 207
person 0.0013 0 277 95 358
person 0.0011 68 28 119 171
person 0.0011 419 110 476 153
person 0.0010 0 276 53 314
person 0.0010 146 96 156 106
car 0.3065 455 167 479 206
car 0.0542 419 110 479 157
car 0.0256 420 109 480 131
car 0.0150 459 168 479 190
car 0.0054 441 117 479 153
car 0.0034 427 135 477 203
car 0.0029 415 145 463 194
car 0.0028 104 130 156 152
car 0.0015 446 151 479 186
car 0.0010 418 57 479 202
motorbike 0.0026 455 167 479 206
bus 0.0022 455 167 479 206
boat 0.0353 456 169 479 206
boat 0.0031 419 109 479 154
boat 0.0020 420 94 479 204
boat 0.0019 456 183 479 216
boat 0.0018 460 189 479 206
boat 0.0012 416 0 478 201
bottle 0.0037 84 129 102 167
bottle 0.0014 329 310 362 358
chair 0.8021 205 95 293 219
chair 0.2642 0 280 53 358
chair 0.2330 265 108 347 220
chair 0.1292 0 279 52 316
chair 0.1191 435 295 480 359
chair 0.0205 0 312 41 359
chair 0.0176 331 296 478 359
chair 0.0173 109 345 162 359
chair 0.0164 310 149 346 213
chair 0.0146 435 331 478 359
chair 0.0144 311 121 371 206
chair 0.0144 329 311 362 358
chair 0.0110 0 256 28 282
chair 0.0102 6 294 95 358
chair 0.0096 81 269 158 357
chair 0.0095 331 231 479 356
chair 0.0083 217 154 263 222
chair 0.0077 330 301 392 358
chair 0.0075 91 306 158 358
chair 0.0072 264 114 307 214
chair 0.0063 457 168 479 200
chair 0.0049 0 342 41 359
chair 0.0037 109 322 162 358
chair 0.0033 199 96 243 180
chair 0.0033 413 -7 479 173
chair 0.0027 460 167 479 183
chair 0.0026 295 106 336 205
chair 0.0024 257 34 371 216
chair 0.0022 266 152 295 215
chair 0.0022 187 295 468 356
chair 0.0022 340 155 363 210
chair 0.0019 345 319 392 355
chair 0.0018 194 306 335 358
chair 0.0017 333 96 373 180
chair 0.0017 198 108 221 181
chair 0.0016 31 293 153 358
chair 0.0015 336 144 389 209
chair 0.0014 314 167 343 196
chair 0.0013 454 196 479 221
chair 0.0012 270 161 293 191
chair 0.0011 69 228 211 354
chair 0.0010 117 318 144 350
chair 0.0010 422 110 479 129
chair 0.0010 446 151 479 186
chair 0.0010 355 166 381 200
chair 0.0010 376 163 388 196
sofa 0.0668 331 228 479 357
sofa 0.0293 0 281 54 358
sofa 0.0284 332 294 478 357
sofa 0.0282 429 287 479 360
sofa 0.0195 194 308 335 358
sofa 0.0124 192 278 479 357
sofa 0.0058 449 295 479 353
sofa 0.0054 0 278 52 317
sofa 0.0033 193 237 334 356
sofa 0.0018 424 231 479 358
sofa 0.0016 230 203 478 357
sofa 0.0014 201 95 294 217
sofa 0.0011 0 264 158 357
pottedplant 0.8558 263 45 361 109
pottedplant 0.7907 8 46 54 84
pottedplant 0.7119 68 23 120 173
pottedplant 0.7004 102 142 205 211
pottedplant 0.6665 342 131 406 204
pottedplant 0.6222 46 225 91 282
pottedplant 0.6209 78 160 136 251
pottedplant 0.5482 0 112 49 267
pottedplant 0.5214 0 245 28 281
pottedplant 0.4989 387 189 416 218
pottedplant 0.4986 41 205 80 247
pottedplant 0.4308 415 145 463 195
pottedplant 0.3974 343 247 444 353
pottedplant 0.3192 430 186 458 225
pottedplant 0.3113 198 196 379 354
pottedplant 0.2946 413 197 434 225
pottedplant 0.2529 419 226 479 351
pottedplant 0.2450 0 280 53 358
pottedplant 0.2227 1 74 81 270
pottedplant 0.2040 0 241 8 272
pottedplant 0.1756 0 260 158 357
pottedplant 0.0966 401 192 423 221
pottedplant 0.0844 55 249 136 320
pottedplant 0.0750 390 134 423 193
pottedplant 0.0725 414 147 440 196
pottedplant 0.0592 0 193 48 278
pottedplant 0.0562 267 161 294 201
pottedplant 0.0515 262 47 299 108
pottedplant 0.0445 310 127 369 209
pottedplant 0.0406 67 34 168 252
pottedplant 0.0406 49 252 76 280
pottedplant 0.0404 6 294 95 358
pottedplant 0.0397 257 194 469 355
pottedplant 0.0379 415 170 437 195
pottedplant 0.0347 0 299 36 344
pottedplant 0.0340 77 125 102 201
pottedplant 0.0338 280 109 351 215
pottedplant 0.0332 124 180 147 222
pottedplant 0.0329 59 179 386 355
pottedplant 0.0323 7 48 28 81
pottedplant 0.0302 257 34 371 216
pottedplant 0.0288 52 221 69 244
pottedplant 0.0287 0 259 8 277
pottedplant 0.0278 31 293 153 358
pottedplant 0.0278 313 140 345 192
pottedplant 0.0264 0 278 52 317
pottedplant 0.0260 272 163 293 186
pottedplant 0.0255 50 195 88 233
pottedplant 0.0243 419 110 479 156
pottedplant 0.0242 446 225 479 332
pottedplant 0.0222 0 79 33 239
pottedplant 0.0222 392 195 407 218
pottedplant 0.0215 262 201 362 295
pottedplant 0.0209 390 312 435 358
pottedplant 0.0199 81 269 158 357
pottedplant 0.0186 3 213 236 358
pottedplant 0.0173 65 228 130 289
pottedplant 0.0167 135 168 167 210
pottedplant 0.0165 416 206 432 224
pottedplant 0.0164 455 168 479 207
pottedplant 0.0158 345 139 382 198
pottedplant 0.0156 30 50 55 85
pottedplant 0.0153 128 77 428 352
pottedplant 0.0153 55 216 81 243
pottedplant 0.0150 42 253 116 355
pottedplant 0.0137 0 138 32 215
pottedplant 0.0133 334 76 353 104
pottedplant 0.0123 146 96 156 106
pottedplant 0.0119 276 161 292 177
pottedplant 0.0119 78 169 105 195
pottedplant 0.0118 42 248 58 276
pottedplant 0.0116 454 196 479 220
pottedplant 0.0115 102 306 158 358
pottedplant 0.0114 137 300 232 358
pottedplant 0.0113 67 215 82 241
pottedplant 0.0111 4 0 37 40
pottedplant 0.0109 314 166 343 196
pottedplant 0.0108 40 248 53 269
pottedplant 0.0103 110 171 146 215
pottedplant 0.0101 49 243 321 358
pottedplant 0.0099 385 192 401 217
pottedplant 0.0099 74 230 112 277
pottedplant 0.0098 73 132 197 244
pottedplant 0.0097 22 30 126 256
pottedplant 0.0094 47 254 63 279
pottedplant 0.0093 49 222 78 253
pottedplant 0.0088 0 226 8 258
pottedplant 0.0083 191 306 335 357
pottedplant 0.0083 344 303 440 358
pottedplant 0.0082 44 240 65 276
pottedplant 0.0081 0 245 37 305
pottedplant 0.0078 82 127 102 172
pottedplant 0.0076 385 199 394 217
pottedplant 0.0071 203 253 327 345
pottedplant 0.0067 41 234 60 272
pottedplant 0.0066 366 132 406 173
pottedplant 0.0065 363 289 430 344
pottedplant 0.0064 -2 230 50 348
pottedplant 0.0060 454 226 479 286
pottedplant 0.0059 9 64 31 83
diningtable 0.1616 257 98 371 218
diningtable 0.0077 0 256 28 282
diningtable 0.0040 332 294 478 357
diningtable 0.0025 238 91 390 310
diningtable 0.0024 429 287 479 360
diningtable 0.0020 107 345 163 359
diningtable 0.0016 256 80 371 141
diningtable 0.0011 0 281 54 358
diningtable 0.0011 258 102 370 128
diningtable 0.0010 454 193 479 221
diningtable 0.0010 456 169 479 206
diningtable 0.0010 208 94 295 222
tvmonitor 0.0024 96 40 173 139
tvmonitor 0.0022 355 166 381 200
