person 0.8606 117 97 238 307
person 0.7579 301 262 317 318
person 0.0531 117 98 205 201
person 0.0031 189 142 233 294
person 0.0028 234 300 299 442
person 0.0011 221 472 241 479
person 0.0011 93 274 123 332
bird 0.0011 93 387 109 394
horse 0.9152 90 160 253 454
horse 0.8231 253 306 317 387
horse 0.0418 237 306 316 440
horse 0.0041 94 169 146 340
horse 0.0013 93 272 129 337
horse 0.0013 235 322 276 438
horse 0.0010 151 300 221 436
sheep 0.0015 276 337 318 387
cow 0.0047 235 299 315 439
cow 0.0011 235 322 276 438
pottedplant 0.0112 302 261 317 317
pottedplant 0.0026 278 197 317 303
pottedplant 0.0010 277 256 313 295
