person 0.0458 436 1 498 61
car 0.0124 436 4 478 59
car 0.0092 365 0 434 17
car 0.0017 399 0 433 17
motorbike 0.0079 435 0 498 61
aeroplane 0.0022 359 0 434 17
boat 0.0416 365 0 434 17
boat 0.0090 399 0 434 17
boat 0.0016 461 0 499 61
boat 0.0010 364 0 402 14
bird 0.0026 435 0 498 61
bird 0.0011 399 0 434 17
dog 0.9183 226 98 381 226
dog 0.0055 461 0 499 60
horse 0.0152 436 0 498 61
sheep 0.0352 436 0 499 60
sheep 0.0015 144 0 218 27
sheep 0.0014 226 95 381 230
cow 0.0186 436 0 494 60
cow 0.0013 140 0 262 27
chair 0.0055 461 0 499 60
pottedplant 0.0019 461 1 499 62
