person 0.8828 0 177 32 250
person 0.8329 470 149 489 209
person 0.1160 71 149 82 170
person 0.0262 55 150 73 171
person 0.0233 417 144 431 153
person 0.0171 64 150 81 171
person 0.0159 0 182 10 207
person 0.0057 223 170 249 186
person 0.0048 445 144 455 159
person 0.0047 267 136 279 151
person 0.0045 76 149 94 170
person 0.0043 472 149 485 165
person 0.0039 221 171 237 186
person 0.0036 1 188 22 212
person 0.0034 0 177 30 213
person 0.0030 281 135 307 151
person 0.0022 239 134 263 149
person 0.0017 467 153 481 168
person 0.0016 71 153 92 175
person 0.0015 172 151 196 179
person 0.0011 471 136 494 157
person 0.0010 219 166 235 184
person 0.0010 221 169 256 198
person 0.0010 70 142 88 170
bicycle 0.0018 454 333 498 372
bicycle 0.0013 71 149 82 170
car 0.1465 414 144 432 153
car 0.0617 176 131 320 187
car 0.0330 445 144 454 159
car 0.0250 298 134 315 148
car 0.0214 445 142 479 164
car 0.0196 445 134 498 165
car 0.0147 1 246 212 371
car 0.0074 470 135 499 161
car 0.0073 237 133 291 151
car 0.0065 282 134 308 151
car 0.0041 239 134 267 149
car 0.0031 454 129 477 143
car 0.0030 162 150 203 185
car 0.0026 244 130 315 157
car 0.0022 438 158 453 169
car 0.0021 459 125 500 149
car 0.0018 451 152 474 165
car 0.0018 168 147 332 267
car 0.0017 427 188 446 197
car 0.0017 366 131 435 154
car 0.0015 425 144 446 156
car 0.0011 172 150 208 174
car 0.0011 436 140 454 157
car 0.0010 393 141 427 157
bus 0.0510 445 127 499 168
bus 0.0105 470 134 499 162
bus 0.0046 165 129 329 191
bus 0.0038 1 245 213 371
bus 0.0021 446 138 485 165
bus 0.0017 453 131 477 144
bus 0.0011 459 125 500 149
train 0.0023 165 129 329 191
train 0.0023 447 130 499 166
train 0.0017 1 245 213 371
boat 0.0027 0 245 218 371
dog 0.0065 71 149 82 170
dog 0.0026 3 201 19 212
dog 0.0013 64 150 81 171
bottle 0.0025 483 350 499 373
bottle 0.0013 3 198 20 212
chair 0.0156 9 150 39 174
chair 0.0092 72 148 86 170
chair 0.0072 76 149 94 170
chair 0.0055 0 246 217 371
chair 0.0052 55 151 72 171
chair 0.0049 0 195 31 251
chair 0.0046 163 150 198 183
chair 0.0028 64 150 81 171
chair 0.0025 0 215 23 249
chair 0.0021 37 150 66 173
chair 0.0016 163 163 191 184
chair 0.0011 163 168 179 184
sofa 0.0011 3 190 29 241
sofa 0.0010 1 246 214 371
pottedplant 0.0381 284 217 477 373
pottedplant 0.0179 285 68 469 372
tvmonitor 0.1539 0 247 212 372
