person 0.9022 189 66 283 280
person 0.0333 68 156 77 182
person 0.0149 130 154 139 167
person 0.0028 36 155 45 181
person 0.0017 0 186 17 201
person 0.0012 32 168 45 184
person 0.0012 108 163 162 193
bicycle 0.0026 28 162 129 193
boat 0.0015 41 72 74 171
bird 0.0020 129 154 138 167
bird 0.0018 68 156 77 182
bottle 0.3164 339 166 349 188
bottle 0.3156 362 153 388 195
bottle 0.2925 350 155 362 191
bottle 0.1937 68 296 95 332
bottle 0.1034 335 156 344 183
bottle 0.0793 354 164 363 192
bottle 0.0385 360 153 370 167
bottle 0.0323 333 158 341 182
bottle 0.0268 130 154 139 167
bottle 0.0260 36 156 45 182
bottle 0.0179 169 146 178 157
bottle 0.0141 340 50 354 74
bottle 0.0136 68 293 84 310
bottle 0.0134 359 144 370 166
bottle 0.0109 69 155 77 182
bottle 0.0104 360 153 370 186
bottle 0.0104 365 153 386 171
bottle 0.0097 302 75 311 105
bottle 0.0097 322 146 333 167
bottle 0.0094 351 67 360 88
bottle 0.0081 187 142 208 172
bottle 0.0071 344 60 357 86
bottle 0.0070 335 169 344 184
bottle 0.0062 356 141 368 161
bottle 0.0059 363 142 373 161
bottle 0.0059 340 151 349 176
bottle 0.0051 334 141 343 166
bottle 0.0048 367 0 390 26
bottle 0.0039 182 142 199 171
bottle 0.0032 342 133 353 151
bottle 0.0031 344 139 356 156
bottle 0.0027 334 140 342 154
bottle 0.0024 117 169 128 181
bottle 0.0023 120 159 138 175
bottle 0.0023 340 43 360 82
bottle 0.0021 462 153 471 176
bottle 0.0021 333 151 345 168
bottle 0.0020 320 166 339 182
bottle 0.0019 300 68 309 90
bottle 0.0018 295 75 307 99
bottle 0.0018 375 154 386 169
bottle 0.0018 156 157 186 177
bottle 0.0017 366 141 374 158
bottle 0.0016 32 168 45 184
bottle 0.0016 132 151 141 165
bottle 0.0016 305 111 314 123
bottle 0.0014 316 84 326 103
bottle 0.0014 307 84 319 106
bottle 0.0013 191 153 207 171
bottle 0.0012 112 165 161 192
bottle 0.0012 328 73 346 90
bottle 0.0012 297 166 335 179
bottle 0.0011 353 0 368 22
bottle 0.0011 58 290 110 310
bottle 0.0010 310 110 324 125
bottle 0.0010 47 289 97 329
bottle 0.0010 314 129 324 144
bottle 0.0010 352 140 365 156
bottle 0.0010 43 176 55 187
chair 0.9137 2 199 120 293
chair 0.9034 368 231 498 331
chair 0.8865 298 207 383 305
chair 0.8396 243 274 369 316
chair 0.2832 336 314 466 332
chair 0.0649 24 267 125 287
chair 0.0236 0 291 72 332
chair 0.0101 0 293 40 328
chair 0.0046 50 187 72 197
chair 0.0021 0 167 39 189
chair 0.0021 312 228 449 328
chair 0.0018 0 166 35 179
chair 0.0018 21 282 127 313
chair 0.0017 105 164 161 192
chair 0.0016 0 309 22 332
chair 0.0015 87 269 120 284
chair 0.0015 245 274 300 296
chair 0.0014 322 289 372 318
chair 0.0013 388 168 436 205
chair 0.0013 156 157 184 178
chair 0.0012 0 128 40 180
chair 0.0012 314 301 367 319
chair 0.0011 0 270 162 325
chair 0.0010 48 296 98 332
sofa 0.0017 389 168 437 203
pottedplant 0.4816 309 0 344 73
pottedplant 0.0084 309 90 371 165
pottedplant 0.0059 41 74 74 176
pottedplant 0.0043 127 154 139 167
pottedplant 0.0039 46 99 108 173
pottedplant 0.0037 54 131 90 169
pottedplant 0.0027 354 0 392 26
pottedplant 0.0025 353 0 368 22
pottedplant 0.0024 66 117 107 166
pottedplant 0.0019 36 155 45 181
pottedplant 0.0019 44 79 145 176
pottedplant 0.0014 366 0 421 24
pottedplant 0.0013 12 172 54 195
pottedplant 0.0012 45 124 71 169
pottedplant 0.0011 340 48 353 74
pottedplant 0.0010 49 154 66 176
pottedplant 0.0010 39 155 129 190
pottedplant 0.0010 42 159 71 185
diningtable 0.7531 0 260 354 333
diningtable 0.0925 334 314 464 332
diningtable 0.0637 0 278 194 328
diningtable 0.0324 177 284 471 328
diningtable 0.0115 0 291 72 332
diningtable 0.0078 15 303 124 332
diningtable 0.0074 260 305 439 333
diningtable 0.0069 0 189 55 285
diningtable 0.0052 0 182 54 223
diningtable 0.0041 2 186 55 203
diningtable 0.0036 1 172 54 198
diningtable 0.0036 24 267 125 287
diningtable 0.0031 12 169 132 197
diningtable 0.0027 50 289 327 332
diningtable 0.0022 24 287 123 317
diningtable 0.0021 358 212 500 329
diningtable 0.0021 203 273 402 318
diningtable 0.0020 0 193 114 291
diningtable 0.0019 94 264 436 321
diningtable 0.0019 0 293 40 328
diningtable 0.0018 0 178 75 244
diningtable 0.0015 370 180 499 241
diningtable 0.0014 41 296 191 330
diningtable 0.0013 329 269 488 328
diningtable 0.0012 21 314 77 331
diningtable 0.0011 209 247 492 327
diningtable 0.0010 66 178 122 192
diningtable 0.0010 69 164 162 195
tvmonitor 0.0056 306 50 334 79
tvmonitor 0.0011 391 168 436 206
