person 0.6899 165 108 215 185
person 0.4920 124 137 165 226
person 0.0935 217 153 251 188
person 0.0505 127 137 165 182
person 0.0126 190 109 215 147
person 0.0074 409 145 440 230
person 0.0067 138 138 166 168
person 0.0043 0 213 16 318
person 0.0024 438 155 491 309
person 0.0023 163 128 188 200
person 0.0013 104 94 240 243
person 0.0011 0 171 21 338
bottle 0.8972 377 153 436 310
bottle 0.8900 438 160 491 311
bottle 0.8892 90 143 139 311
bottle 0.8818 33 169 83 307
bottle 0.8775 174 135 218 311
bottle 0.8735 139 165 180 296
bottle 0.8731 308 132 354 307
bottle 0.8711 238 131 283 305
bottle 0.8666 277 149 307 295
bottle 0.8275 340 151 376 294
bottle 0.7972 5 167 37 284
bottle 0.6710 403 136 441 279
bottle 0.5663 1 209 17 319
bottle 0.4225 216 168 243 296
bottle 0.3392 248 128 270 182
bottle 0.2209 218 230 242 295
bottle 0.1440 44 167 69 219
bottle 0.1206 182 141 207 209
bottle 0.1204 409 145 440 230
bottle 0.1142 125 137 165 225
bottle 0.0994 339 153 364 206
bottle 0.0981 399 131 424 183
bottle 0.0903 102 140 127 204
bottle 0.0641 318 132 342 195
bottle 0.0525 218 172 236 197
bottle 0.0413 19 165 42 238
bottle 0.0412 31 193 46 287
bottle 0.0336 217 174 239 232
bottle 0.0320 266 137 278 183
bottle 0.0316 56 189 82 291
bottle 0.0291 218 149 253 193
bottle 0.0284 381 151 419 226
bottle 0.0171 300 174 320 208
bottle 0.0160 453 123 489 202
bottle 0.0141 215 192 242 255
bottle 0.0135 60 171 77 227
bottle 0.0129 127 137 165 182
bottle 0.0122 21 169 37 211
bottle 0.0121 277 154 305 215
bottle 0.0121 240 131 275 235
bottle 0.0112 0 264 18 335
bottle 0.0108 414 176 440 237
bottle 0.0095 174 221 220 309
bottle 0.0092 282 220 306 292
bottle 0.0085 165 108 216 187
bottle 0.0082 332 140 343 188
bottle 0.0081 153 167 174 217
bottle 0.0080 451 161 478 217
bottle 0.0077 32 205 45 258
bottle 0.0073 351 189 374 285
bottle 0.0070 33 209 45 234
bottle 0.0064 61 176 72 202
bottle 0.0063 79 206 97 286
bottle 0.0062 19 196 35 284
bottle 0.0061 277 151 298 187
bottle 0.0059 64 204 79 229
bottle 0.0055 266 157 286 209
bottle 0.0054 42 170 57 218
bottle 0.0054 163 128 188 200
bottle 0.0050 171 145 195 216
bottle 0.0047 10 165 33 210
bottle 0.0047 26 188 43 235
bottle 0.0046 238 144 268 203
bottle 0.0045 487 233 499 295
bottle 0.0042 0 183 12 284
bottle 0.0029 453 119 498 251
bottle 0.0029 2 267 17 310
bottle 0.0026 0 165 20 284
bottle 0.0026 381 174 400 222
bottle 0.0026 201 146 219 209
bottle 0.0025 300 138 322 203
bottle 0.0024 276 152 292 175
bottle 0.0023 285 154 301 186
bottle 0.0023 81 252 96 281
bottle 0.0022 0 192 9 254
bottle 0.0022 264 150 287 249
bottle 0.0021 269 152 282 184
bottle 0.0021 154 170 172 199
bottle 0.0021 372 198 386 279
bottle 0.0021 238 179 254 201
bottle 0.0020 85 179 100 288
bottle 0.0020 305 169 320 239
bottle 0.0020 0 195 9 227
bottle 0.0019 320 134 339 170
bottle 0.0019 187 139 216 178
bottle 0.0018 204 172 219 211
bottle 0.0016 3 193 26 288
bottle 0.0015 391 161 401 180
bottle 0.0013 242 211 284 312
bottle 0.0013 0 191 14 219
bottle 0.0013 55 199 79 229
bottle 0.0013 454 172 476 205
bottle 0.0013 174 323 241 357
bottle 0.0012 485 165 499 293
bottle 0.0012 251 130 267 157
bottle 0.0012 65 215 82 289
bottle 0.0012 360 178 395 232
bottle 0.0011 376 202 389 268
bottle 0.0011 308 188 319 217
bottle 0.0011 141 231 177 293
chair 0.0567 217 154 251 188
chair 0.0214 68 187 104 243
chair 0.0043 123 167 158 218
chair 0.0032 127 137 165 182
chair 0.0013 129 148 162 237
chair 0.0012 360 178 397 218
sofa 0.0109 67 187 104 243
diningtable 0.1726 -8 114 509 376
diningtable 0.1426 -4 271 501 370
diningtable 0.0019 336 307 496 371
diningtable 0.0015 187 302 498 369
