person 0.7845 8 272 19 304
person 0.7084 331 290 344 373
person 0.3632 297 346 327 390
person 0.0332 305 347 330 372
person 0.0224 0 287 8 302
person 0.0057 316 350 330 371
person 0.0056 302 333 327 364
person 0.0040 302 331 322 354
person 0.0037 0 270 9 298
person 0.0035 320 345 330 361
person 0.0011 318 357 329 373
person 0.0010 335 337 343 373
bicycle 0.0172 1 287 10 303
bicycle 0.0027 6 273 18 304
bicycle 0.0020 305 347 330 372
bicycle 0.0011 320 345 330 361
car 0.0132 0 285 9 301
car 0.0126 321 317 332 332
car 0.0039 1 233 20 241
car 0.0016 0 235 16 303
car 0.0014 0 270 10 298
motorbike 0.0078 298 352 324 390
motorbike 0.0068 0 286 8 302
motorbike 0.0060 141 16 204 74
motorbike 0.0049 305 347 330 372
aeroplane 0.0109 1 232 20 241
aeroplane 0.0010 0 233 21 295
bus 0.0181 0 232 21 295
train 0.7742 16 18 325 363
train 0.1156 0 233 20 302
train 0.0039 0 237 21 270
boat 0.0145 0 231 20 301
boat 0.0091 1 232 21 241
boat 0.0042 0 237 21 270
dog 0.0066 298 352 324 390
dog 0.0023 299 369 319 389
horse 0.0016 298 352 324 390
chair 0.0051 104 341 257 450
chair 0.0046 143 349 199 394
chair 0.0036 75 333 164 484
chair 0.0033 183 341 258 441
chair 0.0020 297 352 326 391
chair 0.0019 45 340 85 420
chair 0.0014 256 344 296 423
chair 0.0012 0 287 8 302
chair 0.0010 302 333 327 364
sofa 0.0095 76 336 259 457
