person 0.3835 208 227 264 273
person 0.0036 96 223 157 273
person 0.0023 120 253 167 273
person 0.0019 238 220 263 266
person 0.0017 85 215 128 272
person 0.0013 68 336 88 358
car 0.9413 18 192 341 476
car 0.0019 303 48 374 337
car 0.0018 55 196 292 281
car 0.0013 30 15 370 426
bus 0.0777 -5 6 61 341
bus 0.0292 303 21 374 351
bus 0.0049 -55 -1 57 370
bus 0.0044 30 15 370 426
bus 0.0014 244 48 370 343
bus 0.0010 0 5 152 355
train 0.0010 2 3 390 486
dog 0.0012 207 226 261 274
chair 0.0017 120 254 167 273
