person 0.9060 18 18 494 412
person 0.0162 270 346 328 413
person 0.0033 238 371 276 414
person 0.0026 265 280 333 409
person 0.0023 6 239 223 413
person 0.0017 248 275 400 412
person 0.0016 12 253 191 330
person 0.0014 130 283 215 410
person 0.0012 168 363 227 415
bicycle 0.0544 26 215 494 413
bicycle 0.0543 180 296 443 414
bicycle 0.0238 11 254 228 411
bicycle 0.0030 366 406 431 415
bicycle 0.0011 315 284 501 412
motorbike 0.0315 11 195 507 413
motorbike 0.0134 11 254 228 411
aeroplane 0.0014 11 167 500 413
boat 0.0014 26 215 494 413
chair 0.0037 139 139 488 412
chair 0.0026 319 288 393 412
chair 0.0025 368 407 432 415
chair 0.0010 253 282 405 413
