person 0.8540 57 75 77 124
person 0.7979 45 79 63 129
person 0.1834 25 117 35 134
person 0.1021 396 38 403 52
person 0.0305 91 95 100 109
person 0.0213 0 118 36 148
person 0.0120 48 78 57 94
person 0.0069 132 89 143 117
person 0.0067 108 93 121 106
person 0.0057 146 91 165 115
person 0.0031 57 75 64 91
person 0.0029 93 95 106 109
person 0.0024 424 36 451 57
person 0.0017 60 98 70 124
person 0.0012 45 82 56 101
person 0.0011 131 88 169 117
bicycle 0.0172 107 89 123 105
bicycle 0.0120 45 79 63 128
bicycle 0.0103 24 117 37 137
bicycle 0.0034 0 119 33 150
bicycle 0.0021 97 91 122 107
bicycle 0.0014 91 95 100 109
bicycle 0.0011 323 55 340 77
bicycle 0.0010 94 95 116 109
bicycle 0.0010 396 38 403 52
bicycle 0.0010 294 53 344 90
bicycle 0.0010 182 29 351 83
car 0.4253 329 44 357 55
car 0.3155 120 30 364 183
car 0.2838 0 119 34 150
car 0.0758 421 37 451 56
car 0.0174 324 45 344 56
car 0.0122 24 117 38 139
car 0.0049 26 117 36 132
car 0.0047 343 46 358 55
car 0.0031 323 43 360 72
car 0.0027 108 93 121 106
motorbike 0.0258 25 117 36 133
motorbike 0.0137 325 44 358 55
motorbike 0.0088 0 117 37 153
motorbike 0.0067 116 30 365 183
motorbike 0.0048 107 89 124 105
motorbike 0.0032 45 79 63 128
motorbike 0.0021 421 37 451 56
motorbike 0.0013 396 38 403 51
aeroplane 0.0011 421 37 452 56
bus 0.0082 421 37 451 56
bus 0.0033 118 30 368 182
bus 0.0021 0 118 35 151
bus 0.0013 325 44 358 55
train 0.0094 116 30 365 183
boat 0.0016 0 116 37 154
boat 0.0014 421 37 451 56
bird 0.0011 92 95 100 109
dog 0.0011 91 95 100 109
dog 0.0010 146 91 165 115
horse 0.0124 0 118 36 148
horse 0.0077 421 36 452 56
horse 0.0049 25 117 36 133
horse 0.0036 396 38 403 51
horse 0.0010 45 80 62 128
cow 0.0107 421 36 452 57
cow 0.0018 108 93 121 106
cow 0.0011 396 38 403 51
chair 0.0040 421 36 452 57
chair 0.0015 0 119 31 150
chair 0.0010 25 117 35 135
tvmonitor 0.0012 119 30 367 183
