person 0.0521 481 51 499 108
person 0.0479 222 124 250 168
person 0.0118 125 288 230 373
person 0.0077 223 135 241 175
person 0.0026 439 20 455 43
person 0.0013 485 84 498 106
person 0.0012 226 91 240 115
person 0.0011 110 133 123 155
motorbike 0.0011 431 20 454 44
bird 0.0039 133 77 154 112
bird 0.0025 226 91 240 115
cat 0.0115 130 288 240 373
cat 0.0023 133 77 154 112
cat 0.0018 124 312 161 374
cat 0.0013 111 132 123 154
dog 0.1338 124 289 233 373
dog 0.0035 124 313 161 373
dog 0.0027 88 250 117 284
horse 0.0027 431 20 454 44
horse 0.0021 111 132 123 154
horse 0.0021 124 159 158 195
horse 0.0017 133 77 154 112
horse 0.0010 96 135 112 154
sheep 0.0010 124 288 239 373
cow 0.0019 124 289 233 373
bottle 0.0839 445 312 458 340
bottle 0.0262 486 320 499 369
bottle 0.0199 401 346 435 374
bottle 0.0186 456 320 480 345
bottle 0.0048 274 226 313 293
bottle 0.0046 434 340 487 372
bottle 0.0029 458 304 479 323
bottle 0.0024 404 296 425 306
bottle 0.0024 478 321 491 343
bottle 0.0019 394 299 448 332
bottle 0.0017 299 243 315 292
bottle 0.0015 107 132 119 154
bottle 0.0014 460 303 483 338
bottle 0.0013 399 296 419 304
bottle 0.0012 462 281 497 347
bottle 0.0012 442 335 461 349
bottle 0.0010 490 319 499 340
chair 0.9338 1 200 63 298
chair 0.2451 125 288 231 373
chair 0.1313 121 217 153 320
chair 0.0904 88 206 124 290
chair 0.0402 88 247 119 286
chair 0.0274 127 199 163 310
chair 0.0220 0 232 11 295
chair 0.0106 255 283 324 373
chair 0.0072 100 212 119 261
chair 0.0059 124 313 162 372
chair 0.0056 151 239 163 297
chair 0.0050 0 232 11 255
chair 0.0040 89 253 110 279
chair 0.0030 121 224 140 307
chair 0.0024 132 200 150 235
chair 0.0023 100 190 130 240
chair 0.0022 219 319 256 373
chair 0.0020 2 232 27 253
chair 0.0020 139 229 156 310
chair 0.0017 116 213 132 261
chair 0.0011 272 224 315 291
chair 0.0011 139 198 163 242
chair 0.0010 145 288 218 333
chair 0.0010 181 251 264 357
sofa 0.0953 125 290 240 373
sofa 0.0035 1 215 60 296
sofa 0.0021 255 284 324 372
sofa 0.0016 0 232 11 288
sofa 0.0015 98 189 133 257
sofa 0.0011 125 314 161 372
pottedplant 0.0878 121 159 159 196
pottedplant 0.0070 133 77 155 170
pottedplant 0.0070 459 271 499 343
pottedplant 0.0059 130 183 156 195
pottedplant 0.0046 134 77 154 112
pottedplant 0.0035 93 189 131 287
pottedplant 0.0030 459 304 479 322
pottedplant 0.0026 457 290 480 324
pottedplant 0.0022 179 238 266 333
pottedplant 0.0021 395 299 447 330
pottedplant 0.0020 107 132 119 154
pottedplant 0.0018 111 132 123 154
pottedplant 0.0018 455 300 480 344
pottedplant 0.0017 124 159 150 186
pottedplant 0.0016 207 213 246 248
pottedplant 0.0016 96 157 122 190
pottedplant 0.0015 379 4 499 339
pottedplant 0.0014 100 212 119 261
pottedplant 0.0012 100 190 130 240
pottedplant 0.0010 137 160 157 186
diningtable 0.2487 287 304 493 372
diningtable 0.0283 290 323 411 373
diningtable 0.0120 1 220 61 296
diningtable 0.0115 0 232 18 257
diningtable 0.0103 121 211 160 313
diningtable 0.0095 0 228 15 294
diningtable 0.0067 0 232 10 252
diningtable 0.0036 2 231 27 251
diningtable 0.0014 124 289 233 373
tvmonitor 0.0024 132 201 149 231
tvmonitor 0.0021 137 287 231 365
tvmonitor 0.0017 255 284 324 372
tvmonitor 0.0010 272 224 315 291
