person 0.1246 260 110 268 124
person 0.0234 229 165 236 173
person 0.0196 417 162 425 178
person 0.0046 395 161 404 176
person 0.0044 397 193 408 207
person 0.0027 415 192 424 209
person 0.0022 301 147 322 154
person 0.0019 337 194 346 211
person 0.0017 356 195 367 209
person 0.0015 226 189 233 200
person 0.0012 203 187 212 199
person 0.0011 259 137 267 147
person 0.0011 228 124 240 131
car 0.0019 301 147 322 154
car 0.0011 348 143 376 152
boat 0.9318 111 18 466 250
boat 0.0201 195 227 222 238
boat 0.0049 114 150 472 253
boat 0.0026 207 228 227 238
boat 0.0018 104 198 122 206
