person 0.1556 303 133 317 147
person 0.0448 268 120 280 143
person 0.0352 195 136 207 148
person 0.0226 312 133 323 146
person 0.0222 263 118 271 141
person 0.0102 226 124 239 146
person 0.0049 265 119 276 144
person 0.0047 299 128 331 148
person 0.0044 306 132 325 148
person 0.0029 188 132 216 149
person 0.0026 318 130 330 147
person 0.0018 153 131 169 152
car 0.0011 38 341 458 370
motorbike 0.0036 59 340 471 371
bird 0.0038 303 133 317 147
bird 0.0017 153 131 169 152
bird 0.0016 347 179 381 216
cat 0.0014 153 131 170 151
dog 0.0055 305 133 318 146
dog 0.0010 312 132 323 145
bottle 0.0024 153 131 169 152
bottle 0.0019 168 119 187 152
chair 0.0262 465 178 499 333
chair 0.0067 68 340 421 371
chair 0.0067 46 159 125 241
chair 0.0061 0 240 20 317
chair 0.0053 450 88 499 211
chair 0.0039 480 210 499 275
chair 0.0037 479 187 499 219
chair 0.0031 454 94 498 336
chair 0.0019 450 89 498 143
chair 0.0019 295 124 336 152
chair 0.0014 28 303 470 372
chair 0.0013 304 132 321 147
chair 0.0012 0 247 25 369
sofa 0.9166 9 147 483 360
sofa 0.0019 38 341 458 370
pottedplant 0.0083 153 131 170 151
pottedplant 0.0024 168 119 187 151
pottedplant 0.0012 479 188 499 218
diningtable 0.0391 59 340 471 371
diningtable 0.0030 468 177 498 334
diningtable 0.0024 483 220 499 235
diningtable 0.0014 480 195 499 237
diningtable 0.0014 480 213 499 273
tvmonitor 0.0084 187 131 215 150
