person 0.4134 486 221 499 256
person 0.0639 459 201 469 229
person 0.0389 460 202 469 215
person 0.0343 475 212 486 243
person 0.0312 486 231 495 255
person 0.0312 486 209 494 221
person 0.0191 473 207 480 217
person 0.0189 487 204 498 218
person 0.0169 490 207 499 223
person 0.0159 103 153 113 168
person 0.0158 470 206 478 217
person 0.0156 86 150 97 167
person 0.0151 396 89 412 110
person 0.0133 366 231 375 248
person 0.0130 478 208 485 217
person 0.0120 354 235 366 252
person 0.0111 365 234 372 249
person 0.0093 468 204 475 217
person 0.0080 464 206 473 231
person 0.0079 467 211 475 234
person 0.0049 491 203 499 215
person 0.0047 54 148 61 156
person 0.0039 101 156 111 171
person 0.0038 480 216 489 246
person 0.0037 334 234 366 252
person 0.0034 469 216 477 242
person 0.0034 488 203 498 212
person 0.0025 427 207 475 244
person 0.0024 482 200 494 212
person 0.0024 369 233 378 247
person 0.0021 66 147 75 157
person 0.0021 386 88 413 125
person 0.0021 369 225 414 247
person 0.0020 105 152 112 163
person 0.0020 205 211 216 243
person 0.0019 453 207 465 229
person 0.0018 390 74 414 110
person 0.0013 52 145 64 157
person 0.0013 332 122 345 133
person 0.0011 100 155 114 176
person 0.0011 369 230 386 247
person 0.0010 447 216 464 229
person 0.0010 29 147 43 157
person 0.0010 296 113 318 128
person 0.0010 187 211 196 244
car 0.0442 368 226 413 247
car 0.0043 418 215 490 248
car 0.0032 486 221 499 257
car 0.0032 0 233 12 244
car 0.0032 326 234 371 252
car 0.0019 299 235 308 244
car 0.0016 377 200 466 243
car 0.0015 363 218 446 247
car 0.0014 369 230 386 247
car 0.0012 0 233 20 249
car 0.0011 0 216 19 246
aeroplane 0.8728 13 60 500 252
aeroplane 0.6616 281 27 492 136
aeroplane 0.1665 294 63 451 134
aeroplane 0.0033 366 201 476 249
aeroplane 0.0024 229 28 492 207
aeroplane 0.0018 281 91 398 133
aeroplane 0.0017 390 74 414 110
aeroplane 0.0012 296 113 318 128
aeroplane 0.0011 5 114 192 230
aeroplane 0.0011 6 101 327 247
aeroplane 0.0011 279 95 328 128
bus 0.0014 366 201 476 249
bus 0.0012 325 234 369 252
boat 0.0010 284 24 494 137
