person 0.5228 31 299 47 347
person 0.4954 347 208 363 230
person 0.1577 23 272 49 334
person 0.0711 26 273 48 303
person 0.0597 41 303 72 356
person 0.0425 9 295 21 321
person 0.0422 367 207 380 228
person 0.0187 206 185 231 203
person 0.0112 34 278 49 302
person 0.0110 104 179 129 198
person 0.0106 366 206 381 250
person 0.0067 24 277 40 318
person 0.0066 130 190 141 199
person 0.0061 67 259 79 277
person 0.0059 187 251 203 265
person 0.0050 43 277 91 360
person 0.0042 450 119 498 191
person 0.0038 23 282 32 302
person 0.0038 28 273 45 293
person 0.0038 367 210 376 224
person 0.0034 45 310 86 363
person 0.0031 47 279 92 325
person 0.0030 372 212 383 234
person 0.0029 492 311 499 365
person 0.0027 37 301 53 350
person 0.0024 28 286 44 342
person 0.0021 151 248 179 275
person 0.0021 1 292 26 321
person 0.0017 41 304 113 363
person 0.0017 205 184 264 205
person 0.0015 433 134 471 187
person 0.0014 275 189 326 220
person 0.0014 23 276 37 301
person 0.0013 78 283 89 298
person 0.0012 122 327 141 337
person 0.0010 174 252 203 269
bicycle 0.0017 39 302 115 362
car 0.1036 1 292 26 321
car 0.0061 9 295 21 321
car 0.0047 492 312 499 363
car 0.0017 17 280 38 320
car 0.0017 38 285 122 362
car 0.0015 23 272 49 337
aeroplane 0.0046 5 167 315 258
aeroplane 0.0036 0 177 151 259
aeroplane 0.0031 1 284 50 323
aeroplane 0.0019 0 197 82 278
aeroplane 0.0017 1 251 72 281
aeroplane 0.0013 21 165 471 364
aeroplane 0.0013 1 255 60 299
aeroplane 0.0012 1 265 66 322
bus 0.0016 373 0 499 289
bus 0.0015 0 292 26 322
train 0.8820 18 167 475 365
train 0.0149 428 191 500 306
train 0.0028 176 179 315 223
train 0.0025 1 284 50 323
train 0.0020 0 168 336 304
train 0.0020 372 -1 499 338
train 0.0018 237 190 493 303
train 0.0017 3 279 122 348
train 0.0016 362 186 501 309
train 0.0010 15 273 242 364
