person 0.0121 482 96 499 142
person 0.0097 426 94 499 299
person 0.0071 312 147 325 182
person 0.0061 479 94 500 224
person 0.0049 313 147 324 167
person 0.0046 349 143 380 166
person 0.0044 336 133 446 168
person 0.0041 425 240 499 294
person 0.0039 315 146 335 178
person 0.0033 0 -1 79 178
person 0.0033 325 147 335 167
person 0.0024 312 133 325 168
person 0.0023 467 85 498 251
person 0.0022 420 207 452 239
person 0.0020 390 134 442 161
person 0.0017 410 181 498 295
person 0.0016 335 151 344 172
person 0.0012 482 96 499 119
person 0.0012 338 139 372 172
car 0.0568 336 132 447 169
car 0.0187 419 183 498 242
car 0.0110 433 182 495 216
car 0.0069 413 184 500 295
car 0.0065 421 141 498 222
car 0.0059 424 240 499 295
car 0.0033 339 138 380 171
car 0.0026 332 132 458 202
car 0.0012 390 134 443 161
car 0.0011 377 163 494 268
bird 0.0024 420 207 452 239
bird 0.0014 382 281 412 312
cat 0.8924 1 1 320 369
dog 0.0083 1 0 315 371
cow 0.0037 336 133 446 168
bottle 0.0019 312 146 325 173
bottle 0.0016 322 147 335 165
bottle 0.0013 313 129 324 161
chair 0.0073 299 287 497 371
chair 0.0015 295 111 499 372
sofa 0.0044 296 115 499 367
sofa 0.0028 282 287 499 371
pottedplant 0.5643 294 119 500 367
pottedplant 0.0103 482 96 499 142
pottedplant 0.0037 482 96 499 119
pottedplant 0.0032 301 129 487 265
pottedplant 0.0023 300 193 487 319
pottedplant 0.0019 300 139 384 309
pottedplant 0.0019 349 144 380 173
pottedplant 0.0014 403 92 499 308
pottedplant 0.0013 335 132 446 167
pottedplant 0.0013 332 132 458 202
pottedplant 0.0011 333 103 499 222
pottedplant 0.0010 311 56 404 173
pottedplant 0.0010 404 132 497 217
diningtable 0.0046 274 290 499 371
diningtable 0.0010 -11 288 489 373
