person 0.9013 391 62 499 277
person 0.8972 94 241 193 331
person 0.8850 195 213 355 330
person 0.8420 187 96 237 224
person 0.8366 116 184 199 269
person 0.1646 39 296 110 332
person 0.1224 206 147 331 239
person 0.0574 472 171 499 325
person 0.0427 29 210 94 279
person 0.0425 -1 199 89 312
person 0.0344 479 180 499 271
person 0.0268 213 149 292 193
person 0.0176 472 258 499 325
person 0.0159 318 81 324 95
person 0.0125 75 125 85 146
person 0.0122 0 196 42 245
person 0.0117 38 274 170 327
person 0.0115 186 235 197 255
person 0.0104 446 166 500 330
person 0.0076 197 214 246 289
person 0.0066 0 273 108 327
person 0.0059 366 203 425 254
person 0.0056 75 122 94 145
person 0.0054 450 72 497 274
person 0.0051 83 121 97 144
person 0.0047 117 233 142 268
person 0.0040 2 196 71 257
person 0.0035 348 193 426 280
person 0.0029 47 220 108 286
person 0.0029 395 123 403 137
person 0.0028 103 124 113 144
person 0.0027 84 121 108 145
person 0.0027 373 124 380 140
person 0.0027 209 140 257 178
person 0.0027 375 51 415 93
person 0.0026 158 193 197 257
person 0.0025 330 78 338 92
person 0.0023 487 54 499 117
person 0.0023 374 202 498 327
person 0.0022 111 125 125 142
person 0.0021 200 106 260 186
person 0.0020 372 201 397 234
person 0.0020 152 305 184 332
person 0.0019 0 168 34 212
person 0.0019 262 176 285 202
person 0.0018 85 246 301 328
person 0.0018 179 209 198 254
person 0.0018 31 137 44 177
person 0.0017 479 78 499 259
person 0.0016 142 246 193 331
person 0.0016 386 123 393 138
person 0.0016 462 57 471 69
person 0.0015 455 57 471 106
person 0.0014 119 218 152 274
person 0.0013 454 270 498 330
person 0.0012 49 153 60 180
person 0.0012 480 231 499 270
person 0.0012 491 67 499 114
person 0.0011 199 115 207 129
person 0.0011 184 231 200 302
person 0.0011 74 244 108 283
person 0.0010 182 128 198 162
person 0.0010 480 52 495 67
person 0.0010 456 57 497 113
person 0.0010 137 153 175 176
person 0.0010 424 28 457 68
car 0.0177 417 89 447 117
car 0.0014 425 28 456 68
bird 0.0104 83 121 97 144
bird 0.0091 75 125 85 146
bird 0.0084 75 122 94 145
bird 0.0044 84 121 108 145
bird 0.0019 318 81 325 95
cat 0.0028 373 207 396 232
cat 0.0019 318 81 324 95
cat 0.0015 75 124 85 145
cat 0.0014 41 297 108 332
cat 0.0013 75 122 94 145
cat 0.0011 472 259 499 325
dog 0.0032 472 259 499 327
dog 0.0024 138 153 174 176
dog 0.0017 75 122 94 145
dog 0.0017 37 296 116 332
dog 0.0016 75 124 85 145
dog 0.0015 318 81 324 95
dog 0.0015 188 236 197 254
dog 0.0011 75 243 106 285
bottle 0.0214 240 97 255 128
bottle 0.0166 9 278 18 302
bottle 0.0131 242 109 251 128
bottle 0.0100 372 124 380 140
bottle 0.0089 184 107 194 131
bottle 0.0088 395 123 404 137
bottle 0.0082 182 107 198 159
bottle 0.0068 385 123 393 138
bottle 0.0054 408 189 422 230
bottle 0.0048 383 123 390 139
bottle 0.0035 231 109 239 125
bottle 0.0035 407 121 414 137
bottle 0.0033 0 257 11 309
bottle 0.0031 51 227 64 240
bottle 0.0024 238 119 250 140
bottle 0.0023 363 125 371 142
bottle 0.0019 9 270 25 297
bottle 0.0017 485 176 499 272
bottle 0.0016 318 81 325 95
bottle 0.0016 400 123 413 138
bottle 0.0014 462 57 471 67
bottle 0.0013 12 277 24 295
bottle 0.0013 75 124 85 146
bottle 0.0011 489 179 499 234
bottle 0.0010 233 108 242 129
chair 0.5783 251 276 314 332
chair 0.5606 347 193 428 285
chair 0.5602 333 265 486 331
chair 0.4684 0 197 89 313
chair 0.4196 91 284 113 324
chair 0.3655 65 163 112 223
chair 0.1149 202 112 350 240
chair 0.0747 216 222 354 332
chair 0.0385 39 296 111 332
chair 0.0382 0 169 33 210
chair 0.0186 -1 201 44 247
chair 0.0125 121 171 163 208
chair 0.0095 14 179 32 211
chair 0.0089 480 177 499 269
chair 0.0075 137 153 175 185
chair 0.0075 75 244 96 282
chair 0.0063 417 89 446 117
chair 0.0056 93 242 188 329
chair 0.0054 445 282 482 329
chair 0.0050 435 282 460 329
chair 0.0046 182 128 199 160
chair 0.0043 17 235 81 311
chair 0.0041 0 159 21 188
chair 0.0038 0 158 17 177
chair 0.0033 0 95 32 211
chair 0.0030 362 257 426 286
chair 0.0029 66 194 113 223
chair 0.0028 373 198 423 251
chair 0.0028 118 233 142 268
chair 0.0027 480 52 495 67
chair 0.0027 291 303 314 332
chair 0.0026 222 140 260 168
chair 0.0026 350 176 498 294
chair 0.0025 243 110 346 175
chair 0.0023 346 196 388 234
chair 0.0022 0 292 51 331
chair 0.0021 0 234 22 272
chair 0.0021 240 97 256 128
chair 0.0020 0 180 21 203
chair 0.0019 417 102 442 117
chair 0.0018 47 220 98 284
chair 0.0018 187 108 244 217
chair 0.0017 332 280 375 331
chair 0.0017 162 163 191 208
chair 0.0017 49 316 109 332
chair 0.0016 415 105 439 131
chair 0.0015 489 179 499 236
chair 0.0014 261 249 502 329
chair 0.0013 456 269 499 332
chair 0.0013 446 166 500 330
chair 0.0013 38 274 170 327
chair 0.0012 -1 233 74 279
chair 0.0012 1 191 88 249
chair 0.0011 480 233 499 269
chair 0.0011 0 252 10 307
chair 0.0010 130 160 188 213
chair 0.0010 185 127 286 207
sofa 0.8509 205 111 350 235
sofa 0.5950 0 196 87 313
sofa 0.0350 39 296 110 332
sofa 0.0306 244 111 346 177
sofa 0.0102 0 168 34 212
sofa 0.0101 2 196 71 257
sofa 0.0095 0 197 43 245
sofa 0.0074 348 193 426 280
sofa 0.0058 332 265 486 332
sofa 0.0026 38 274 170 327
sofa 0.0017 137 152 175 180
sofa 0.0017 0 273 108 327
sofa 0.0017 350 176 498 294
sofa 0.0015 163 166 189 204
sofa 0.0014 0 291 51 332
sofa 0.0010 0 100 31 210
sofa 0.0010 -3 231 85 264
pottedplant 0.2064 258 36 285 56
pottedplant 0.0936 176 14 262 114
pottedplant 0.0572 0 15 30 186
pottedplant 0.0179 24 21 81 43
pottedplant 0.0137 144 25 179 42
pottedplant 0.0130 0 72 19 149
pottedplant 0.0049 278 80 298 104
pottedplant 0.0047 243 26 287 60
pottedplant 0.0043 162 26 178 41
pottedplant 0.0040 48 152 60 178
pottedplant 0.0039 0 18 23 88
pottedplant 0.0037 1 15 29 47
pottedplant 0.0031 79 25 121 41
pottedplant 0.0026 24 23 147 42
pottedplant 0.0026 260 41 279 64
pottedplant 0.0023 177 10 280 191
pottedplant 0.0018 318 81 325 95
pottedplant 0.0017 0 11 54 216
pottedplant 0.0016 10 15 28 40
pottedplant 0.0015 77 23 183 43
pottedplant 0.0013 100 25 143 42
pottedplant 0.0013 255 42 272 60
pottedplant 0.0013 0 100 31 210
pottedplant 0.0011 175 29 185 41
pottedplant 0.0011 472 259 499 327
pottedplant 0.0011 262 172 287 202
pottedplant 0.0011 237 22 263 61
pottedplant 0.0011 182 124 199 158
pottedplant 0.0010 105 27 119 41
pottedplant 0.0010 122 23 148 41
diningtable 0.5138 335 268 495 329
diningtable 0.0535 440 282 498 331
diningtable 0.0066 0 291 51 332
diningtable 0.0054 350 176 498 294
diningtable 0.0041 346 194 428 281
diningtable 0.0037 66 183 113 222
diningtable 0.0029 204 112 350 240
diningtable 0.0021 232 127 248 142
diningtable 0.0012 456 182 499 327
diningtable 0.0011 462 261 499 330
diningtable 0.0011 0 178 32 210
diningtable 0.0010 1 231 84 310
tvmonitor 0.1849 68 99 149 160
tvmonitor 0.0882 424 27 456 68
tvmonitor 0.0642 67 165 103 193
tvmonitor 0.0190 373 49 418 108
tvmonitor 0.0098 417 89 446 115
tvmonitor 0.0059 489 179 499 236
tvmonitor 0.0043 225 138 260 167
tvmonitor 0.0028 364 117 412 144
tvmonitor 0.0021 66 163 110 211
tvmonitor 0.0017 428 28 456 48
tvmonitor 0.0014 355 1 466 79
tvmonitor 0.0011 66 177 109 200
