person 0.8128 177 84 318 295
person 0.0193 311 96 328 117
person 0.0100 421 52 439 79
person 0.0042 144 50 176 106
person 0.0035 381 175 496 309
person 0.0035 367 47 396 83
person 0.0028 183 162 238 214
person 0.0024 314 94 327 110
person 0.0019 448 64 457 78
person 0.0018 403 53 440 83
person 0.0016 385 50 402 71
person 0.0013 384 53 406 82
bicycle 0.0704 186 87 244 161
bicycle 0.0091 186 82 293 163
car 0.2850 2 -7 477 325
car 0.0012 324 -1 499 326
aeroplane 0.0026 12 -3 497 324
bus 0.4636 0 -9 496 335
bus 0.0310 324 -1 499 326
bus 0.0014 1 -2 241 322
train 0.0735 13 -16 497 337
train 0.0033 73 47 366 328
train 0.0020 275 -14 499 330
train 0.0012 -2 184 500 481
boat 0.0022 -16 -17 509 334
bird 0.0369 311 96 327 117
bird 0.0045 296 104 305 117
bird 0.0029 298 104 312 117
bird 0.0017 38 98 48 118
bird 0.0011 293 94 320 119
cat 0.0069 312 95 328 117
cat 0.0024 38 99 48 119
dog 0.0019 311 95 327 117
bottle 0.2271 312 95 328 117
bottle 0.0226 296 105 305 117
bottle 0.0180 203 150 226 189
bottle 0.0124 295 95 321 118
bottle 0.0046 295 102 313 118
bottle 0.0030 213 181 243 197
bottle 0.0020 214 181 235 190
bottle 0.0020 203 151 221 167
bottle 0.0015 187 146 239 214
bottle 0.0014 210 172 233 190
bottle 0.0010 198 117 243 160
chair 0.2202 0 138 100 321
chair 0.0933 140 102 347 328
chair 0.0148 73 -8 426 326
chair 0.0102 244 113 349 319
chair 0.0101 292 115 350 298
chair 0.0080 186 94 243 161
chair 0.0048 0 225 101 330
chair 0.0036 403 53 440 83
chair 0.0029 294 131 330 180
chair 0.0027 375 55 407 84
chair 0.0027 420 52 438 79
chair 0.0018 366 49 395 84
chair 0.0016 106 102 218 303
chair 0.0013 424 62 441 80
chair 0.0011 186 82 293 163
chair 0.0010 204 150 237 191
chair 0.0010 293 73 345 162
sofa 0.0249 1 137 98 317
sofa 0.0046 48 82 367 329
sofa 0.0018 194 219 313 318
pottedplant 0.0210 311 95 327 117
pottedplant 0.0016 186 88 241 159
