person 0.0010 207 274 417 353
person 0.0010 210 275 271 322
person 0.0010 103 141 497 255
bird 0.0026 211 274 271 324
bird 0.0025 224 285 462 355
cat 0.0069 210 272 423 353
cat 0.0021 210 275 271 322
dog 0.0312 203 270 426 353
dog 0.0026 209 274 274 323
dog 0.0022 211 274 336 347
horse 0.0819 211 275 444 355
sheep 0.0130 148 195 474 273
sheep 0.0041 203 270 426 353
sheep 0.0032 211 274 336 347
sheep 0.0028 132 220 363 305
sheep 0.0023 209 275 274 344
sheep 0.0010 192 206 305 234
cow 0.1645 211 276 442 355
cow 0.0036 210 275 337 346
chair 0.0031 86 137 497 307
chair 0.0013 88 189 150 241
diningtable 0.0182 86 137 497 307
diningtable 0.0064 111 141 493 190
