person 0.0077 204 0 381 111
person 0.0074 0 91 500 327
person 0.0037 6 27 399 215
person 0.0029 59 55 347 157
cat 0.5966 8 132 300 282
cat 0.5731 42 91 461 275
cat 0.0807 60 54 341 173
cat 0.0452 403 116 499 307
cat 0.0299 255 71 474 220
cat 0.0213 128 100 418 214
cat 0.0092 45 75 242 152
cat 0.0087 322 116 500 329
cat 0.0085 94 129 190 173
cat 0.0056 103 108 349 169
cat 0.0048 6 27 399 215
cat 0.0039 31 121 224 174
cat 0.0035 393 108 479 172
cat 0.0028 423 123 499 214
cat 0.0012 109 89 164 116
cat 0.0012 363 187 427 248
dog 0.0123 403 118 499 307
dog 0.0027 331 113 498 331
dog 0.0021 23 86 497 306
dog 0.0012 43 53 361 167
chair 0.0014 202 -1 381 110
chair 0.0011 0 91 500 327
chair 0.0010 206 0 294 75
sofa 0.0160 4 173 498 330
sofa 0.0092 5 8 450 296
sofa 0.0019 10 -2 394 136
