person 0.8557 196 62 230 172
person 0.8281 448 43 474 124
person 0.0393 448 75 469 126
person 0.0033 0 99 42 179
person 0.0011 448 79 464 111
bicycle 0.0236 448 75 470 125
bicycle 0.0050 448 79 464 111
motorbike 0.0024 448 77 469 125
dog 0.0143 447 77 468 126
dog 0.0015 448 79 464 111
dog 0.0011 384 93 411 126
horse 0.5432 0 99 41 145
horse 0.0859 448 75 469 126
horse 0.0153 0 98 43 188
horse 0.0034 448 79 464 111
sheep 0.0013 449 74 469 127
cow 0.9178 270 87 405 166
cow 0.0481 0 99 41 145
cow 0.0083 386 94 408 127
cow 0.0038 449 58 472 127
