person 0.0341 194 15 238 58
person 0.0235 249 11 292 53
person 0.0168 316 58 354 116
person 0.0070 97 0 114 32
person 0.0053 131 158 150 193
person 0.0042 269 16 294 50
person 0.0040 153 0 174 29
person 0.0040 14 0 39 11
person 0.0040 159 162 177 198
person 0.0037 341 98 356 148
person 0.0030 246 18 272 53
person 0.0027 218 19 273 58
person 0.0025 198 14 224 46
person 0.0019 119 0 137 12
person 0.0016 249 23 264 48
person 0.0015 325 74 356 123
person 0.0014 258 14 281 47
person 0.0012 342 59 372 157
person 0.0010 175 9 190 52
bicycle 0.0033 0 61 26 80
bicycle 0.0031 157 160 194 200
bicycle 0.0024 0 55 53 82
bicycle 0.0024 0 64 14 80
bicycle 0.0013 131 158 150 193
car 0.9347 248 25 372 300
car 0.8954 142 0 319 179
car 0.8909 98 0 141 67
car 0.8406 120 0 176 97
car 0.7829 77 0 113 39
car 0.7652 334 0 375 18
car 0.2552 292 0 336 12
car 0.2238 292 0 376 15
car 0.0772 26 57 63 82
car 0.0559 306 0 356 12
car 0.0342 126 0 302 98
car 0.0275 58 148 192 230
car 0.0259 250 0 319 10
car 0.0215 186 0 319 12
car 0.0197 373 -16 437 407
car 0.0153 97 0 114 32
car 0.0122 284 0 327 8
car 0.0091 33 0 104 38
car 0.0076 153 0 175 29
car 0.0057 354 0 374 18
car 0.0050 121 1 266 58
car 0.0029 100 0 135 25
car 0.0025 123 0 297 22
car 0.0017 233 0 304 7
car 0.0014 166 0 319 34
car 0.0014 119 0 137 12
car 0.0012 98 5 114 63
car 0.0011 101 0 116 20
motorbike 0.0051 58 149 191 231
motorbike 0.0013 25 56 64 82
bus 0.0013 126 0 302 98
bus 0.0012 246 40 377 352
boat 0.5845 59 150 195 231
bird 0.0036 159 163 176 198
cat 0.0060 159 162 177 198
cat 0.0029 157 160 194 200
dog 0.0307 159 162 177 198
dog 0.0257 157 160 194 200
dog 0.0017 125 159 147 191
dog 0.0013 113 156 142 189
horse 0.0015 157 160 194 200
horse 0.0011 159 162 177 198
bottle 0.0111 132 158 150 192
bottle 0.0021 159 163 176 198
chair 0.0016 60 148 193 230
pottedplant 0.0038 25 56 64 82
diningtable 0.0010 59 149 189 231
tvmonitor 0.9029 86 244 282 471
