person 0.5353 352 209 387 259
person 0.3880 224 238 235 251
person 0.3535 270 239 288 253
person 0.2883 102 200 119 240
person 0.2206 340 209 374 258
person 0.2010 234 240 246 251
person 0.1711 24 221 33 240
person 0.1579 424 232 435 260
person 0.1349 199 211 217 250
person 0.1268 67 123 91 146
person 0.1158 294 58 307 77
person 0.0973 97 129 108 141
person 0.0937 488 247 499 264
person 0.0797 443 215 489 263
person 0.0751 391 226 433 261
person 0.0678 279 57 309 97
person 0.0592 340 235 353 257
person 0.0538 365 209 381 232
person 0.0495 142 99 168 130
person 0.0475 107 109 132 139
person 0.0439 165 212 186 248
person 0.0405 472 222 483 246
person 0.0399 349 209 365 236
person 0.0395 226 72 250 111
person 0.0370 180 212 192 246
person 0.0347 377 215 392 254
person 0.0256 141 104 153 130
person 0.0238 372 215 389 238
person 0.0226 470 222 492 262
person 0.0206 38 203 46 217
person 0.0202 88 118 108 142
person 0.0180 155 108 171 127
person 0.0170 181 207 210 249
person 0.0163 379 210 399 247
person 0.0152 134 106 151 132
person 0.0144 108 122 129 139
person 0.0142 265 238 281 253
person 0.0141 152 95 172 127
person 0.0136 154 212 175 246
person 0.0116 385 210 402 227
person 0.0107 408 224 430 258
person 0.0105 167 89 193 125
person 0.0095 37 201 45 232
person 0.0094 248 239 263 251
person 0.0092 277 52 300 78
person 0.0091 201 81 221 119
person 0.0089 351 210 375 245
person 0.0083 382 211 425 260
person 0.0077 315 51 334 92
person 0.0076 142 114 155 131
person 0.0076 419 222 434 254
person 0.0075 103 108 123 136
person 0.0074 224 218 237 252
person 0.0074 140 114 150 131
person 0.0073 154 93 186 126
person 0.0073 384 213 405 243
person 0.0072 258 211 274 253
person 0.0072 435 213 455 261
person 0.0065 232 70 266 108
person 0.0059 227 72 242 102
person 0.0059 153 232 162 245
person 0.0056 172 106 189 123
person 0.0051 149 220 163 245
person 0.0040 454 226 499 264
person 0.0039 141 212 158 246
person 0.0038 109 209 120 241
person 0.0034 105 199 117 209
person 0.0034 238 193 250 204
person 0.0033 77 118 105 144
person 0.0033 199 97 218 118
person 0.0032 262 60 288 101
person 0.0032 352 61 372 80
person 0.0031 378 231 392 260
person 0.0029 259 230 272 252
person 0.0028 440 212 454 231
person 0.0027 233 71 252 99
person 0.0026 409 220 427 246
person 0.0026 179 94 194 121
person 0.0026 247 215 272 253
person 0.0026 139 219 152 244
person 0.0025 62 131 86 148
person 0.0025 27 223 36 241
person 0.0022 234 191 252 249
person 0.0022 290 236 305 254
person 0.0022 283 239 300 253
person 0.0022 8 212 25 232
person 0.0018 159 110 176 126
person 0.0017 316 46 347 88
person 0.0016 246 62 280 106
person 0.0015 217 79 245 114
person 0.0015 136 206 153 247
person 0.0015 209 214 235 252
person 0.0014 279 216 291 245
person 0.0014 28 219 40 237
person 0.0014 225 89 240 112
person 0.0013 103 109 117 127
person 0.0013 483 245 496 267
person 0.0013 205 226 297 272
person 0.0013 388 218 406 255
person 0.0012 236 210 259 252
car 0.8896 0 223 31 256
car 0.0253 0 208 23 230
car 0.0063 2 221 23 233
car 0.0057 24 222 33 239
car 0.0016 0 201 23 218
car 0.0013 59 169 495 373
bus 0.9545 50 9 497 374
bus 0.2283 0 202 24 233
bus 0.0078 0 201 23 219
bus 0.0075 1 200 42 237
bus 0.0023 7 209 32 240
bus 0.0019 0 211 22 228
train 0.0021 52 16 498 372
chair 0.1944 389 226 429 260
chair 0.0183 339 236 357 257
chair 0.0178 378 232 391 260
chair 0.0166 355 230 382 258
chair 0.0113 146 108 171 129
chair 0.0109 450 224 493 263
chair 0.0108 97 128 109 141
chair 0.0083 170 110 188 124
chair 0.0065 340 222 365 258
chair 0.0059 159 110 176 126
chair 0.0045 167 89 193 125
chair 0.0039 424 232 435 260
chair 0.0032 448 216 477 262
chair 0.0027 142 100 165 130
chair 0.0024 108 122 129 139
chair 0.0024 276 59 308 98
chair 0.0021 408 224 430 258
chair 0.0018 200 96 219 118
chair 0.0016 350 210 386 260
chair 0.0015 154 93 186 126
chair 0.0015 270 239 288 253
chair 0.0013 142 114 155 131
chair 0.0012 290 241 305 254
chair 0.0011 388 218 406 255
chair 0.0010 376 244 391 260
chair 0.0010 181 105 194 122
sofa 0.0032 390 227 430 261
pottedplant 0.0014 24 222 33 239
