person 0.9076 0 -1 190 365
person 0.8126 292 81 393 331
person 0.6232 228 69 257 134
person 0.4802 174 66 189 85
person 0.1600 108 72 154 112
person 0.0997 352 1 372 28
person 0.0959 250 105 283 139
person 0.0770 235 69 252 96
person 0.0661 109 31 198 350
person 0.0395 154 71 171 87
person 0.0358 249 104 316 152
person 0.0325 292 83 391 167
person 0.0313 378 0 416 54
person 0.0183 279 116 311 152
person 0.0182 108 72 156 193
person 0.0158 161 70 185 86
person 0.0155 154 69 205 100
person 0.0152 378 0 391 32
person 0.0144 0 58 23 108
person 0.0129 0 25 48 346
person 0.0123 248 106 268 138
person 0.0117 471 25 499 369
person 0.0108 352 2 380 71
person 0.0104 374 0 399 66
person 0.0092 361 1 401 82
person 0.0086 15 71 34 94
person 0.0083 149 66 167 88
person 0.0081 111 73 200 125
person 0.0074 205 87 220 107
person 0.0068 308 0 325 8
person 0.0067 323 93 372 129
person 0.0067 15 58 42 94
person 0.0066 188 88 206 97
person 0.0063 290 101 329 150
person 0.0049 244 2 366 312
person 0.0049 199 88 217 100
person 0.0046 240 13 378 168
person 0.0044 294 101 363 153
person 0.0042 283 111 304 127
person 0.0041 310 0 373 27
person 0.0039 227 87 255 191
person 0.0039 0 56 12 109
person 0.0038 134 55 234 365
person 0.0038 0 49 38 220
person 0.0038 238 69 257 119
person 0.0037 150 81 182 103
person 0.0035 268 0 311 28
person 0.0033 97 3 257 289
person 0.0033 0 58 34 152
person 0.0032 0 49 20 210
person 0.0027 107 90 128 110
person 0.0024 366 0 384 28
person 0.0024 249 86 300 142
person 0.0024 187 87 221 109
person 0.0023 355 208 480 369
person 0.0022 283 102 319 127
person 0.0022 161 65 175 82
person 0.0021 1 71 39 115
person 0.0019 303 70 394 132
person 0.0019 123 72 145 96
person 0.0018 60 -4 428 322
person 0.0017 346 0 368 15
person 0.0016 354 75 493 374
person 0.0016 181 58 190 77
person 0.0015 148 79 162 104
person 0.0014 141 82 210 103
person 0.0013 238 72 281 138
person 0.0012 187 77 206 97
person 0.0011 484 33 499 281
person 0.0011 158 62 169 81
person 0.0011 281 117 324 210
person 0.0011 19 42 41 77
person 0.0010 443 31 468 72
person 0.0010 230 5 248 31
car 0.0017 380 62 492 302
car 0.0013 147 83 213 101
car 0.0013 0 134 208 373
bus 0.0065 126 4 221 122
bus 0.0062 97 3 257 289
bus 0.0027 142 31 206 97
bus 0.0013 19 -21 454 294
bus 0.0011 41 -1 448 151
train 0.0021 97 3 257 289
cow 0.0014 145 91 228 182
bottle 0.0044 144 128 158 160
bottle 0.0015 388 115 396 138
bottle 0.0014 142 103 159 163
bottle 0.0012 417 195 429 211
bottle 0.0012 107 90 128 110
bottle 0.0011 1 60 26 101
bottle 0.0010 205 86 220 109
bottle 0.0010 414 194 433 244
chair 0.0361 144 244 220 372
chair 0.0171 143 91 229 205
chair 0.0081 4 206 214 373
chair 0.0072 405 0 495 79
chair 0.0055 152 89 187 103
chair 0.0049 379 3 410 53
chair 0.0047 469 223 499 374
chair 0.0047 230 130 253 163
chair 0.0041 153 85 209 101
chair 0.0038 468 38 499 373
chair 0.0038 380 62 492 302
chair 0.0028 142 293 169 373
chair 0.0027 108 72 153 113
chair 0.0024 233 136 288 202
chair 0.0020 149 97 185 121
chair 0.0020 316 140 388 246
chair 0.0019 268 0 311 28
chair 0.0016 355 209 478 371
chair 0.0016 378 0 439 54
chair 0.0016 153 158 219 246
chair 0.0015 231 126 252 142
chair 0.0015 228 93 251 133
chair 0.0013 388 43 421 134
chair 0.0012 410 140 488 243
chair 0.0012 228 99 255 160
chair 0.0010 189 89 206 98
chair 0.0010 3 281 139 371
sofa 0.0071 355 214 481 372
sofa 0.0016 468 38 499 373
sofa 0.0012 380 62 492 302
sofa 0.0010 470 212 499 374
diningtable 0.0032 230 128 251 142
diningtable 0.0025 153 85 193 102
diningtable 0.0023 230 131 252 150
diningtable 0.0016 154 71 196 100
tvmonitor 0.0383 441 28 469 72
tvmonitor 0.0043 412 69 491 151
tvmonitor 0.0025 378 1 427 55
tvmonitor 0.0018 175 28 191 42
tvmonitor 0.0012 139 4 219 101
tvmonitor 0.0011 394 0 439 15
tvmonitor 0.0011 174 28 193 54
