bird 0.0011 405 86 414 97
dog 0.0014 331 179 352 192
horse 0.0057 137 184 151 195
horse 0.0041 264 184 280 197
horse 0.0017 450 187 499 232
horse 0.0015 330 180 351 193
sheep 0.8331 330 180 351 193
sheep 0.7959 296 180 311 192
sheep 0.7940 184 184 198 200
sheep 0.7919 265 184 280 197
sheep 0.7771 137 184 152 195
sheep 0.6854 229 186 242 198
sheep 0.5639 238 184 249 197
sheep 0.0878 215 199 252 214
sheep 0.0450 390 189 427 202
sheep 0.0169 349 197 410 239
sheep 0.0117 55 208 121 256
sheep 0.0107 326 197 382 243
sheep 0.0065 445 194 484 233
sheep 0.0048 402 193 459 238
sheep 0.0040 256 203 321 250
sheep 0.0035 390 191 436 226
sheep 0.0026 388 199 419 239
sheep 0.0024 204 210 254 256
sheep 0.0022 260 202 324 221
sheep 0.0017 116 195 148 208
sheep 0.0015 176 181 212 201
sheep 0.0014 458 188 499 221
sheep 0.0010 470 189 488 198
sheep 0.0010 447 190 489 203
cow 0.1933 390 190 459 237
cow 0.0754 446 192 499 236
cow 0.0711 265 184 280 197
cow 0.0456 137 184 151 195
cow 0.0229 229 186 243 199
cow 0.0191 331 179 352 192
cow 0.0173 0 204 122 268
cow 0.0134 390 188 435 202
cow 0.0120 469 189 491 199
cow 0.0118 345 197 413 239
cow 0.0111 240 184 249 197
cow 0.0078 490 191 499 204
cow 0.0061 464 188 499 221
cow 0.0051 184 184 198 200
cow 0.0043 296 180 311 192
cow 0.0043 55 208 121 256
cow 0.0028 487 190 499 214
cow 0.0025 430 197 464 235
cow 0.0019 468 189 498 208
cow 0.0018 216 202 247 214
cow 0.0017 480 189 498 226
cow 0.0014 446 191 486 211
cow 0.0012 176 181 212 201
cow 0.0010 446 191 474 204
