person 0.0348 196 84 239 129
person 0.0224 25 6 56 129
person 0.0056 270 17 500 184
person 0.0036 -7 -2 500 296
person 0.0010 0 13 27 131
person 0.0010 1 10 64 139
person 0.0010 132 21 155 133
car 0.0026 0 -1 502 294
bird 0.0011 132 22 154 119
cat 0.6300 38 103 459 250
cat 0.0223 228 121 443 249
cat 0.0066 197 83 240 128
cat 0.0033 20 110 291 229
dog 0.0052 230 121 443 250
dog 0.0045 32 97 459 254
dog 0.0027 197 84 233 128
bottle 0.6902 127 90 146 138
bottle 0.6715 114 87 130 136
bottle 0.0149 25 5 56 127
bottle 0.0051 57 64 112 132
bottle 0.0040 132 21 155 133
bottle 0.0040 31 81 52 126
bottle 0.0021 132 110 146 138
bottle 0.0014 128 91 141 116
bottle 0.0013 0 19 25 137
bottle 0.0011 121 94 137 135
bottle 0.0010 0 10 58 136
chair 0.0684 0 -1 502 294
chair 0.0060 57 64 112 131
chair 0.0032 1 10 64 139
chair 0.0017 5 120 110 142
chair 0.0014 275 19 499 186
sofa 0.2539 1 3 501 297
sofa 0.0252 1 213 500 295
sofa 0.0110 270 17 500 184
sofa 0.0027 325 20 499 294
sofa 0.0011 28 -1 487 139
diningtable 0.0013 0 134 146 193
tvmonitor 0.0027 40 -2 485 137
