person 0.0056 399 181 407 193
person 0.0020 385 171 409 232
person 0.0017 202 161 214 178
person 0.0010 466 301 484 332
car 0.0025 425 212 480 231
car 0.0012 445 216 476 231
car 0.0011 0 281 40 308
car 0.0010 339 215 363 231
train 0.8311 94 151 504 235
train 0.0037 309 160 501 231
train 0.0030 132 203 428 234
cow 0.0015 486 211 499 229
bottle 0.0106 466 301 484 332
chair 0.0076 0 281 40 308
chair 0.0020 0 283 59 332
diningtable 0.1335 0 283 37 306
diningtable 0.0111 0 279 37 290
diningtable 0.0095 0 283 32 295
diningtable 0.0093 1 283 58 332
diningtable 0.0029 3 301 55 321
