person 0.0218 71 160 87 178
person 0.0139 75 152 94 178
person 0.0041 89 177 109 196
person 0.0027 11 174 27 197
person 0.0025 11 174 21 188
person 0.0023 153 227 162 235
person 0.0021 97 179 115 210
person 0.0013 12 173 43 196
person 0.0012 84 176 109 188
bicycle 0.0010 71 159 89 178
car 0.9070 12 174 90 224
car 0.3019 32 177 114 210
car 0.0511 105 181 166 234
car 0.0490 12 173 42 198
car 0.0443 28 168 167 226
car 0.0279 94 180 155 209
car 0.0143 11 174 27 197
car 0.0127 86 176 110 190
car 0.0125 37 146 57 155
car 0.0117 146 223 206 259
car 0.0112 94 160 111 170
car 0.0091 80 181 116 210
car 0.0081 134 194 165 233
car 0.0072 133 184 161 212
car 0.0052 81 153 154 179
car 0.0047 62 165 108 197
car 0.0047 89 174 117 194
car 0.0044 73 152 109 177
car 0.0040 134 189 149 208
car 0.0040 11 174 21 188
car 0.0038 88 173 113 184
car 0.0036 86 159 113 177
car 0.0034 135 227 207 281
car 0.0033 100 164 172 215
car 0.0031 91 178 112 200
car 0.0027 136 175 182 215
car 0.0027 53 137 80 159
car 0.0025 290 159 357 198
car 0.0023 95 160 154 186
car 0.0023 136 221 164 236
car 0.0023 80 144 112 160
car 0.0022 72 159 88 178
car 0.0021 11 225 194 305
car 0.0019 81 142 111 152
car 0.0019 7 102 33 126
car 0.0018 100 182 115 210
car 0.0016 49 149 59 157
car 0.0015 150 226 162 235
car 0.0015 161 212 205 235
car 0.0014 88 154 167 200
car 0.0014 136 230 164 274
car 0.0013 52 148 66 159
car 0.0013 82 150 112 170
car 0.0013 114 184 146 207
car 0.0012 145 186 168 215
car 0.0012 135 158 203 215
car 0.0011 132 165 161 202
car 0.0010 113 227 163 273
car 0.0010 146 194 185 215
motorbike 0.0019 71 159 89 178
motorbike 0.0011 95 160 111 170
bird 0.0013 280 170 436 346
cat 0.0650 280 170 436 346
dog 0.8848 281 167 435 346
sheep 0.0028 282 288 470 372
cow 0.0020 280 170 436 346
bottle 0.0017 291 160 354 193
chair 0.1174 274 286 471 373
chair 0.0111 273 161 473 372
pottedplant 0.0325 144 118 321 332
pottedplant 0.0297 71 157 90 178
pottedplant 0.0069 290 160 356 198
pottedplant 0.0047 206 187 318 327
pottedplant 0.0044 73 152 109 177
pottedplant 0.0044 134 183 163 214
pottedplant 0.0043 54 136 80 158
pottedplant 0.0041 350 156 434 227
pottedplant 0.0023 94 160 111 170
pottedplant 0.0023 81 152 94 176
pottedplant 0.0018 86 159 113 177
pottedplant 0.0017 136 229 163 275
pottedplant 0.0017 33 174 114 209
pottedplant 0.0014 342 117 417 220
pottedplant 0.0014 273 281 469 371
pottedplant 0.0013 128 -40 374 364
pottedplant 0.0013 133 194 165 234
pottedplant 0.0010 84 175 109 186
diningtable 0.0032 273 286 471 371
