person 0.5657 70 16 186 269
person 0.0346 10 52 242 273
person 0.0301 271 82 297 114
person 0.0196 35 46 41 67
person 0.0190 284 86 298 112
person 0.0145 52 151 126 264
person 0.0113 294 89 304 119
person 0.0102 84 22 161 105
person 0.0076 81 166 120 258
person 0.0073 52 166 95 267
person 0.0044 117 56 137 70
person 0.0026 181 1 191 18
person 0.0023 72 172 99 258
person 0.0020 116 38 156 100
person 0.0018 126 40 139 66
person 0.0018 47 15 57 24
person 0.0017 173 12 182 25
person 0.0016 82 104 131 259
person 0.0015 76 19 191 150
person 0.0015 270 96 285 119
person 0.0015 170 12 178 25
person 0.0014 64 16 68 25
person 0.0012 93 22 138 70
person 0.0011 148 167 174 265
person 0.0011 76 147 167 258
person 0.0010 153 57 162 65
car 0.0090 233 103 273 120
car 0.0020 224 104 299 131
car 0.0016 230 96 300 122
boat 0.0043 0 20 93 38
bird 0.0011 35 47 41 67
horse 0.8641 8 44 284 275
horse 0.0256 9 95 175 274
horse 0.0068 134 54 295 268
horse 0.0042 10 101 79 279
horse 0.0011 18 102 56 185
horse 0.0010 65 162 121 261
sheep 0.0029 34 40 264 264
cow 0.0392 8 47 283 273
cow 0.0113 10 101 79 279
cow 0.0111 11 97 153 279
cow 0.0049 18 102 56 185
cow 0.0011 2 101 53 258
cow 0.0010 23 100 83 181
bottle 0.0029 35 46 40 67
diningtable 0.0013 0 64 73 107
