person 0.8910 43 190 112 390
person 0.2169 0 215 16 276
person 0.1853 88 207 105 256
person 0.1607 171 223 209 383
person 0.1590 0 223 54 376
person 0.1272 279 145 331 204
person 0.0694 90 210 101 233
person 0.0551 278 158 331 235
person 0.0443 118 210 131 221
person 0.0223 92 208 101 224
person 0.0143 283 166 323 201
person 0.0140 288 146 319 180
person 0.0110 0 217 15 250
person 0.0097 89 207 112 289
person 0.0055 116 208 135 230
person 0.0046 84 216 94 235
person 0.0045 83 209 91 228
person 0.0039 273 205 296 235
person 0.0033 95 212 109 256
person 0.0031 294 146 316 169
person 0.0027 113 208 127 224
person 0.0021 0 167 14 256
person 0.0019 52 207 60 223
person 0.0019 274 198 320 236
person 0.0018 250 147 325 243
person 0.0018 91 203 109 244
person 0.0017 174 220 186 267
person 0.0016 118 206 140 219
person 0.0015 279 68 296 96
person 0.0015 73 197 93 224
person 0.0015 112 202 129 223
person 0.0012 141 204 157 227
person 0.0012 179 232 203 291
person 0.0010 100 270 108 293
person 0.0010 304 177 332 201
car 0.4582 3 238 46 275
car 0.0390 0 217 16 276
car 0.0247 50 179 112 231
car 0.0143 0 226 56 381
car 0.0141 56 178 111 200
car 0.0112 61 178 102 190
car 0.0063 1 160 64 245
car 0.0061 286 254 332 356
car 0.0044 0 207 114 352
car 0.0038 49 175 73 190
car 0.0016 55 193 83 231
car 0.0015 6 159 57 192
car 0.0014 290 323 330 354
car 0.0013 111 208 160 246
car 0.0012 222 256 333 396
car 0.0011 158 50 335 396
car 0.0011 161 224 168 245
car 0.0011 46 174 68 225
car 0.0010 92 207 101 222
motorbike 0.0023 0 217 16 276
motorbike 0.0010 286 254 332 356
bus 0.9218 157 55 335 391
bus 0.9057 109 192 161 247
bus 0.2430 1 159 62 244
bus 0.0887 48 178 112 231
bus 0.0052 4 158 57 204
bus 0.0052 46 174 68 225
bus 0.0033 160 149 189 280
bus 0.0017 53 182 112 210
bus 0.0016 47 176 71 200
bus 0.0012 156 174 175 255
bus 0.0010 48 195 61 224
train 0.0146 108 190 162 249
train 0.0034 156 51 332 400
train 0.0012 46 177 111 241
train 0.0011 1 160 64 245
pottedplant 0.0026 0 0 213 189
