car 0.0325 21 87 42 98
car 0.0012 26 68 42 81
car 0.0011 111 143 123 150
bird 0.0391 448 142 457 149
bird 0.0150 434 154 473 171
bird 0.0091 435 155 462 166
bird 0.0042 112 143 123 150
dog 0.0095 434 154 475 171
dog 0.0092 111 143 123 151
dog 0.0032 435 155 462 166
dog 0.0022 340 153 366 170
dog 0.0020 268 172 301 217
dog 0.0019 148 171 194 200
horse 0.0229 270 172 303 217
horse 0.0200 434 154 473 170
horse 0.0078 340 153 366 170
horse 0.0035 451 158 473 170
horse 0.0033 111 143 123 150
horse 0.0025 435 155 462 166
horse 0.0022 148 171 194 200
sheep 0.8828 148 171 194 200
sheep 0.8620 269 172 301 217
sheep 0.7320 340 153 366 171
sheep 0.2234 112 143 123 150
sheep 0.0983 434 154 473 170
sheep 0.0405 451 158 473 170
sheep 0.0145 435 155 462 166
sheep 0.0104 448 142 457 149
sheep 0.0040 21 87 42 98
sheep 0.0012 338 156 355 169
sheep 0.0012 291 177 308 214
cow 0.2730 435 154 473 171
cow 0.1736 340 154 366 170
cow 0.0779 451 158 473 170
cow 0.0377 112 143 123 150
cow 0.0219 269 173 301 217
cow 0.0184 148 171 195 200
cow 0.0157 435 155 462 166
cow 0.0142 448 142 457 149
cow 0.0070 341 158 362 177
cow 0.0011 338 156 355 169
