person 0.6620 131 145 251 362
person 0.5369 133 147 233 276
person 0.0135 170 222 222 359
person 0.0070 32 150 266 370
person 0.0049 180 225 219 284
person 0.0024 103 125 459 368
person 0.0017 138 212 225 334
person 0.0017 302 99 498 369
person 0.0012 134 213 208 271
bottle 0.9067 202 247 243 368
bottle 0.0233 237 263 312 369
bottle 0.0038 186 223 213 275
bottle 0.0029 178 224 220 302
bottle 0.0019 222 246 242 270
bottle 0.0017 181 226 237 269
bottle 0.0015 210 232 223 246
bottle 0.0014 172 221 223 366
chair 0.0698 273 306 384 371
chair 0.0212 12 156 171 264
chair 0.0185 2 153 173 369
chair 0.0123 0 257 179 372
chair 0.0072 238 263 312 371
chair 0.0051 276 305 495 371
chair 0.0021 309 82 499 361
sofa 0.0210 0 153 185 371
sofa 0.0146 0 257 177 372
sofa 0.0080 9 155 162 266
sofa 0.0015 275 307 381 371
sofa 0.0014 280 300 497 369
pottedplant 0.0442 0 285 92 373
pottedplant 0.0014 0 256 179 371
pottedplant 0.0013 53 321 87 371
diningtable 0.0075 0 257 177 371
diningtable 0.0042 15 156 164 267
diningtable 0.0031 10 237 370 371
diningtable 0.0023 136 277 414 370
tvmonitor 0.2493 307 94 499 358
tvmonitor 0.0114 276 307 447 372
tvmonitor 0.0060 418 161 482 235
tvmonitor 0.0011 410 145 497 285
