person 0.8602 52 81 382 326
person 0.2436 0 67 45 230
person 0.0907 4 65 65 296
person 0.0380 0 56 111 328
person 0.0024 439 172 499 330
person 0.0017 395 6 452 79
person 0.0013 2 188 216 329
person 0.0011 212 43 243 74
person 0.0011 414 8 432 48
person 0.0010 0 188 106 330
train 0.0032 72 68 492 314
train 0.0010 123 68 495 145
bird 0.0035 166 32 185 72
bird 0.0030 167 34 201 72
bird 0.0011 414 7 433 49
cat 0.0126 124 168 292 309
cat 0.0035 373 162 499 325
cat 0.0026 169 168 301 259
dog 0.8293 373 158 501 320
dog 0.3803 122 170 293 312
dog 0.0780 141 161 382 332
dog 0.0180 22 106 388 328
dog 0.0129 435 172 499 328
dog 0.0024 47 188 256 329
dog 0.0012 377 158 487 235
horse 0.0018 414 7 432 49
bottle 0.0466 341 234 376 290
bottle 0.0356 212 42 243 74
bottle 0.0330 455 49 476 78
bottle 0.0038 223 42 239 55
bottle 0.0028 433 211 454 300
bottle 0.0020 335 249 346 277
bottle 0.0013 335 235 364 279
bottle 0.0013 330 267 341 277
bottle 0.0010 393 6 449 79
bottle 0.0010 169 27 216 73
chair 0.6153 1 189 104 329
chair 0.0538 0 68 110 316
chair 0.0402 0 64 44 236
chair 0.0375 7 174 335 328
chair 0.0208 14 251 78 331
chair 0.0165 375 161 499 328
chair 0.0097 0 267 52 331
chair 0.0056 438 174 499 329
chair 0.0037 405 250 454 304
chair 0.0035 377 222 445 307
chair 0.0031 377 223 410 306
chair 0.0023 0 296 46 331
chair 0.0023 167 34 201 72
chair 0.0023 42 179 69 201
chair 0.0022 1 269 48 304
chair 0.0021 63 60 470 319
chair 0.0020 407 263 439 302
chair 0.0016 45 247 78 317
chair 0.0013 395 44 448 79
sofa 0.2031 4 160 410 329
sofa 0.0183 0 188 108 329
sofa 0.0099 0 66 43 234
sofa 0.0030 375 161 499 328
sofa 0.0029 0 69 127 321
sofa 0.0017 2 188 216 329
sofa 0.0016 442 174 498 331
sofa 0.0015 75 70 497 301
pottedplant 0.7443 48 129 141 197
pottedplant 0.0510 395 7 450 79
pottedplant 0.0251 414 7 432 49
pottedplant 0.0143 409 8 436 77
pottedplant 0.0072 42 178 72 200
pottedplant 0.0066 395 43 450 79
pottedplant 0.0031 43 146 87 198
pottedplant 0.0015 456 50 476 77
diningtable 0.0039 75 70 497 301
diningtable 0.0017 0 186 107 329
diningtable 0.0013 144 76 496 192
diningtable 0.0010 126 72 494 134
tvmonitor 0.0583 117 66 491 268
tvmonitor 0.0469 128 72 483 160
tvmonitor 0.0059 114 8 495 144
tvmonitor 0.0011 259 3 385 75
