person 0.9474 14 35 194 370
person 0.0277 475 27 499 80
person 0.0233 227 184 286 271
person 0.0226 411 4 427 65
person 0.0149 462 24 499 143
person 0.0138 471 106 499 144
person 0.0086 456 101 499 120
person 0.0085 381 196 495 277
person 0.0083 448 102 499 140
person 0.0070 394 2 477 137
person 0.0053 362 1 446 135
person 0.0046 462 97 496 113
person 0.0028 483 108 499 142
person 0.0021 383 226 468 277
person 0.0020 414 5 425 27
person 0.0014 467 88 498 110
person 0.0013 470 94 493 109
person 0.0011 376 41 396 52
person 0.0011 128 76 138 93
person 0.0010 479 26 498 51
person 0.0010 313 15 323 41
person 0.0010 351 35 362 47
car 0.7227 183 84 271 111
car 0.4630 266 92 387 123
car 0.4630 95 104 495 367
car 0.2670 133 96 219 124
car 0.1084 133 94 187 108
car 0.0674 181 87 384 124
car 0.0263 128 82 138 93
car 0.0099 -10 38 390 341
car 0.0094 112 86 277 143
car 0.0093 8 86 300 116
car 0.0087 30 76 214 125
car 0.0083 181 78 194 91
car 0.0079 415 103 500 138
car 0.0078 279 8 325 28
car 0.0064 379 108 442 134
car 0.0054 456 102 499 121
car 0.0054 -14 90 338 193
car 0.0052 439 61 482 86
car 0.0049 372 42 397 53
car 0.0040 186 80 213 90
car 0.0038 22 57 218 154
car 0.0032 415 117 444 134
car 0.0030 266 90 429 136
car 0.0030 436 5 500 112
car 0.0029 188 82 233 91
car 0.0028 448 63 500 109
car 0.0028 372 89 498 137
car 0.0027 131 94 223 218
car 0.0026 436 111 481 137
car 0.0026 198 82 254 90
car 0.0024 348 108 383 123
car 0.0024 233 86 270 110
car 0.0023 130 84 148 95
car 0.0021 280 5 323 18
car 0.0020 269 105 457 150
car 0.0018 337 8 445 131
car 0.0018 7 43 224 259
car 0.0016 137 68 185 97
car 0.0015 429 61 497 135
car 0.0015 251 90 497 214
car 0.0014 143 93 201 104
car 0.0014 0 78 23 89
car 0.0014 0 87 38 115
car 0.0014 53 80 73 104
car 0.0013 0 61 51 113
car 0.0013 0 62 38 88
car 0.0013 1 -3 505 109
car 0.0013 168 85 275 130
car 0.0013 470 106 498 144
car 0.0013 474 29 499 79
car 0.0012 413 122 432 134
car 0.0011 15 79 55 108
motorbike 0.0015 22 96 492 373
aeroplane 0.0011 -54 83 500 374
bus 0.0021 279 8 325 28
bus 0.0017 130 87 499 372
train 0.0011 22 96 492 373
boat 0.0018 456 102 499 121
boat 0.0013 372 42 397 53
bird 0.0010 456 101 499 120
bottle 0.0041 128 231 190 271
chair 0.4259 470 105 499 143
chair 0.0394 438 102 500 141
chair 0.0220 456 103 498 125
chair 0.0052 0 116 48 365
chair 0.0047 464 103 498 117
chair 0.0040 487 115 499 142
chair 0.0031 296 181 378 271
chair 0.0030 441 112 480 136
chair 0.0026 227 186 285 265
chair 0.0019 128 83 138 94
sofa 0.0018 0 106 49 370
pottedplant 0.0010 475 27 499 80
diningtable 0.0026 458 102 498 119
diningtable 0.0024 471 106 499 144
diningtable 0.0020 439 102 503 137
tvmonitor 0.0015 0 118 47 364
