person 0.9100 0 4 246 370
person 0.3379 279 245 361 372
person 0.0700 294 245 342 288
person 0.0669 416 295 482 373
person 0.0356 291 247 343 324
person 0.0301 204 78 413 347
person 0.0294 18 14 481 372
person 0.0220 221 119 446 232
person 0.0216 361 332 423 372
person 0.0194 393 199 460 240
person 0.0193 360 296 383 334
person 0.0111 358 295 412 338
person 0.0107 308 248 366 321
person 0.0089 393 203 498 358
person 0.0079 289 251 313 279
person 0.0061 392 296 435 351
person 0.0059 357 297 432 372
person 0.0056 417 288 474 338
person 0.0054 413 301 435 346
person 0.0050 299 279 357 367
person 0.0046 233 210 498 370
person 0.0039 336 287 383 363
person 0.0038 383 298 419 346
person 0.0038 269 257 457 374
person 0.0037 412 296 437 377
person 0.0036 237 181 343 224
person 0.0034 369 308 411 336
person 0.0031 0 48 71 367
person 0.0030 332 270 368 357
person 0.0026 349 291 488 373
person 0.0025 408 290 435 334
person 0.0024 6 1 217 118
person 0.0022 236 136 374 226
person 0.0021 424 303 468 333
person 0.0018 341 271 386 326
person 0.0015 214 271 285 373
person 0.0015 279 247 320 322
person 0.0012 384 312 409 331
person 0.0012 268 114 487 309
person 0.0012 395 308 426 363
person 0.0011 444 216 475 237
person 0.0011 416 289 449 313
person 0.0010 403 286 424 325
person 0.0010 394 319 414 342
bird 0.0363 295 119 427 231
bird 0.0053 417 300 482 373
bird 0.0030 359 330 427 373
bird 0.0025 325 120 387 157
bird 0.0023 217 196 259 216
bird 0.0015 409 343 430 373
cat 0.0119 -2 3 222 229
cat 0.0057 295 119 427 231
cat 0.0032 417 300 482 373
dog 0.0094 1 -2 241 368
dog 0.0016 4 -3 220 199
bottle 0.0070 217 196 258 216
bottle 0.0031 417 300 482 373
bottle 0.0022 215 273 285 373
bottle 0.0018 283 184 298 221
bottle 0.0016 361 332 423 372
chair 0.0110 216 276 285 373
chair 0.0071 394 199 459 238
chair 0.0029 34 273 232 373
chair 0.0027 329 190 378 225
chair 0.0027 205 213 288 367
chair 0.0018 223 215 497 370
chair 0.0014 271 179 301 222
chair 0.0014 400 204 499 364
sofa 0.0022 36 274 227 372
sofa 0.0021 0 3 250 369
sofa 0.0020 -17 231 513 374
pottedplant 0.2499 294 120 428 228
pottedplant 0.0273 219 120 444 251
pottedplant 0.0069 215 114 499 372
diningtable 0.0011 260 222 498 371
tvmonitor 0.8616 234 221 495 373
tvmonitor 0.0080 393 204 499 362
tvmonitor 0.0015 295 119 427 231
tvmonitor 0.0013 486 0 499 40
