person 0.4339 121 165 133 202
person 0.1769 329 164 338 174
person 0.0721 310 162 320 173
person 0.0651 332 124 344 135
person 0.0625 121 164 130 182
person 0.0456 179 169 193 198
person 0.0411 325 163 334 174
person 0.0363 181 168 193 184
person 0.0347 300 115 309 126
person 0.0280 303 116 311 126
person 0.0274 233 159 244 173
person 0.0246 280 162 291 175
person 0.0234 315 119 324 129
person 0.0222 330 124 339 134
person 0.0151 244 110 255 120
person 0.0148 332 126 343 141
person 0.0120 296 115 306 126
person 0.0116 176 173 188 199
person 0.0112 142 168 157 211
person 0.0104 325 123 335 133
person 0.0093 319 121 330 131
person 0.0080 215 154 222 171
person 0.0079 331 126 345 150
person 0.0072 378 191 390 206
person 0.0064 362 192 378 206
person 0.0064 336 126 347 135
person 0.0064 119 164 127 176
person 0.0053 310 116 317 128
person 0.0053 300 130 310 142
person 0.0052 239 109 248 120
person 0.0049 234 157 252 173
person 0.0048 113 164 123 176
person 0.0043 229 155 241 172
person 0.0042 359 193 373 206
person 0.0039 144 168 153 181
person 0.0037 263 112 273 119
person 0.0035 224 163 240 174
person 0.0032 128 170 140 202
person 0.0030 370 190 390 206
person 0.0030 302 124 311 140
person 0.0026 129 169 150 203
person 0.0026 294 110 302 122
person 0.0025 126 164 136 176
person 0.0024 242 156 260 173
person 0.0024 277 150 291 174
person 0.0023 180 163 195 178
person 0.0023 293 119 360 200
person 0.0022 351 194 370 206
person 0.0020 251 112 261 121
person 0.0018 254 156 262 171
person 0.0018 147 165 177 212
person 0.0017 242 105 253 119
person 0.0015 125 158 135 172
person 0.0015 230 111 241 120
person 0.0015 299 163 307 173
person 0.0012 313 120 322 131
person 0.0011 126 166 136 195
person 0.0011 281 160 301 175
person 0.0011 293 131 303 141
person 0.0010 356 186 390 210
person 0.0010 154 170 179 182
car 0.9238 303 185 402 244
car 0.9177 0 158 128 253
car 0.6561 153 169 181 184
car 0.5471 434 172 456 184
car 0.5263 198 168 218 180
car 0.1202 472 169 499 189
car 0.0890 180 167 195 181
car 0.0600 454 175 473 192
car 0.0523 448 174 470 186
car 0.0371 49 157 108 166
car 0.0272 422 170 433 178
car 0.0241 471 178 495 190
car 0.0213 180 169 194 197
car 0.0199 455 164 499 183
car 0.0159 479 170 498 182
car 0.0133 183 160 198 173
car 0.0132 488 178 500 189
car 0.0088 448 161 466 177
car 0.0083 436 162 468 183
car 0.0073 141 170 153 183
car 0.0066 182 161 208 178
car 0.0047 424 164 444 177
car 0.0042 48 158 127 198
car 0.0030 165 171 184 193
car 0.0023 50 157 118 175
car 0.0023 6 155 113 169
car 0.0022 137 171 154 204
car 0.0022 483 163 499 176
car 0.0021 215 154 222 171
car 0.0020 182 171 200 191
car 0.0019 490 181 499 192
car 0.0019 145 170 157 184
car 0.0019 355 187 392 206
car 0.0017 126 164 136 176
car 0.0016 126 169 144 187
car 0.0016 120 165 132 202
car 0.0016 224 163 238 175
car 0.0014 378 191 392 206
car 0.0012 113 164 123 176
car 0.0012 176 173 188 199
car 0.0011 177 158 198 181
car 0.0011 279 260 500 327
car 0.0010 117 164 125 177
bus 0.9384 218 92 351 219
bus 0.0109 468 165 499 183
bus 0.0029 182 161 196 172
bus 0.0022 433 163 498 186
bus 0.0016 182 160 203 175
train 0.0011 335 103 421 185
pottedplant 0.0140 177 172 189 199
pottedplant 0.0022 179 169 193 199
