person 0.0299 0 0 259 364
person 0.0014 0 1 187 221
person 0.0010 445 231 499 326
cat 0.0174 2 4 255 365
cat 0.0031 168 139 242 263
cat 0.0013 26 117 180 208
dog 0.0011 2 4 255 365
bottle 0.0120 450 228 499 294
bottle 0.0050 394 179 461 203
bottle 0.0029 110 278 190 365
chair 0.0089 110 279 191 367
chair 0.0046 187 262 344 373
chair 0.0033 357 271 484 372
chair 0.0020 178 266 245 346
chair 0.0015 183 320 341 374
chair 0.0013 155 181 250 341
chair 0.0012 185 331 275 373
sofa 0.0101 2 4 255 365
sofa 0.0054 152 265 411 370
sofa 0.0053 77 160 247 358
sofa 0.0037 0 93 122 371
sofa 0.0016 22 -4 459 360
sofa 0.0010 2 1 187 215
sofa 0.0010 227 262 342 373
pottedplant 0.0082 450 229 499 293
tvmonitor 0.8618 175 12 329 154
tvmonitor 0.0084 191 88 316 123
tvmonitor 0.0012 110 278 190 365
