person 0.9192 154 78 501 370
person 0.8660 8 134 125 274
person 0.8431 190 124 318 333
person 0.2462 361 123 388 165
person 0.0474 188 173 399 340
person 0.0141 354 124 369 160
person 0.0115 193 124 308 237
person 0.0088 34 150 106 233
person 0.0061 249 139 407 279
person 0.0035 385 133 401 161
person 0.0034 0 188 29 271
person 0.0030 355 138 366 161
person 0.0021 124 140 144 165
person 0.0020 398 84 500 364
person 0.0020 249 319 285 340
person 0.0013 0 238 73 326
person 0.0013 0 183 10 217
person 0.0012 12 139 82 227
person 0.0011 0 159 11 217
person 0.0010 44 219 185 333
person 0.0010 433 1 499 96
dog 0.0022 361 123 388 166
horse 0.0020 123 134 144 165
bottle 0.7324 88 280 119 356
bottle 0.0337 292 146 300 159
bottle 0.0306 161 314 188 351
bottle 0.0117 144 140 160 164
bottle 0.0078 161 139 174 163
bottle 0.0077 129 145 141 162
bottle 0.0077 59 200 69 218
bottle 0.0075 193 202 209 238
bottle 0.0074 21 239 40 332
bottle 0.0067 33 279 85 335
bottle 0.0057 122 270 161 337
bottle 0.0053 77 283 91 305
bottle 0.0047 274 157 291 177
bottle 0.0042 36 195 71 266
bottle 0.0040 189 228 205 260
bottle 0.0036 0 296 13 330
bottle 0.0035 0 164 11 218
bottle 0.0032 108 261 130 308
bottle 0.0032 124 140 144 165
bottle 0.0030 15 280 33 331
bottle 0.0030 102 252 126 340
bottle 0.0029 289 146 296 161
bottle 0.0027 89 280 117 305
bottle 0.0026 274 140 283 159
bottle 0.0024 48 199 69 243
bottle 0.0023 285 152 292 162
bottle 0.0021 189 207 206 247
bottle 0.0018 196 256 206 274
bottle 0.0017 288 198 302 214
bottle 0.0017 0 182 9 214
bottle 0.0016 287 187 319 255
bottle 0.0015 224 188 286 228
bottle 0.0015 81 280 98 342
bottle 0.0015 120 284 136 342
bottle 0.0013 50 192 70 219
bottle 0.0013 191 234 208 276
bottle 0.0013 49 281 69 296
bottle 0.0012 77 277 94 327
bottle 0.0012 113 283 129 339
bottle 0.0012 125 271 151 283
bottle 0.0011 14 257 83 333
bottle 0.0011 355 139 366 156
bottle 0.0011 110 260 128 289
bottle 0.0010 37 264 61 285
bottle 0.0010 251 320 285 339
bottle 0.0010 109 283 123 325
chair 0.2897 121 187 209 230
chair 0.1353 117 198 144 228
chair 0.1065 224 176 390 337
chair 0.0865 115 186 151 200
chair 0.0490 128 190 206 267
chair 0.0377 0 218 31 283
chair 0.0324 115 189 153 225
chair 0.0292 146 223 198 266
chair 0.0144 118 197 130 227
chair 0.0129 303 182 371 279
chair 0.0112 98 172 153 200
chair 0.0085 171 148 192 163
chair 0.0080 160 182 470 372
chair 0.0080 33 208 73 265
chair 0.0078 134 210 198 225
chair 0.0075 21 171 227 242
chair 0.0066 304 212 391 299
chair 0.0065 385 133 401 161
chair 0.0064 160 138 175 163
chair 0.0059 6 156 150 279
chair 0.0058 23 238 40 328
chair 0.0056 123 163 244 229
chair 0.0055 321 142 355 160
chair 0.0044 60 173 395 329
chair 0.0042 37 262 61 281
chair 0.0039 0 224 36 328
chair 0.0038 145 139 161 164
chair 0.0038 65 162 151 204
chair 0.0038 275 136 294 162
chair 0.0035 0 156 12 184
chair 0.0035 144 216 198 228
chair 0.0034 2 209 53 296
chair 0.0034 224 137 235 151
chair 0.0032 194 316 238 352
chair 0.0031 173 278 497 369
chair 0.0027 224 137 237 164
chair 0.0026 0 221 13 273
chair 0.0025 6 208 178 308
chair 0.0024 124 140 144 165
chair 0.0024 57 220 176 274
chair 0.0023 28 239 39 303
chair 0.0021 249 139 407 279
chair 0.0021 15 216 66 324
chair 0.0020 17 205 122 268
chair 0.0019 243 223 445 348
chair 0.0016 6 198 88 295
chair 0.0015 249 319 285 340
chair 0.0014 56 218 124 263
chair 0.0013 390 225 432 259
chair 0.0012 155 190 247 243
chair 0.0011 0 294 14 330
chair 0.0011 300 134 324 158
chair 0.0011 187 228 204 262
chair 0.0011 10 253 84 334
chair 0.0011 355 138 366 161
chair 0.0010 190 167 316 304
chair 0.0010 38 141 157 207
chair 0.0010 0 279 30 330
chair 0.0010 192 162 240 187
chair 0.0010 306 183 367 210
sofa 0.3026 122 188 209 230
sofa 0.2468 188 173 399 340
sofa 0.0765 26 171 452 366
sofa 0.0730 115 188 274 235
sofa 0.0495 110 190 334 255
sofa 0.0353 112 185 153 200
sofa 0.0325 0 217 28 277
sofa 0.0295 53 183 226 232
sofa 0.0225 300 182 376 283
sofa 0.0151 180 139 323 323
sofa 0.0108 318 214 392 290
sofa 0.0071 111 185 153 226
sofa 0.0070 8 175 216 254
sofa 0.0063 120 161 236 197
sofa 0.0055 91 134 343 248
sofa 0.0053 123 163 244 229
sofa 0.0051 162 249 501 371
sofa 0.0038 38 193 289 337
sofa 0.0036 6 156 150 279
sofa 0.0033 249 139 407 279
sofa 0.0032 285 161 412 237
sofa 0.0029 14 145 231 222
sofa 0.0028 0 219 35 314
sofa 0.0028 44 219 185 333
sofa 0.0017 337 224 432 296
sofa 0.0017 1 210 127 289
sofa 0.0015 103 175 153 199
sofa 0.0014 243 223 445 348
sofa 0.0011 280 285 488 369
sofa 0.0011 2 209 53 296
sofa 0.0010 171 148 193 163
pottedplant 0.8504 127 87 201 160
pottedplant 0.3881 192 140 234 163
pottedplant 0.2416 72 248 124 305
pottedplant 0.1049 123 134 146 164
pottedplant 0.0978 61 220 177 342
pottedplant 0.0603 56 220 176 277
pottedplant 0.0540 119 234 167 335
pottedplant 0.0204 124 249 162 283
pottedplant 0.0172 15 276 84 333
pottedplant 0.0132 129 145 141 162
pottedplant 0.0125 433 -2 499 91
pottedplant 0.0117 79 271 122 356
pottedplant 0.0110 124 133 142 150
pottedplant 0.0075 127 225 174 281
pottedplant 0.0073 354 125 369 161
pottedplant 0.0069 145 139 161 164
pottedplant 0.0066 395 85 416 123
pottedplant 0.0058 396 57 443 125
pottedplant 0.0035 225 137 235 152
pottedplant 0.0034 160 138 175 163
pottedplant 0.0028 102 252 126 340
pottedplant 0.0026 73 259 95 302
pottedplant 0.0024 361 123 387 165
pottedplant 0.0024 0 156 12 217
pottedplant 0.0023 108 262 129 308
pottedplant 0.0023 139 126 154 143
pottedplant 0.0023 355 138 366 161
pottedplant 0.0022 122 265 159 282
pottedplant 0.0018 185 113 201 134
pottedplant 0.0016 190 148 210 163
pottedplant 0.0013 394 77 446 165
pottedplant 0.0013 138 225 187 267
pottedplant 0.0013 122 272 160 336
pottedplant 0.0011 15 240 61 334
pottedplant 0.0011 179 103 201 134
pottedplant 0.0010 355 122 371 146
diningtable 0.4069 1 244 238 372
diningtable 0.0205 150 225 192 267
diningtable 0.0188 0 322 223 374
diningtable 0.0185 101 160 232 198
diningtable 0.0159 1 193 348 375
diningtable 0.0142 287 150 334 161
diningtable 0.0123 150 216 196 227
diningtable 0.0105 44 222 186 343
diningtable 0.0102 261 145 406 252
diningtable 0.0097 280 160 406 218
diningtable 0.0081 114 186 150 200
diningtable 0.0075 121 188 206 230
diningtable 0.0063 144 220 195 231
diningtable 0.0054 137 208 205 265
diningtable 0.0052 0 258 84 334
diningtable 0.0043 107 146 250 213
diningtable 0.0043 0 224 36 328
diningtable 0.0036 139 185 431 371
diningtable 0.0027 111 185 153 226
diningtable 0.0022 1 332 147 371
diningtable 0.0020 121 141 228 175
diningtable 0.0019 0 266 31 299
diningtable 0.0019 117 197 144 228
diningtable 0.0018 265 155 400 194
diningtable 0.0015 292 154 339 162
diningtable 0.0015 97 352 207 373
diningtable 0.0013 91 134 343 248
diningtable 0.0013 277 361 331 373
diningtable 0.0013 384 132 401 161
diningtable 0.0012 0 328 56 354
diningtable 0.0012 171 148 193 163
diningtable 0.0010 109 169 164 198
diningtable 0.0010 2 335 97 363
diningtable 0.0010 58 220 177 275
tvmonitor 0.0121 276 136 294 162
tvmonitor 0.0062 300 132 320 156
tvmonitor 0.0032 322 142 355 161
tvmonitor 0.0031 153 227 191 264
tvmonitor 0.0023 145 140 160 164
tvmonitor 0.0020 274 137 284 162
tvmonitor 0.0010 385 133 401 161
