person 0.0395 10 -24 498 376
person 0.0018 0 298 28 374
person 0.0010 0 220 28 377
cat 0.0055 103 158 272 350
cat 0.0014 104 29 293 184
cat 0.0010 282 97 464 327
dog 0.8578 111 159 279 350
dog 0.8448 282 131 443 324
dog 0.7719 110 34 293 174
dog 0.0517 111 111 178 197
dog 0.0100 94 46 495 358
dog 0.0032 53 71 282 356
dog 0.0014 93 58 273 243
chair 0.0036 74 11 455 355
chair 0.0012 0 203 24 372
chair 0.0011 0 298 28 374
sofa 0.5061 5 -26 496 378
sofa 0.0017 0 300 28 373
sofa 0.0015 20 247 495 372
sofa 0.0013 81 145 495 369
sofa 0.0012 0 205 27 371
