person 0.0019 489 230 499 238
boat 0.0034 289 108 338 115
boat 0.0023 215 105 343 116
bird 0.0094 48 170 111 207
bird 0.0049 332 192 339 198
bird 0.0041 489 230 499 238
bird 0.0034 307 184 314 191
bird 0.0013 473 279 491 291
cat 0.0062 45 168 113 206
dog 0.2713 48 169 115 207
dog 0.0038 482 294 499 314
dog 0.0024 473 279 491 291
dog 0.0015 489 230 499 238
horse 0.0587 482 294 499 314
horse 0.0146 473 278 491 290
horse 0.0101 46 168 115 206
horse 0.0061 489 230 499 238
sheep 0.2233 482 294 499 314
sheep 0.2100 473 279 491 290
sheep 0.1615 46 168 114 206
sheep 0.0404 332 192 340 199
sheep 0.0088 307 184 314 191
sheep 0.0072 489 230 499 238
cow 0.5628 48 169 115 207
cow 0.2965 482 295 499 315
cow 0.2190 474 278 492 290
cow 0.1345 489 230 499 238
cow 0.0040 307 184 314 191
cow 0.0036 332 192 340 199
cow 0.0019 487 296 499 328
