person 0.3852 65 56 74 86
person 0.3791 104 73 119 108
person 0.3327 72 59 80 86
person 0.0220 193 159 210 175
person 0.0050 220 155 237 178
person 0.0048 106 62 145 73
person 0.0025 42 59 50 68
person 0.0020 98 70 120 98
person 0.0019 100 61 150 110
person 0.0015 177 159 208 176
person 0.0014 164 154 194 174
person 0.0012 123 64 145 74
person 0.0010 161 156 179 173
bicycle 0.0011 104 73 119 108
car 0.9037 112 140 282 240
car 0.5280 106 66 152 111
car 0.0621 104 61 144 75
car 0.0223 97 69 121 90
car 0.0197 98 62 141 92
car 0.0106 106 72 119 96
car 0.0024 23 61 63 94
car 0.0010 123 64 145 74
car 0.0010 95 71 110 90
motorbike 0.0020 97 61 153 111
motorbike 0.0011 104 73 119 108
bus 0.0060 99 60 153 111
boat 0.0053 97 61 153 111
chair 0.0010 227 70 241 83
pottedplant 0.0105 104 73 119 108
