person 0.0022 185 161 218 217
person 0.0017 180 113 232 214
person 0.0017 165 166 209 218
person 0.0016 0 198 110 371
person 0.0012 200 174 233 215
person 0.0011 93 90 192 220
person 0.0010 209 198 230 215
bicycle 0.0100 311 202 346 242
bicycle 0.0023 236 35 308 128
bicycle 0.0011 2 0 200 221
car 0.0013 273 21 352 78
car 0.0011 167 199 200 217
bus 0.0010 0 -1 160 218
boat 0.0046 363 164 417 192
boat 0.0020 393 175 430 195
boat 0.0019 4 97 24 199
boat 0.0018 53 88 101 230
boat 0.0015 34 94 58 209
boat 0.0015 93 94 196 201
bird 0.0273 271 75 309 123
bird 0.0050 239 38 309 127
bird 0.0039 220 0 307 104
bird 0.0025 128 89 248 139
bird 0.0015 122 93 205 128
bird 0.0014 192 19 248 121
bird 0.0012 234 33 273 130
bird 0.0010 158 29 243 138
cat 0.0028 218 -1 304 123
cat 0.0017 272 74 308 124
sheep 0.0016 220 0 307 104
bottle 0.9115 230 166 274 317
bottle 0.0585 1 197 109 371
bottle 0.0093 220 176 234 215
bottle 0.0087 221 193 233 214
bottle 0.0076 257 183 269 214
bottle 0.0046 166 198 201 217
bottle 0.0041 216 199 230 215
bottle 0.0034 228 252 238 294
bottle 0.0030 269 194 290 213
bottle 0.0028 222 161 239 224
bottle 0.0026 87 90 173 332
bottle 0.0026 200 174 233 215
bottle 0.0025 185 161 218 217
bottle 0.0023 136 149 226 302
bottle 0.0023 218 132 240 215
bottle 0.0022 257 138 292 214
bottle 0.0018 229 201 249 302
bottle 0.0018 4 71 91 334
bottle 0.0017 50 262 111 371
bottle 0.0016 50 317 111 373
bottle 0.0016 262 183 293 214
bottle 0.0015 135 144 176 214
bottle 0.0014 288 189 301 213
bottle 0.0013 173 168 210 216
bottle 0.0013 51 91 107 247
bottle 0.0012 130 94 194 215
bottle 0.0011 230 233 240 298
bottle 0.0011 185 123 231 214
bottle 0.0010 157 198 174 218
bottle 0.0010 137 157 200 218
bottle 0.0010 258 212 325 296
bottle 0.0010 91 216 243 304
chair 0.8128 260 212 328 283
chair 0.6638 324 192 503 370
chair 0.5951 88 221 154 361
chair 0.4262 366 189 416 205
chair 0.4156 145 215 235 302
chair 0.2671 335 188 417 227
chair 0.2018 0 198 110 370
chair 0.0609 91 216 240 368
chair 0.0541 333 193 368 228
chair 0.0476 332 190 420 272
chair 0.0411 396 178 430 196
chair 0.0298 364 164 415 190
chair 0.0218 432 186 459 195
chair 0.0177 168 211 326 294
chair 0.0157 0 94 21 198
chair 0.0150 137 156 174 220
chair 0.0102 184 159 232 216
chair 0.0090 124 94 197 213
chair 0.0089 392 172 422 191
chair 0.0088 55 90 107 234
chair 0.0074 322 200 346 240
chair 0.0063 310 199 334 242
chair 0.0054 383 165 415 174
chair 0.0053 343 344 472 372
chair 0.0052 167 199 200 217
chair 0.0042 147 159 216 218
chair 0.0040 395 183 462 198
chair 0.0038 200 174 233 215
chair 0.0038 213 199 230 215
chair 0.0034 126 112 199 170
chair 0.0034 269 199 290 213
chair 0.0032 125 93 199 126
chair 0.0032 397 164 421 178
chair 0.0032 409 184 429 197
chair 0.0030 311 161 329 214
chair 0.0028 258 181 292 214
chair 0.0028 257 183 269 214
chair 0.0026 365 163 416 173
chair 0.0026 365 188 471 214
chair 0.0026 7 80 34 201
chair 0.0025 0 100 10 198
chair 0.0025 173 168 210 216
chair 0.0024 310 199 349 254
chair 0.0023 375 156 408 166
chair 0.0022 121 196 349 362
chair 0.0022 366 168 395 190
chair 0.0021 62 208 361 306
chair 0.0018 326 114 417 226
chair 0.0018 412 148 428 177
chair 0.0017 311 160 339 236
chair 0.0017 0 93 35 296
chair 0.0017 10 97 106 241
chair 0.0017 334 160 357 194
chair 0.0016 136 149 226 302
chair 0.0016 353 141 368 170
chair 0.0015 151 112 233 216
chair 0.0015 94 144 120 206
chair 0.0015 428 175 457 194
chair 0.0014 91 108 133 223
chair 0.0014 227 362 322 373
chair 0.0014 131 138 196 167
chair 0.0014 221 193 233 214
chair 0.0013 33 90 69 230
chair 0.0013 334 208 354 238
chair 0.0012 332 162 380 228
chair 0.0012 325 194 339 223
chair 0.0012 91 179 514 373
chair 0.0011 270 74 308 123
chair 0.0011 367 144 387 166
chair 0.0011 413 188 434 198
chair 0.0011 356 172 378 194
chair 0.0011 224 200 236 216
chair 0.0010 427 187 497 201
chair 0.0010 2 3 180 244
chair 0.0010 112 288 341 370
chair 0.0010 340 165 375 198
chair 0.0010 84 65 194 223
chair 0.0010 321 195 336 228
chair 0.0010 327 162 341 214
chair 0.0010 331 211 346 239
sofa 0.2452 327 186 499 369
sofa 0.1171 333 189 420 226
sofa 0.0197 343 163 418 219
sofa 0.0173 331 188 422 264
sofa 0.0136 148 214 235 301
sofa 0.0104 86 211 334 312
sofa 0.0086 94 215 230 366
sofa 0.0080 0 198 110 371
sofa 0.0067 326 114 417 226
sofa 0.0054 343 188 415 205
sofa 0.0051 260 213 327 287
sofa 0.0039 290 152 415 255
sofa 0.0026 337 159 468 244
sofa 0.0025 333 191 374 225
sofa 0.0017 -3 -19 466 351
sofa 0.0010 172 212 328 285
pottedplant 0.1462 333 158 375 227
pottedplant 0.1214 312 59 389 230
pottedplant 0.1070 333 189 420 226
pottedplant 0.0570 423 168 451 194
pottedplant 0.0547 388 -2 499 193
pottedplant 0.0455 8 -1 205 230
pottedplant 0.0378 333 193 368 228
pottedplant 0.0345 370 101 412 167
pottedplant 0.0308 290 58 362 233
pottedplant 0.0299 237 41 312 243
pottedplant 0.0267 378 129 411 165
pottedplant 0.0224 350 171 376 197
pottedplant 0.0176 325 61 370 174
pottedplant 0.0167 352 80 393 171
pottedplant 0.0149 183 117 231 214
pottedplant 0.0145 30 -5 382 279
pottedplant 0.0144 190 15 308 260
pottedplant 0.0130 311 160 339 236
pottedplant 0.0121 418 152 454 195
pottedplant 0.0097 310 199 347 244
pottedplant 0.0082 403 179 430 196
pottedplant 0.0081 326 114 417 226
pottedplant 0.0071 432 186 459 196
pottedplant 0.0059 63 33 278 223
pottedplant 0.0053 263 76 303 224
pottedplant 0.0049 388 144 410 164
pottedplant 0.0047 419 133 497 195
pottedplant 0.0047 283 120 317 242
pottedplant 0.0045 145 89 235 218
pottedplant 0.0037 307 118 335 244
pottedplant 0.0037 353 86 382 149
pottedplant 0.0033 373 108 402 138
pottedplant 0.0033 198 116 250 214
pottedplant 0.0033 420 153 438 181
pottedplant 0.0033 329 60 366 113
pottedplant 0.0030 344 70 384 215
pottedplant 0.0028 300 14 426 244
pottedplant 0.0027 268 183 293 214
pottedplant 0.0026 338 158 368 196
pottedplant 0.0025 39 25 230 350
pottedplant 0.0025 329 210 346 239
pottedplant 0.0025 259 122 294 217
pottedplant 0.0025 360 164 414 201
pottedplant 0.0024 399 70 435 120
pottedplant 0.0024 399 73 438 169
pottedplant 0.0024 367 138 402 167
pottedplant 0.0023 300 68 334 228
pottedplant 0.0020 362 169 385 191
pottedplant 0.0019 395 183 462 198
pottedplant 0.0019 338 -6 499 379
pottedplant 0.0017 152 50 200 104
pottedplant 0.0016 269 199 290 213
pottedplant 0.0015 366 140 383 166
pottedplant 0.0014 8 65 152 273
pottedplant 0.0013 363 83 384 124
pottedplant 0.0013 376 95 391 120
pottedplant 0.0012 237 70 278 224
pottedplant 0.0012 413 152 430 177
pottedplant 0.0012 343 163 418 219
pottedplant 0.0012 407 114 436 182
pottedplant 0.0012 418 150 433 170
pottedplant 0.0012 353 143 367 171
pottedplant 0.0012 380 155 408 165
pottedplant 0.0012 317 211 342 241
pottedplant 0.0012 218 132 240 215
pottedplant 0.0011 377 105 392 123
pottedplant 0.0011 187 31 239 119
pottedplant 0.0011 326 161 340 216
pottedplant 0.0011 378 104 389 116
pottedplant 0.0011 408 144 430 182
pottedplant 0.0011 331 168 351 212
pottedplant 0.0011 242 129 272 217
pottedplant 0.0010 443 152 478 193
diningtable 0.7782 112 278 346 369
diningtable 0.2787 364 164 416 190
diningtable 0.2530 364 164 416 174
diningtable 0.0686 395 176 429 196
diningtable 0.0250 392 172 422 191
diningtable 0.0225 343 188 415 205
diningtable 0.0161 86 211 334 312
diningtable 0.0080 327 187 498 369
diningtable 0.0048 90 205 504 374
diningtable 0.0034 335 188 417 227
diningtable 0.0032 362 183 428 206
diningtable 0.0032 110 354 201 373
diningtable 0.0026 0 197 109 371
diningtable 0.0024 429 186 461 197
diningtable 0.0024 333 193 368 228
diningtable 0.0023 186 162 231 218
diningtable 0.0021 404 182 429 197
diningtable 0.0020 365 188 471 214
diningtable 0.0020 131 138 196 167
diningtable 0.0017 397 164 421 178
diningtable 0.0016 64 -14 480 342
diningtable 0.0016 126 112 199 170
diningtable 0.0015 111 344 230 373
diningtable 0.0015 343 344 472 372
diningtable 0.0013 427 187 497 201
diningtable 0.0012 54 90 103 228
diningtable 0.0012 146 214 235 303
diningtable 0.0012 133 109 231 216
diningtable 0.0011 124 337 327 371
diningtable 0.0011 310 199 334 242
diningtable 0.0011 119 358 247 373
diningtable 0.0010 395 183 462 198
tvmonitor 0.0022 91 216 240 305
tvmonitor 0.0018 83 18 115 63
tvmonitor 0.0011 329 190 499 369
