person 0.7154 237 141 248 178
person 0.5973 273 154 286 176
person 0.0225 258 156 286 177
person 0.0159 271 164 285 179
person 0.0106 484 148 499 173
person 0.0097 477 142 496 168
person 0.0074 490 167 499 184
person 0.0043 272 155 296 178
person 0.0017 233 155 285 179
person 0.0015 277 139 286 154
person 0.0015 237 166 287 180
person 0.0010 278 140 286 148
bicycle 0.0015 479 143 497 170
car 0.0110 484 148 499 173
car 0.0075 477 142 496 169
car 0.0021 490 167 499 184
motorbike 0.0022 479 143 497 170
aeroplane 0.0011 236 159 294 178
train 0.0101 477 142 498 170
train 0.0061 485 150 499 174
boat 0.4653 237 170 285 182
boat 0.3005 236 158 286 181
boat 0.0165 490 167 499 184
boat 0.0161 271 164 285 179
boat 0.0159 258 156 286 177
boat 0.0117 234 138 287 178
boat 0.0091 267 154 297 179
boat 0.0079 485 151 499 173
boat 0.0071 273 155 286 177
boat 0.0053 478 143 498 173
boat 0.0046 240 167 259 177
boat 0.0019 237 173 251 183
boat 0.0016 236 141 247 177
boat 0.0010 144 138 156 145
bird 0.0791 477 142 496 168
bird 0.0556 484 150 499 173
bird 0.0082 490 168 499 185
bird 0.0010 273 155 286 177
dog 0.0015 485 150 499 174
dog 0.0012 273 155 285 176
dog 0.0011 490 168 499 185
horse 0.0131 485 151 499 173
horse 0.0102 478 142 499 176
horse 0.0079 489 160 499 185
horse 0.0025 476 143 492 169
sheep 0.0174 485 150 499 173
sheep 0.0107 489 160 499 185
sheep 0.0066 477 142 495 168
cow 0.0331 486 152 498 174
cow 0.0289 489 166 499 185
cow 0.0154 478 143 498 173
