person 0.5496 99 179 113 213
person 0.1565 171 180 183 200
person 0.0788 320 166 341 199
person 0.0714 172 182 190 201
person 0.0643 152 181 163 214
person 0.0345 151 188 161 228
person 0.0344 304 162 337 198
person 0.0310 249 194 261 213
person 0.0295 84 178 91 212
person 0.0235 293 163 324 197
person 0.0228 183 186 192 201
person 0.0227 154 180 163 196
person 0.0138 172 178 180 194
person 0.0108 26 189 34 204
person 0.0107 277 168 295 201
person 0.0104 251 196 275 213
person 0.0102 171 187 194 222
person 0.0094 151 178 169 233
person 0.0088 85 209 101 243
person 0.0082 81 176 105 241
person 0.0056 283 164 314 199
person 0.0047 186 188 194 202
person 0.0032 374 187 388 219
person 0.0032 77 218 89 233
person 0.0025 83 192 90 212
person 0.0023 170 189 183 204
person 0.0022 199 190 207 205
person 0.0021 131 159 146 215
person 0.0021 103 172 114 201
person 0.0021 324 175 348 199
person 0.0017 39 175 57 192
person 0.0015 79 204 101 232
person 0.0015 18 168 38 204
person 0.0014 173 204 192 223
person 0.0013 160 181 178 211
person 0.0013 257 172 278 208
person 0.0013 186 183 203 203
person 0.0012 99 176 110 200
person 0.0012 153 177 190 224
person 0.0011 234 193 242 210
person 0.0010 133 179 142 219
bicycle 0.0025 77 218 89 233
car 0.0159 38 175 57 191
car 0.0032 374 187 387 219
bus 0.9398 129 123 378 263
bus 0.0099 38 175 57 192
train 0.0028 2 164 38 204
train 0.0015 39 175 57 191
train 0.0011 128 131 380 266
chair 0.0062 77 218 89 233
chair 0.0041 374 187 387 219
chair 0.0022 83 215 100 244
pottedplant 0.0054 77 218 89 227
