person 0.0083 52 91 134 195
person 0.0041 0 6 145 422
person 0.0029 133 9 338 381
person 0.0027 38 68 143 325
person 0.0013 130 71 183 348
person 0.0013 1 78 136 241
person 0.0012 0 -2 167 207
bicycle 0.0144 4 -11 423 426
bicycle 0.0045 131 0 345 397
bicycle 0.0019 0 2 150 409
car 0.0037 1 -1 267 108
car 0.0036 1 -8 429 369
car 0.0029 0 -2 184 206
car 0.0025 2 -1 421 154
car 0.0011 0 160 126 343
car 0.0010 1 -5 202 410
motorbike 0.0018 0 -2 167 207
boat 0.0019 267 185 336 207
bird 0.9206 364 273 478 361
bird 0.2836 158 254 279 353
bird 0.0651 139 30 329 384
bird 0.0529 144 266 214 354
bird 0.0353 193 335 214 351
bird 0.0301 192 320 267 353
bird 0.0157 193 325 238 352
bird 0.0103 256 262 278 348
bird 0.0094 259 318 276 349
bird 0.0073 248 64 340 338
bird 0.0068 108 343 422 429
bird 0.0060 266 160 341 301
bird 0.0048 135 42 219 357
bird 0.0038 235 260 275 349
bird 0.0030 175 286 267 352
bird 0.0029 159 266 209 323
bird 0.0029 265 192 278 204
bird 0.0028 225 318 261 350
bird 0.0025 148 324 221 353
bird 0.0022 51 91 134 197
bird 0.0022 207 277 243 317
bird 0.0020 258 191 276 207
bird 0.0019 219 257 262 317
bird 0.0018 160 312 359 385
bird 0.0017 135 206 178 289
bird 0.0017 259 262 275 320
bird 0.0015 237 232 341 346
bird 0.0012 267 185 336 207
bird 0.0012 133 199 216 358
bird 0.0011 262 53 340 222
cat 0.0019 160 255 279 353
cat 0.0018 51 91 134 197
cat 0.0016 193 321 266 353
dog 0.0016 191 321 266 352
sheep 0.0025 192 320 267 353
bottle 0.0027 3 66 151 364
bottle 0.0014 2 181 128 423
chair 0.0225 102 345 448 433
chair 0.0036 131 32 308 383
chair 0.0031 1 67 150 361
chair 0.0014 28 -8 411 412
pottedplant 0.1804 0 15 144 430
pottedplant 0.0106 0 163 126 355
pottedplant 0.0038 5 -2 385 440
pottedplant 0.0015 136 18 335 364
pottedplant 0.0010 51 92 133 195
diningtable 0.0135 92 342 497 437
