person 0.2741 238 195 347 367
person 0.0471 252 196 331 307
person 0.0132 458 109 491 211
person 0.0110 246 142 256 173
person 0.0048 137 132 149 149
person 0.0046 314 178 325 194
person 0.0014 470 106 499 197
person 0.0011 5 225 46 325
person 0.0011 235 289 347 371
bicycle 0.0131 107 137 145 214
bicycle 0.0029 96 136 131 200
bicycle 0.0013 101 139 120 174
bird 0.0037 458 109 491 211
cat 0.0229 252 197 331 306
cat 0.0014 10 223 46 271
dog 0.0134 253 198 330 293
dog 0.0016 237 192 343 354
dog 0.0012 237 275 345 368
cow 0.0014 0 207 46 346
bottle 0.5091 246 142 256 175
bottle 0.0413 340 170 357 195
bottle 0.0252 247 158 255 175
bottle 0.0220 324 173 338 195
bottle 0.0131 261 156 270 169
bottle 0.0104 184 140 195 174
bottle 0.0102 358 170 366 194
bottle 0.0102 347 163 361 193
bottle 0.0034 268 164 280 187
bottle 0.0033 345 153 358 171
bottle 0.0031 338 153 361 195
bottle 0.0026 314 178 325 194
bottle 0.0025 259 156 267 168
bottle 0.0016 275 158 284 193
bottle 0.0014 249 164 261 175
bottle 0.0014 268 160 280 177
chair 0.7744 196 165 251 285
chair 0.7245 139 147 169 206
chair 0.5790 169 144 206 261
chair 0.2896 184 140 196 175
chair 0.2193 1 209 46 354
chair 0.2013 258 131 283 162
chair 0.1560 258 131 279 150
chair 0.1531 117 138 145 212
chair 0.1378 184 158 286 201
chair 0.1354 156 147 179 205
chair 0.1056 226 148 247 158
chair 0.0997 175 141 195 178
chair 0.0991 176 141 202 215
chair 0.0948 231 133 247 149
chair 0.0943 247 191 276 272
chair 0.0878 228 135 249 156
chair 0.0772 173 148 193 196
chair 0.0753 192 140 213 165
chair 0.0573 172 146 188 180
chair 0.0561 169 150 187 209
chair 0.0535 185 162 255 218
chair 0.0456 140 147 165 164
chair 0.0357 458 110 494 211
chair 0.0321 0 207 44 278
chair 0.0320 185 137 223 170
chair 0.0308 197 153 226 167
chair 0.0286 249 206 267 269
chair 0.0270 208 137 224 157
chair 0.0259 203 219 249 284
chair 0.0250 260 130 276 144
chair 0.0239 266 144 283 165
chair 0.0231 471 178 499 213
chair 0.0218 260 142 276 165
chair 0.0215 196 155 244 170
chair 0.0211 0 207 37 241
chair 0.0159 223 145 233 157
chair 0.0154 455 180 466 209
chair 0.0147 175 220 203 258
chair 0.0143 121 142 143 187
chair 0.0135 270 166 282 198
chair 0.0127 239 179 278 239
chair 0.0123 457 171 473 209
chair 0.0122 184 176 229 213
chair 0.0121 253 199 327 261
chair 0.0121 274 158 284 199
chair 0.0120 98 135 143 219
chair 0.0119 237 275 345 368
chair 0.0116 257 183 325 227
chair 0.0112 275 141 286 188
chair 0.0109 166 147 180 192
chair 0.0105 249 191 283 229
chair 0.0102 121 138 135 161
chair 0.0101 272 141 285 168
chair 0.0099 228 168 278 271
chair 0.0098 195 159 250 178
chair 0.0097 237 135 251 151
chair 0.0093 268 164 280 189
chair 0.0091 184 149 237 182
chair 0.0089 225 138 244 154
chair 0.0089 172 142 191 165
chair 0.0087 217 135 231 156
chair 0.0084 106 139 122 173
chair 0.0083 194 160 253 195
chair 0.0083 218 152 260 173
chair 0.0078 257 201 282 224
chair 0.0073 247 143 257 168
chair 0.0072 171 185 218 256
chair 0.0068 184 138 205 173
chair 0.0064 464 169 474 210
chair 0.0060 253 201 281 244
chair 0.0058 251 157 275 174
chair 0.0055 111 137 134 174
chair 0.0051 207 143 231 160
chair 0.0048 303 198 330 222
chair 0.0043 268 160 280 177
chair 0.0039 0 212 18 277
chair 0.0038 130 145 148 197
chair 0.0037 166 146 176 160
chair 0.0037 181 194 214 219
chair 0.0036 264 155 278 168
chair 0.0035 257 141 269 166
chair 0.0033 186 226 203 254
chair 0.0033 140 143 161 154
chair 0.0032 100 137 120 163
chair 0.0031 191 134 210 158
chair 0.0029 217 162 251 185
chair 0.0028 251 198 334 312
chair 0.0027 103 149 128 217
chair 0.0026 178 196 197 217
chair 0.0026 0 212 19 245
chair 0.0026 185 187 210 210
chair 0.0026 1 231 28 311
chair 0.0025 461 170 492 212
chair 0.0025 95 139 117 174
chair 0.0025 278 158 286 196
chair 0.0024 5 255 43 336
chair 0.0023 154 145 168 157
chair 0.0023 178 164 192 214
chair 0.0022 252 185 280 204
chair 0.0022 201 184 235 254
sofa 0.0157 0 207 46 359
sofa 0.0056 259 130 283 146
sofa 0.0027 259 134 284 164
sofa 0.0019 455 180 466 209
sofa 0.0019 472 179 498 212
sofa 0.0019 254 200 330 263
sofa 0.0012 248 197 337 328
sofa 0.0011 458 107 499 214
pottedplant 0.0103 0 123 107 277
pottedplant 0.0060 252 197 331 307
pottedplant 0.0029 251 102 280 144
pottedplant 0.0025 340 152 362 194
pottedplant 0.0024 362 152 398 195
pottedplant 0.0023 1 206 48 343
pottedplant 0.0022 246 142 256 173
pottedplant 0.0019 45 131 106 263
pottedplant 0.0017 0 2 124 293
pottedplant 0.0014 345 153 361 175
pottedplant 0.0014 10 223 46 271
diningtable 0.4878 185 158 282 199
diningtable 0.2821 176 157 282 268
diningtable 0.1000 136 154 190 206
diningtable 0.0735 222 168 279 195
diningtable 0.0558 228 168 278 271
diningtable 0.0315 182 167 246 212
diningtable 0.0266 155 139 281 188
diningtable 0.0214 0 207 46 347
diningtable 0.0211 173 188 204 258
diningtable 0.0208 142 147 180 183
diningtable 0.0175 185 137 223 170
diningtable 0.0151 227 173 280 223
diningtable 0.0151 22 191 424 373
diningtable 0.0136 172 148 187 185
diningtable 0.0133 164 145 181 206
diningtable 0.0124 170 141 193 180
diningtable 0.0123 139 147 168 203
diningtable 0.0111 223 149 249 159
diningtable 0.0109 119 140 146 208
diningtable 0.0098 0 207 37 242
diningtable 0.0096 184 149 237 182
diningtable 0.0094 197 157 255 172
diningtable 0.0091 218 152 260 173
diningtable 0.0083 184 172 237 198
diningtable 0.0083 194 154 230 170
diningtable 0.0075 177 143 197 198
diningtable 0.0069 217 286 499 370
diningtable 0.0063 177 198 215 220
diningtable 0.0060 184 138 205 173
diningtable 0.0053 220 193 358 369
diningtable 0.0046 251 157 275 174
diningtable 0.0045 219 204 500 372
diningtable 0.0044 140 147 165 165
diningtable 0.0043 259 134 284 164
diningtable 0.0039 191 136 212 167
diningtable 0.0036 245 186 277 243
diningtable 0.0035 248 197 338 316
diningtable 0.0034 207 143 231 160
diningtable 0.0031 182 140 196 177
diningtable 0.0031 0 207 44 271
diningtable 0.0030 161 133 204 176
diningtable 0.0027 185 181 218 210
diningtable 0.0027 94 121 122 146
diningtable 0.0025 228 142 247 158
diningtable 0.0022 237 324 350 373
diningtable 0.0018 174 151 194 217
diningtable 0.0017 256 193 328 227
diningtable 0.0017 446 209 499 367
diningtable 0.0016 120 141 141 179
diningtable 0.0015 185 159 237 240
diningtable 0.0014 175 220 203 258
diningtable 0.0013 386 209 499 372
diningtable 0.0013 0 216 18 273
diningtable 0.0012 225 138 244 154
diningtable 0.0012 95 122 113 140
diningtable 0.0011 0 212 19 245
diningtable 0.0011 172 142 191 165
diningtable 0.0011 194 163 252 285
diningtable 0.0011 -25 267 472 370
diningtable 0.0010 181 183 231 218
diningtable 0.0010 208 137 224 157
diningtable 0.0010 251 171 279 195
diningtable 0.0010 109 139 130 177
tvmonitor 0.0439 166 42 250 134
tvmonitor 0.0196 259 131 277 145
tvmonitor 0.0042 0 83 24 151
tvmonitor 0.0033 25 83 49 143
tvmonitor 0.0026 258 131 283 162
tvmonitor 0.0024 340 54 391 131
