person 0.0195 0 101 31 170
person 0.0115 0 88 35 291
person 0.0023 203 36 263 121
person 0.0021 332 -2 499 146
person 0.0020 1 97 64 320
person 0.0016 331 6 394 110
person 0.0015 0 88 216 326
person 0.0010 353 4 499 296
car 0.0073 -21 -15 505 327
car 0.0010 203 34 265 120
car 0.0010 -8 -13 501 136
motorbike 0.0021 -27 -11 506 333
cat 0.3536 -4 36 406 325
cat 0.0112 6 89 237 287
cat 0.0031 330 -2 499 145
cat 0.0018 203 36 264 121
dog 0.6548 -2 28 398 329
dog 0.0084 6 91 242 318
dog 0.0079 182 58 402 319
dog 0.0050 330 -2 499 145
dog 0.0042 330 5 394 109
dog 0.0032 332 16 394 190
dog 0.0021 203 35 264 121
dog 0.0011 325 0 500 293
dog 0.0010 0 97 39 317
horse 0.0102 1 48 422 330
horse 0.0051 0 90 208 328
sheep 0.0385 5 255 172 330
sheep 0.0092 24 45 430 324
sheep 0.0022 1 184 34 320
sheep 0.0019 203 36 264 121
sheep 0.0018 2 190 67 323
sheep 0.0011 6 91 242 318
sheep 0.0011 1 194 27 278
sheep 0.0010 1 98 52 331
cow 0.0676 -1 32 402 330
cow 0.0114 0 90 191 330
cow 0.0047 0 98 35 323
cow 0.0038 5 96 92 326
cow 0.0030 2 184 69 320
cow 0.0020 0 184 25 321
cow 0.0020 4 245 176 328
chair 0.0012 -16 -10 496 334
sofa 0.0115 -27 -11 506 333
sofa 0.0010 353 4 499 296
