person 0.8504 428 0 470 43
person 0.8014 57 22 77 68
person 0.5654 271 1 286 29
person 0.3004 2 30 14 57
person 0.2152 83 33 98 54
person 0.1802 93 37 106 53
person 0.0659 97 36 111 53
person 0.0598 110 32 119 47
person 0.0573 106 32 116 45
person 0.0499 464 31 477 42
person 0.0416 157 20 169 34
person 0.0399 106 34 118 52
person 0.0357 158 23 168 30
person 0.0236 101 31 111 42
person 0.0156 74 34 84 48
person 0.0130 25 33 44 45
person 0.0108 462 26 474 43
person 0.0108 112 32 125 50
person 0.0089 479 30 497 43
person 0.0089 85 24 94 40
person 0.0085 170 23 182 30
person 0.0055 269 0 300 76
person 0.0054 50 34 61 46
person 0.0048 127 20 137 29
person 0.0046 74 29 88 53
person 0.0043 4 34 20 58
person 0.0041 374 6 397 57
person 0.0037 189 9 199 30
person 0.0033 51 26 63 46
person 0.0028 23 34 50 47
person 0.0021 14 34 37 48
person 0.0019 14 34 26 46
person 0.0017 105 22 249 59
person 0.0015 432 0 446 29
person 0.0014 473 6 499 43
person 0.0014 56 22 64 37
person 0.0013 76 33 102 79
person 0.0012 187 9 203 41
person 0.0012 234 16 254 36
person 0.0011 293 54 309 97
person 0.0011 186 0 241 43
person 0.0010 39 33 58 46
person 0.0010 71 26 83 45
bicycle 0.2261 0 30 16 58
bicycle 0.1225 2 32 55 57
bicycle 0.0588 17 34 54 49
bicycle 0.0425 14 34 37 48
bicycle 0.0135 0 37 10 59
bicycle 0.0081 441 30 473 44
bicycle 0.0065 39 39 76 56
bicycle 0.0056 82 37 99 53
bicycle 0.0052 282 71 302 95
bicycle 0.0048 25 33 44 45
bicycle 0.0042 14 34 26 46
bicycle 0.0034 464 30 477 42
bicycle 0.0025 89 37 105 54
bicycle 0.0023 49 37 61 46
bicycle 0.0019 81 37 288 180
bicycle 0.0015 73 37 85 50
bicycle 0.0015 52 32 62 46
bicycle 0.0011 286 65 309 95
car 0.5938 186 7 275 73
car 0.4522 361 30 499 156
car 0.4340 234 9 274 30
car 0.3117 109 8 264 56
car 0.2691 84 33 286 177
car 0.1747 116 28 187 49
car 0.1461 73 36 85 49
car 0.1266 50 36 61 46
car 0.0851 23 35 55 48
car 0.0615 81 34 97 53
car 0.0581 130 42 158 50
car 0.0248 232 10 273 72
car 0.0201 108 46 251 84
car 0.0172 276 1 501 151
car 0.0104 97 36 111 53
car 0.0095 423 40 499 143
car 0.0090 270 1 286 29
car 0.0082 170 23 181 30
car 0.0068 234 14 265 47
car 0.0065 39 39 76 56
car 0.0062 158 23 168 30
car 0.0058 57 22 76 68
car 0.0055 478 32 498 43
car 0.0050 110 32 120 49
car 0.0044 157 20 169 34
car 0.0043 106 32 116 45
car 0.0031 93 37 106 53
car 0.0030 286 0 376 53
car 0.0028 101 31 111 42
car 0.0026 153 9 226 40
car 0.0024 84 40 101 56
car 0.0023 146 25 171 35
car 0.0022 186 7 235 43
car 0.0021 425 34 498 96
car 0.0020 106 34 118 52
car 0.0020 74 29 88 53
car 0.0019 112 32 125 50
car 0.0018 12 37 65 56
car 0.0017 126 20 136 29
car 0.0016 134 18 190 41
car 0.0011 160 95 274 150
car 0.0011 290 4 406 130
car 0.0010 61 -22 505 367
car 0.0010 98 25 258 70
car 0.0010 45 37 61 65
motorbike 0.8765 70 26 490 372
motorbike 0.1525 84 33 287 179
motorbike 0.1011 83 35 98 55
motorbike 0.0830 89 37 105 54
motorbike 0.0637 24 35 54 47
motorbike 0.0298 73 36 85 49
motorbike 0.0290 4 34 55 55
motorbike 0.0227 361 33 499 157
motorbike 0.0161 0 30 16 58
motorbike 0.0129 441 30 473 44
motorbike 0.0105 14 34 37 48
motorbike 0.0081 478 32 498 43
motorbike 0.0061 465 31 476 44
motorbike 0.0050 97 36 111 53
motorbike 0.0047 39 39 76 56
motorbike 0.0042 105 33 117 52
motorbike 0.0037 283 1 501 152
motorbike 0.0033 429 26 468 44
motorbike 0.0029 462 26 474 43
motorbike 0.0029 465 9 499 45
motorbike 0.0029 25 33 44 45
motorbike 0.0027 76 33 102 79
motorbike 0.0022 49 37 61 46
motorbike 0.0018 0 37 10 59
motorbike 0.0012 105 22 249 59
motorbike 0.0010 170 23 181 30
motorbike 0.0010 13 26 62 51
motorbike 0.0010 158 23 168 30
bus 0.0011 360 21 500 155
train 0.0013 285 0 376 55
boat 0.0083 23 36 55 48
boat 0.0022 6 33 57 57
boat 0.0014 49 37 61 46
chair 0.7398 11 50 67 117
chair 0.0175 37 85 87 186
chair 0.0168 24 50 61 93
chair 0.0035 0 36 12 58
chair 0.0022 83 35 98 55
chair 0.0021 14 83 41 117
chair 0.0021 282 71 303 95
chair 0.0018 13 51 88 179
chair 0.0018 3 33 51 58
chair 0.0013 20 96 41 118
chair 0.0013 196 57 245 78
chair 0.0011 284 53 308 97
sofa 0.0012 113 4 279 73
pottedplant 0.0049 311 73 326 97
pottedplant 0.0027 473 4 499 43
pottedplant 0.0013 395 22 429 54
tvmonitor 0.1718 231 170 337 285
