person 0.8340 51 8 109 92
person 0.7306 148 14 167 39
person 0.7185 0 63 41 122
person 0.6602 95 22 131 65
person 0.6199 35 29 61 106
person 0.6013 128 18 146 48
person 0.5761 1 32 29 81
person 0.5033 117 19 133 45
person 0.1390 24 35 39 75
person 0.1100 133 18 146 38
person 0.0909 51 21 71 96
person 0.0671 9 32 23 48
person 0.0601 6 32 25 61
person 0.0384 10 30 33 49
person 0.0369 20 51 37 81
person 0.0363 24 35 37 58
person 0.0281 21 32 36 50
person 0.0274 3 32 17 46
person 0.0242 99 22 119 39
person 0.0164 302 55 346 75
person 0.0161 71 9 88 30
person 0.0158 0 65 18 94
person 0.0152 0 65 14 118
person 0.0142 84 24 110 65
person 0.0140 0 33 8 46
person 0.0138 128 82 159 100
person 0.0100 177 60 223 92
person 0.0082 25 32 37 46
person 0.0073 267 55 306 81
person 0.0066 87 24 105 48
person 0.0063 35 29 47 42
person 0.0061 86 17 98 31
person 0.0046 84 19 136 133
person 0.0046 288 55 308 78
person 0.0045 51 33 64 59
person 0.0041 52 28 63 44
person 0.0040 288 54 328 78
person 0.0039 56 8 100 42
person 0.0031 35 31 51 53
person 0.0029 214 0 245 13
person 0.0028 83 18 94 32
person 0.0027 114 27 132 56
person 0.0026 448 110 495 149
person 0.0025 216 54 278 85
person 0.0022 120 18 133 30
person 0.0021 214 0 226 13
person 0.0020 52 27 69 51
person 0.0020 128 76 182 99
person 0.0019 0 86 9 115
person 0.0017 217 167 238 189
person 0.0017 127 17 171 56
person 0.0014 284 184 345 222
person 0.0014 111 15 167 78
person 0.0012 117 15 130 28
person 0.0011 219 75 326 154
person 0.0011 74 11 100 31
person 0.0010 1 29 17 41
person 0.0010 5 66 27 89
bicycle 0.0010 46 89 59 108
car 0.8972 1 1 495 371
car 0.0773 213 -1 275 12
car 0.0176 214 0 240 13
car 0.0155 9 30 33 48
car 0.0049 0 116 40 190
car 0.0047 0 116 40 143
car 0.0035 -1 29 252 363
car 0.0030 150 -1 254 30
car 0.0023 235 0 286 7
car 0.0023 430 107 499 167
car 0.0020 -1 -75 501 121
car 0.0015 21 32 36 50
car 0.0014 310 92 499 366
car 0.0012 212 55 270 85
car 0.0011 170 0 221 19
motorbike 0.6754 3 0 495 371
motorbike 0.0015 20 54 37 82
chair 0.0041 48 89 62 107
chair 0.0023 35 90 57 110
chair 0.0021 29 93 49 110
chair 0.0018 0 116 40 140
pottedplant 0.0014 1 -1 43 11
diningtable 0.0080 0 117 39 140
diningtable 0.0010 18 82 40 95
