person 0.0026 398 221 415 274
person 0.0014 238 68 265 115
person 0.0013 220 230 472 357
bicycle 0.0017 0 240 27 273
car 0.0048 0 237 34 271
car 0.0034 0 220 83 283
car 0.0013 3 248 28 273
car 0.0013 2 230 58 275
car 0.0012 4 230 40 262
car 0.0010 433 166 451 181
car 0.0010 437 159 466 183
motorbike 0.0012 0 237 34 271
bird 0.0016 241 70 252 83
bottle 0.5269 397 220 415 276
bottle 0.0632 321 228 336 257
bottle 0.0351 266 132 277 165
bottle 0.0314 258 135 267 166
bottle 0.0213 250 129 261 159
bottle 0.0101 245 138 255 159
bottle 0.0094 223 236 238 258
bottle 0.0092 95 195 116 242
bottle 0.0077 271 235 284 256
bottle 0.0068 399 221 415 246
bottle 0.0063 243 127 253 157
bottle 0.0060 100 192 114 226
bottle 0.0051 352 259 364 283
bottle 0.0051 304 144 317 168
bottle 0.0050 284 70 296 114
bottle 0.0046 204 147 215 169
bottle 0.0045 273 129 284 166
bottle 0.0043 193 152 204 166
bottle 0.0043 284 132 292 169
bottle 0.0040 322 66 331 87
bottle 0.0038 290 79 299 112
bottle 0.0037 349 223 364 252
bottle 0.0033 197 220 215 253
bottle 0.0032 199 199 223 246
bottle 0.0031 262 73 278 115
bottle 0.0031 395 46 410 90
bottle 0.0028 279 132 290 168
bottle 0.0027 263 131 272 163
bottle 0.0024 243 146 252 164
bottle 0.0023 239 80 254 115
bottle 0.0023 295 67 303 87
bottle 0.0023 278 72 289 116
bottle 0.0021 413 231 427 259
bottle 0.0020 274 68 281 88
bottle 0.0018 199 150 210 166
bottle 0.0018 381 248 393 266
bottle 0.0018 82 191 118 252
bottle 0.0018 216 145 226 168
bottle 0.0017 382 198 408 253
bottle 0.0017 299 73 309 117
bottle 0.0017 93 198 108 233
bottle 0.0017 334 218 357 250
bottle 0.0016 274 75 284 115
bottle 0.0016 320 71 331 116
bottle 0.0015 284 67 293 89
bottle 0.0014 411 46 425 89
bottle 0.0014 296 75 305 114
bottle 0.0014 396 212 407 242
bottle 0.0014 250 127 261 145
bottle 0.0013 414 231 426 248
bottle 0.0013 352 251 366 273
bottle 0.0013 400 248 415 284
bottle 0.0013 98 207 123 246
bottle 0.0012 400 46 414 89
bottle 0.0012 270 133 281 168
bottle 0.0012 382 226 401 265
bottle 0.0012 289 101 297 112
bottle 0.0011 238 68 265 115
bottle 0.0011 237 124 252 162
bottle 0.0011 335 257 357 282
bottle 0.0011 56 177 66 195
bottle 0.0011 203 215 224 239
bottle 0.0010 301 71 309 89
chair 0.8758 83 226 187 373
chair 0.8504 167 252 262 373
chair 0.7896 380 190 441 264
chair 0.6231 115 185 170 251
chair 0.6200 329 190 375 250
chair 0.0937 114 186 174 317
chair 0.0491 140 231 183 358
chair 0.0377 132 221 174 322
chair 0.0356 298 188 326 239
chair 0.0249 157 245 198 365
chair 0.0195 434 340 499 374
chair 0.0121 139 233 165 281
chair 0.0070 104 204 157 289
chair 0.0064 198 188 223 238
chair 0.0060 141 234 165 260
chair 0.0050 381 190 409 255
chair 0.0046 334 192 372 215
chair 0.0044 129 219 161 240
chair 0.0037 167 209 193 244
chair 0.0036 160 185 192 246
chair 0.0035 119 191 162 216
chair 0.0033 326 158 346 175
chair 0.0029 110 323 186 373
chair 0.0029 155 247 190 323
chair 0.0025 476 160 499 325
chair 0.0023 95 238 147 279
chair 0.0022 379 191 462 350
chair 0.0021 230 238 474 366
chair 0.0020 51 227 101 315
chair 0.0018 435 359 481 373
chair 0.0016 79 220 110 297
chair 0.0014 460 264 480 307
chair 0.0014 335 199 353 213
chair 0.0014 396 206 426 232
chair 0.0013 155 184 172 251
chair 0.0012 201 259 233 275
chair 0.0012 349 194 373 221
chair 0.0012 170 204 206 250
chair 0.0012 333 211 363 250
chair 0.0012 60 227 87 273
chair 0.0010 468 137 488 166
chair 0.0010 61 198 119 282
chair 0.0010 122 180 150 196
sofa 0.0022 438 339 499 374
pottedplant 0.0255 0 219 85 283
pottedplant 0.0203 238 69 267 115
pottedplant 0.0129 3 0 179 303
pottedplant 0.0057 241 126 253 156
pottedplant 0.0053 1 185 170 298
pottedplant 0.0052 166 204 195 241
pottedplant 0.0046 239 80 254 115
pottedplant 0.0038 1 173 23 208
pottedplant 0.0034 261 78 277 115
pottedplant 0.0032 9 172 37 206
pottedplant 0.0027 98 207 123 246
pottedplant 0.0025 0 236 31 273
pottedplant 0.0024 249 70 275 113
pottedplant 0.0020 249 129 261 158
pottedplant 0.0017 118 143 173 252
pottedplant 0.0016 132 223 158 241
pottedplant 0.0015 23 153 53 205
pottedplant 0.0015 160 185 192 246
pottedplant 0.0014 51 227 101 315
pottedplant 0.0014 61 198 119 282
pottedplant 0.0014 15 90 80 222
pottedplant 0.0013 241 125 252 143
pottedplant 0.0013 239 69 250 85
pottedplant 0.0013 122 179 146 197
pottedplant 0.0012 60 227 87 273
pottedplant 0.0012 142 154 170 196
pottedplant 0.0011 18 169 45 204
diningtable 0.7954 153 230 473 369
diningtable 0.0301 59 227 357 372
diningtable 0.0187 169 232 318 269
diningtable 0.0116 185 244 230 260
diningtable 0.0102 175 238 250 261
diningtable 0.0102 167 228 414 285
diningtable 0.0090 111 235 349 276
diningtable 0.0064 185 244 245 271
diningtable 0.0055 183 242 288 288
diningtable 0.0032 291 166 361 243
diningtable 0.0030 115 189 168 247
diningtable 0.0028 253 239 339 277
diningtable 0.0025 136 180 476 299
diningtable 0.0023 148 233 227 262
diningtable 0.0021 174 146 431 259
diningtable 0.0015 181 251 223 264
diningtable 0.0010 271 255 333 289
diningtable 0.0010 216 235 270 256
tvmonitor 0.0024 199 173 223 228
tvmonitor 0.0011 298 188 327 239
