person 0.9198 2 -6 502 329
person 0.1227 3 0 307 190
person 0.0722 281 0 498 330
person 0.0678 218 0 322 64
person 0.0345 34 275 111 332
person 0.0163 159 0 232 55
person 0.0139 170 0 373 69
person 0.0038 1 235 110 330
person 0.0037 0 202 28 332
person 0.0037 17 281 35 332
person 0.0033 0 52 31 341
person 0.0025 0 -7 48 321
person 0.0023 6 -1 238 62
person 0.0023 41 301 107 331
person 0.0022 60 -1 400 129
person 0.0012 24 96 277 327
person 0.0011 34 -21 414 56
person 0.0010 35 275 64 332
dog 0.0010 188 187 301 327
bottle 0.0136 35 276 64 333
bottle 0.0066 34 275 111 332
bottle 0.0060 185 187 298 325
bottle 0.0052 18 283 35 332
bottle 0.0013 158 244 241 329
bottle 0.0012 0 208 29 331
chair 0.0229 4 0 281 286
chair 0.0188 159 246 240 327
chair 0.0030 158 247 190 297
chair 0.0027 43 301 108 332
chair 0.0017 0 202 28 332
chair 0.0017 217 0 324 86
chair 0.0014 33 275 116 332
chair 0.0012 4 3 503 329
chair 0.0012 41 168 500 330
chair 0.0011 289 0 499 327
sofa 0.0226 5 2 293 290
sofa 0.0081 -4 79 509 328
sofa 0.0021 11 -2 455 166
sofa 0.0019 16 205 497 330
sofa 0.0015 218 0 322 67
diningtable 0.0023 25 296 495 335
diningtable 0.0018 15 263 496 331
diningtable 0.0017 4 262 250 331
diningtable 0.0013 1 193 500 330
diningtable 0.0011 259 310 451 332
diningtable 0.0011 2 0 298 224
diningtable 0.0011 347 317 431 332
