person 0.2061 139 65 153 84
person 0.1819 433 133 464 164
person 0.0936 413 136 422 150
person 0.0501 274 122 301 147
person 0.0349 68 222 82 246
person 0.0333 133 64 143 78
person 0.0312 83 153 101 206
person 0.0233 264 125 279 147
person 0.0204 412 135 423 162
person 0.0173 128 62 140 78
person 0.0138 125 61 136 77
person 0.0074 275 125 290 144
person 0.0072 263 136 278 151
person 0.0072 34 228 42 238
person 0.0066 355 245 365 269
person 0.0062 86 152 99 176
person 0.0061 107 232 116 249
person 0.0059 106 218 117 248
person 0.0054 94 210 113 234
person 0.0052 48 211 59 224
person 0.0051 330 234 347 248
person 0.0048 409 134 435 165
person 0.0046 145 69 157 84
person 0.0046 59 226 70 246
person 0.0046 334 127 345 136
person 0.0045 84 172 97 206
person 0.0035 269 135 281 149
person 0.0033 48 197 83 241
person 0.0030 343 234 366 268
person 0.0030 33 230 41 246
person 0.0030 69 147 82 169
person 0.0030 288 130 303 145
person 0.0029 48 201 67 225
person 0.0029 59 152 73 167
person 0.0028 285 122 306 145
person 0.0026 56 228 63 241
person 0.0026 349 245 363 273
person 0.0025 0 230 9 246
person 0.0022 391 246 401 257
person 0.0020 352 221 365 265
person 0.0020 323 159 336 182
person 0.0018 318 234 367 288
person 0.0018 104 234 113 248
person 0.0018 275 136 290 148
person 0.0018 57 150 83 191
person 0.0018 256 126 275 148
person 0.0018 295 125 307 143
person 0.0017 270 176 282 195
person 0.0016 51 211 64 239
person 0.0016 297 173 307 188
person 0.0015 48 211 58 238
person 0.0014 77 227 86 244
person 0.0014 50 226 58 239
person 0.0013 250 171 263 192
person 0.0012 53 213 80 246
person 0.0012 113 60 127 73
person 0.0011 326 125 340 135
person 0.0011 99 226 108 247
person 0.0011 85 192 95 207
person 0.0010 67 213 85 241
person 0.0010 93 211 110 225
person 0.0010 243 234 266 249
person 0.0010 61 198 72 210
person 0.0010 481 193 499 280
person 0.0010 370 246 386 260
person 0.0010 51 148 104 235
car 0.0028 490 159 499 177
car 0.0024 318 238 369 287
car 0.0017 470 160 496 179
car 0.0012 309 214 498 321
car 0.0011 423 219 447 226
car 0.0011 316 232 426 295
car 0.0011 47 200 156 243
car 0.0011 394 281 427 295
car 0.0010 434 132 464 164
aeroplane 0.8612 19 44 498 283
aeroplane 0.4188 0 213 49 239
aeroplane 0.1344 267 73 482 154
aeroplane 0.1035 232 94 495 228
aeroplane 0.0570 381 129 498 174
aeroplane 0.0458 1 138 82 223
aeroplane 0.0375 0 206 44 219
aeroplane 0.0353 435 133 464 164
aeroplane 0.0292 371 107 497 164
aeroplane 0.0216 403 132 466 166
aeroplane 0.0209 48 198 104 242
aeroplane 0.0175 48 202 155 242
aeroplane 0.0166 9 207 43 214
aeroplane 0.0161 409 134 435 165
aeroplane 0.0134 0 187 44 215
aeroplane 0.0129 307 217 496 319
aeroplane 0.0125 365 132 500 205
aeroplane 0.0123 1 208 47 227
aeroplane 0.0105 0 217 20 231
aeroplane 0.0078 324 95 460 156
aeroplane 0.0072 389 108 471 150
aeroplane 0.0065 0 210 22 220
aeroplane 0.0064 49 149 103 242
aeroplane 0.0057 431 133 498 182
aeroplane 0.0053 426 103 498 140
aeroplane 0.0049 418 90 498 129
aeroplane 0.0044 1 194 30 212
aeroplane 0.0041 28 200 496 344
aeroplane 0.0040 333 121 439 166
aeroplane 0.0040 36 168 147 245
aeroplane 0.0037 374 131 441 166
aeroplane 0.0028 0 192 17 209
aeroplane 0.0026 0 207 17 216
aeroplane 0.0025 25 208 52 225
aeroplane 0.0023 434 110 503 126
aeroplane 0.0022 420 87 432 95
aeroplane 0.0020 362 87 494 142
aeroplane 0.0020 402 63 499 132
aeroplane 0.0018 327 126 346 135
aeroplane 0.0015 48 201 67 225
aeroplane 0.0014 289 80 411 141
aeroplane 0.0014 437 114 452 125
aeroplane 0.0014 300 62 459 125
aeroplane 0.0014 254 159 319 218
aeroplane 0.0012 420 78 433 92
aeroplane 0.0012 0 226 24 238
aeroplane 0.0012 315 113 399 151
aeroplane 0.0012 1 165 27 212
aeroplane 0.0011 0 118 80 173
aeroplane 0.0011 401 218 453 226
aeroplane 0.0011 315 142 495 227
aeroplane 0.0011 39 211 57 225
aeroplane 0.0010 42 199 176 266
bus 0.0010 0 215 48 238
train 0.0240 0 144 76 224
boat 0.0032 0 215 48 238
boat 0.0017 273 297 317 312
boat 0.0014 434 133 464 164
bottle 0.0013 449 208 465 224
bottle 0.0011 449 207 466 216
chair 0.0073 481 194 499 316
chair 0.0028 434 132 464 164
