person 0.4066 323 261 331 282
person 0.1188 405 255 415 282
person 0.0844 374 261 388 281
person 0.0687 378 261 390 288
person 0.0455 303 264 310 281
person 0.0322 300 259 313 281
person 0.0307 392 256 402 286
person 0.0301 406 256 416 271
person 0.0216 423 256 431 271
person 0.0212 365 239 374 250
person 0.0178 311 263 318 281
person 0.0155 375 258 385 271
person 0.0143 314 262 322 281
person 0.0117 423 242 433 268
person 0.0100 357 259 377 284
person 0.0091 416 260 430 287
person 0.0086 359 257 368 274
person 0.0075 364 239 375 265
person 0.0073 353 258 389 287
person 0.0072 422 254 432 286
person 0.0062 395 256 403 275
person 0.0061 307 262 315 281
person 0.0056 211 237 221 251
person 0.0054 368 255 378 271
person 0.0054 189 236 202 252
person 0.0052 325 270 336 283
person 0.0043 338 260 348 278
person 0.0039 402 263 416 286
person 0.0039 352 241 361 251
person 0.0036 392 273 402 287
person 0.0031 356 258 366 272
person 0.0027 178 240 189 253
person 0.0025 385 268 399 289
person 0.0023 3 239 17 281
person 0.0021 359 238 376 273
person 0.0021 348 239 360 251
person 0.0014 179 236 200 255
person 0.0014 246 252 256 265
person 0.0014 491 260 499 288
person 0.0013 424 239 441 270
person 0.0011 48 125 72 191
person 0.0010 488 220 499 276
bicycle 0.0034 373 261 389 288
bicycle 0.0017 325 270 336 283
bicycle 0.0017 345 267 394 288
bicycle 0.0015 323 266 331 282
car 0.2838 432 257 452 268
car 0.0542 459 215 499 289
car 0.0504 0 199 68 281
car 0.0263 478 218 498 289
car 0.0110 452 259 462 268
car 0.0108 491 251 499 289
car 0.0099 438 259 460 269
car 0.0066 488 222 499 281
car 0.0049 406 256 416 271
car 0.0046 424 257 433 270
car 0.0034 161 255 199 284
car 0.0030 429 243 466 270
car 0.0026 337 225 413 288
car 0.0021 414 256 428 283
car 0.0019 338 260 348 278
car 0.0018 0 200 160 281
car 0.0014 423 242 433 268
car 0.0013 325 270 336 283
car 0.0013 336 231 349 279
car 0.0012 339 263 399 288
car 0.0012 323 262 333 282
car 0.0011 420 257 430 271
car 0.0011 2 216 34 256
motorbike 0.0036 373 261 389 288
motorbike 0.0018 345 267 394 288
bus 0.9225 159 219 294 286
bus 0.8044 282 233 316 281
bus 0.7244 335 225 412 286
bus 0.1351 457 215 499 289
bus 0.0305 335 229 349 281
bus 0.0170 300 259 313 281
bus 0.0102 426 239 458 269
bus 0.0091 301 241 314 279
bus 0.0086 433 257 452 268
bus 0.0065 335 227 367 280
bus 0.0048 425 229 485 275
bus 0.0033 253 226 316 278
bus 0.0022 337 248 349 276
bus 0.0016 424 239 441 270
bus 0.0016 228 223 287 281
bus 0.0015 307 241 328 280
bus 0.0015 423 242 433 268
bus 0.0015 339 224 406 251
bus 0.0014 308 248 319 280
bus 0.0013 406 256 416 271
bus 0.0013 333 230 341 267
bus 0.0013 323 260 331 281
bus 0.0011 271 233 286 280
train 0.0344 331 223 415 287
train 0.0154 454 213 499 288
train 0.0025 284 236 318 276
train 0.0017 157 218 316 283
train 0.0013 341 246 371 284
train 0.0010 257 232 320 285
boat 0.0012 454 213 499 288
chair 0.0030 373 261 389 288
pottedplant 0.0015 391 265 402 288
diningtable 0.0074 341 262 394 287
