person 0.9014 47 191 102 335
person 0.4598 401 174 409 193
person 0.0323 160 155 174 222
person 0.0318 362 194 381 206
person 0.0243 276 167 316 197
person 0.0225 217 170 223 184
person 0.0218 126 172 141 197
person 0.0215 116 166 140 197
person 0.0126 260 173 267 191
person 0.0101 397 179 408 196
person 0.0097 31 182 40 195
person 0.0090 114 172 142 234
person 0.0090 6 181 17 198
person 0.0082 125 173 146 220
person 0.0081 79 177 95 192
person 0.0078 112 209 127 231
person 0.0078 226 171 233 186
person 0.0076 6 169 19 197
person 0.0071 200 169 209 181
person 0.0069 304 172 314 183
person 0.0053 385 189 404 207
person 0.0049 235 169 261 194
person 0.0048 142 3 167 26
person 0.0047 339 192 358 204
person 0.0046 32 164 56 197
person 0.0044 6 166 19 183
person 0.0043 130 143 407 292
person 0.0041 47 172 57 194
person 0.0039 48 162 57 175
person 0.0038 162 154 186 233
person 0.0033 251 172 264 193
person 0.0032 366 193 396 207
person 0.0031 26 165 40 196
person 0.0030 126 1 177 33
person 0.0030 105 164 136 202
person 0.0029 211 170 222 184
person 0.0027 122 168 170 220
person 0.0025 104 177 134 232
person 0.0024 16 163 39 196
person 0.0021 161 175 177 233
person 0.0021 109 192 128 230
person 0.0020 47 161 65 193
person 0.0020 227 172 239 187
person 0.0020 53 161 78 194
person 0.0019 7 165 32 198
person 0.0019 201 170 214 184
person 0.0018 186 183 201 207
person 0.0017 128 170 156 207
person 0.0017 65 180 78 193
person 0.0015 48 181 56 194
person 0.0013 198 169 214 195
person 0.0013 71 180 81 192
person 0.0013 105 176 117 230
person 0.0012 26 163 38 178
person 0.0012 51 161 62 175
person 0.0012 165 206 173 232
person 0.0012 105 176 113 202
person 0.0011 116 187 134 198
person 0.0011 311 179 319 190
person 0.0011 13 165 24 177
bicycle 0.8799 117 283 222 370
bicycle 0.0231 108 286 161 370
bicycle 0.0081 119 322 154 368
bicycle 0.0067 169 287 223 370
bicycle 0.0061 113 278 189 337
bicycle 0.0046 156 313 184 350
bicycle 0.0035 143 296 183 353
bicycle 0.0034 130 289 180 316
bicycle 0.0030 385 189 404 207
bicycle 0.0022 153 286 200 350
bicycle 0.0019 150 287 202 318
bicycle 0.0016 402 175 410 193
bicycle 0.0015 111 259 186 308
bicycle 0.0012 226 171 233 186
bicycle 0.0011 397 179 408 196
bicycle 0.0011 172 319 186 346
car 0.9244 290 189 421 247
car 0.5490 270 162 319 202
car 0.4965 233 169 261 194
car 0.0527 385 188 402 204
car 0.0151 201 169 209 182
car 0.0105 359 191 400 205
car 0.0084 369 191 390 202
car 0.0070 226 171 234 186
car 0.0066 363 194 385 207
car 0.0062 113 255 178 289
car 0.0052 401 174 410 193
car 0.0046 270 164 286 194
car 0.0039 128 174 172 217
car 0.0038 260 173 268 191
car 0.0036 251 172 264 193
car 0.0036 305 190 401 213
car 0.0036 161 157 174 185
car 0.0032 311 190 366 202
car 0.0028 329 191 361 204
car 0.0027 397 179 408 196
car 0.0023 135 191 170 223
car 0.0020 160 155 174 218
car 0.0012 110 172 159 230
car 0.0012 197 170 206 182
car 0.0010 268 170 280 195
car 0.0010 111 259 186 308
car 0.0010 167 230 180 270
motorbike 0.0054 402 175 410 193
motorbike 0.0037 385 189 404 207
motorbike 0.0021 397 179 408 196
motorbike 0.0011 117 284 223 370
bus 0.9228 0 123 177 295
bus 0.3823 270 162 320 202
bus 0.3432 233 169 261 194
bus 0.0018 226 171 234 186
train 0.0264 233 169 261 194
boat 0.0017 233 169 261 194
tvmonitor 0.0041 125 2 184 37
