person 0.8551 235 52 500 371
person 0.8211 0 31 178 374
person 0.1047 6 0 322 374
person 0.0116 230 293 505 370
boat 0.3208 114 4 335 371
boat 0.2780 239 294 499 370
boat 0.2289 18 257 506 371
boat 0.0263 63 208 335 373
boat 0.0226 237 56 498 374
boat 0.0088 44 0 477 377
boat 0.0027 3 112 318 370
bird 0.0030 325 55 504 303
cat 0.0308 325 55 504 303
dog 0.2878 326 55 501 303
dog 0.0028 228 293 506 372
horse 0.0023 238 294 499 372
sheep 0.0115 327 56 500 303
cow 0.0030 230 293 505 370
cow 0.0016 326 58 502 306
diningtable 0.0015 362 -3 498 75
