person 0.0382 315 169 324 190
person 0.0090 34 94 41 108
person 0.0071 7 82 25 115
person 0.0069 249 146 257 163
person 0.0055 454 105 462 114
person 0.0045 432 119 452 140
person 0.0040 231 160 252 177
person 0.0036 252 102 261 117
person 0.0030 14 89 25 114
person 0.0019 245 147 257 170
person 0.0016 299 179 316 188
person 0.0015 219 48 230 63
person 0.0014 455 117 465 146
person 0.0010 298 170 326 189
bicycle 0.0022 233 111 245 121
car 0.0030 245 159 273 178
car 0.0027 228 156 275 179
car 0.0027 229 158 252 177
car 0.0016 298 181 317 189
car 0.0013 1 100 17 117
car 0.0011 247 51 268 60
bus 0.0010 196 86 226 101
train 0.1875 0 91 219 249
train 0.0326 4 95 222 150
train 0.0205 10 89 223 124
train 0.0163 142 86 228 107
train 0.0064 19 72 487 126
train 0.0040 196 86 226 101
train 0.0035 9 78 504 171
train 0.0034 74 78 139 100
train 0.0032 156 72 230 95
train 0.0027 192 74 230 93
train 0.0025 150 87 206 103
train 0.0023 9 65 226 118
train 0.0021 14 96 139 128
train 0.0019 36 74 79 107
train 0.0016 294 108 329 138
train 0.0011 -9 83 440 368
train 0.0010 223 99 249 121
train 0.0010 17 96 450 236
boat 0.0026 1 94 224 247
boat 0.0013 247 51 268 60
bird 0.0071 435 121 453 141
bird 0.0033 453 105 462 114
bird 0.0020 179 304 203 322
bird 0.0015 431 119 446 138
bird 0.0015 446 69 458 92
bird 0.0011 446 77 455 92
cat 0.0017 435 121 453 141
dog 0.0012 432 120 452 142
bottle 0.0099 467 121 484 155
bottle 0.0040 417 169 439 242
bottle 0.0033 346 165 356 197
bottle 0.0020 450 119 466 148
bottle 0.0019 406 101 414 113
bottle 0.0015 398 134 411 149
bottle 0.0013 335 202 345 219
bottle 0.0012 438 103 446 114
bottle 0.0012 454 105 463 114
bottle 0.0011 351 122 363 139
bottle 0.0010 315 170 324 189
chair 0.0033 232 110 244 121
chair 0.0018 251 103 260 117
chair 0.0014 332 121 352 141
chair 0.0013 239 40 272 60
chair 0.0013 269 49 280 59
chair 0.0012 247 51 269 60
chair 0.0011 379 136 397 147
chair 0.0011 305 116 323 130
chair 0.0010 232 101 256 119
chair 0.0010 341 205 362 222
chair 0.0010 335 203 345 219
pottedplant 0.5280 393 115 415 149
pottedplant 0.4695 367 113 397 146
pottedplant 0.2882 410 123 428 150
pottedplant 0.2352 415 168 439 243
pottedplant 0.1377 175 155 227 195
pottedplant 0.1084 344 157 357 195
pottedplant 0.1075 427 119 453 150
pottedplant 0.0842 435 121 452 141
pottedplant 0.0630 331 112 365 140
pottedplant 0.0508 368 216 389 236
pottedplant 0.0480 389 115 408 138
pottedplant 0.0475 434 128 461 154
pottedplant 0.0473 340 110 390 146
pottedplant 0.0449 473 81 499 112
pottedplant 0.0355 396 113 415 133
pottedplant 0.0349 444 120 465 154
pottedplant 0.0346 332 118 352 141
pottedplant 0.0329 398 126 412 149
pottedplant 0.0288 468 82 498 154
pottedplant 0.0277 343 156 356 173
pottedplant 0.0262 229 158 252 177
pottedplant 0.0255 354 214 372 231
pottedplant 0.0245 354 126 377 144
pottedplant 0.0225 328 110 449 153
pottedplant 0.0191 351 122 363 139
pottedplant 0.0187 420 123 435 150
pottedplant 0.0186 440 137 461 154
pottedplant 0.0186 433 120 446 140
pottedplant 0.0170 355 117 374 140
pottedplant 0.0165 347 116 364 139
pottedplant 0.0143 411 116 432 143
pottedplant 0.0143 401 104 415 132
pottedplant 0.0135 339 205 363 222
pottedplant 0.0132 467 120 483 155
pottedplant 0.0128 372 110 433 151
pottedplant 0.0127 269 49 280 59
pottedplant 0.0124 353 212 389 235
pottedplant 0.0116 373 132 397 147
pottedplant 0.0116 451 118 473 155
pottedplant 0.0110 350 113 364 132
pottedplant 0.0100 421 167 438 213
pottedplant 0.0096 247 51 269 60
pottedplant 0.0095 406 101 414 113
pottedplant 0.0093 446 70 458 92
pottedplant 0.0090 341 120 366 145
pottedplant 0.0086 431 86 491 153
pottedplant 0.0083 402 116 416 139
pottedplant 0.0082 380 113 395 130
pottedplant 0.0077 438 102 447 114
pottedplant 0.0076 219 48 229 62
pottedplant 0.0073 332 116 372 160
pottedplant 0.0072 449 139 464 155
pottedplant 0.0071 371 162 396 234
pottedplant 0.0065 411 146 469 245
pottedplant 0.0063 363 103 374 117
pottedplant 0.0063 335 203 345 219
pottedplant 0.0063 388 70 403 90
pottedplant 0.0062 425 128 447 152
pottedplant 0.0056 368 112 389 127
pottedplant 0.0056 332 112 352 128
pottedplant 0.0054 411 134 425 151
pottedplant 0.0053 371 191 391 235
pottedplant 0.0052 359 104 375 127
pottedplant 0.0051 407 96 417 113
pottedplant 0.0048 349 207 364 224
pottedplant 0.0045 347 166 356 198
pottedplant 0.0043 287 94 298 100
pottedplant 0.0043 447 79 462 113
pottedplant 0.0043 379 137 398 147
pottedplant 0.0042 454 105 463 114
pottedplant 0.0039 454 119 466 147
pottedplant 0.0039 445 76 456 97
pottedplant 0.0038 228 160 243 176
pottedplant 0.0037 405 132 419 149
pottedplant 0.0037 178 156 209 182
pottedplant 0.0037 228 156 275 179
pottedplant 0.0035 378 218 390 235
pottedplant 0.0032 402 105 486 252
pottedplant 0.0030 270 48 289 60
pottedplant 0.0028 305 93 315 100
pottedplant 0.0025 435 106 448 130
pottedplant 0.0025 176 303 226 342
pottedplant 0.0022 469 106 482 117
pottedplant 0.0022 470 107 483 126
pottedplant 0.0021 415 110 436 135
pottedplant 0.0018 302 91 483 264
pottedplant 0.0018 364 105 386 123
pottedplant 0.0018 309 103 452 193
pottedplant 0.0018 363 102 372 111
pottedplant 0.0017 452 143 469 155
pottedplant 0.0017 374 162 404 206
pottedplant 0.0016 239 40 272 60
pottedplant 0.0016 212 160 227 174
pottedplant 0.0016 178 305 217 330
pottedplant 0.0016 443 85 454 114
pottedplant 0.0015 449 110 465 144
pottedplant 0.0015 424 133 438 152
pottedplant 0.0014 343 152 384 220
pottedplant 0.0014 343 137 357 170
pottedplant 0.0014 249 146 257 163
diningtable 0.0247 293 269 473 363
diningtable 0.0072 225 213 326 266
diningtable 0.0046 297 270 409 346
