person 0.8580 191 100 417 261
person 0.0912 119 172 420 266
person 0.0303 111 180 280 267
person 0.0106 110 107 306 270
person 0.0032 269 180 416 249
person 0.0012 191 107 256 201
person 0.0010 229 192 266 235
bicycle 0.0010 112 171 162 188
bicycle 0.0010 131 207 161 225
car 0.0032 42 147 59 157
car 0.0010 64 184 94 193
bird 0.0066 149 209 159 224
bird 0.0056 134 209 159 227
bird 0.0013 109 173 422 264
cat 0.0014 114 181 271 264
dog 0.1131 112 181 275 268
dog 0.0189 109 173 422 264
horse 0.0219 118 173 424 263
horse 0.0170 112 179 281 268
horse 0.0022 110 107 306 270
sheep 0.0131 113 181 275 268
sheep 0.0023 149 185 258 245
sheep 0.0022 112 174 421 265
cow 0.3222 112 176 420 267
cow 0.1443 114 181 271 264
bottle 0.0057 146 209 159 224
bottle 0.0028 134 209 159 227
bottle 0.0013 229 225 265 248
