person 0.9260 94 42 210 326
person 0.8874 287 90 395 325
person 0.8338 203 69 295 278
person 0.0074 184 72 390 328
person 0.0063 342 123 374 159
person 0.0033 261 87 287 142
person 0.0020 341 115 397 301
person 0.0018 381 109 390 120
person 0.0014 77 73 86 82
bicycle 0.0011 351 112 379 156
car 0.2266 414 113 426 121
car 0.0034 416 111 438 122
car 0.0022 350 115 369 134
car 0.0014 302 94 378 159
car 0.0012 439 110 454 123
bus 0.0013 414 113 426 121
bird 0.0017 6 288 23 298
bottle 0.0016 111 307 120 331
chair 0.0092 105 108 123 124
chair 0.0058 111 112 125 124
chair 0.0041 214 152 276 246
chair 0.0037 301 106 384 156
chair 0.0022 341 115 397 301
chair 0.0021 44 85 61 114
chair 0.0019 339 126 394 208
chair 0.0015 47 102 60 114
chair 0.0014 358 130 378 158
chair 0.0013 342 123 376 159
chair 0.0010 115 89 141 118
chair 0.0010 114 102 133 121
pottedplant 0.2023 115 88 141 118
pottedplant 0.1902 176 216 260 299
pottedplant 0.1356 277 235 354 305
pottedplant 0.0363 349 114 379 155
pottedplant 0.0261 372 199 446 329
pottedplant 0.0053 279 95 308 156
pottedplant 0.0045 114 102 133 121
pottedplant 0.0035 107 109 123 124
pottedplant 0.0020 350 114 370 135
pottedplant 0.0015 262 87 287 144
pottedplant 0.0010 440 110 453 122
diningtable 0.0620 149 236 334 328
diningtable 0.0060 171 223 452 329
diningtable 0.0053 13 226 358 329
diningtable 0.0011 61 67 348 329
