person 0.3319 223 152 275 205
person 0.2769 196 180 233 250
person 0.1735 367 179 420 220
person 0.1623 256 157 281 200
person 0.1458 223 151 252 189
person 0.0549 316 195 341 228
person 0.0461 223 152 245 174
person 0.0399 397 199 420 220
person 0.0272 342 194 385 229
person 0.0255 368 181 392 213
person 0.0213 378 181 404 211
person 0.0197 369 179 396 199
person 0.0187 256 157 270 176
person 0.0183 293 188 317 220
person 0.0155 255 158 308 201
person 0.0154 142 166 190 219
person 0.0152 368 181 383 199
person 0.0124 343 194 369 217
person 0.0113 332 196 359 232
person 0.0111 142 167 236 255
person 0.0098 344 194 359 209
person 0.0094 197 181 225 227
person 0.0092 412 211 421 220
person 0.0085 317 196 329 210
person 0.0075 383 181 398 197
person 0.0071 337 211 357 233
person 0.0061 293 187 310 201
person 0.0059 371 213 386 229
person 0.0053 222 152 233 167
person 0.0053 256 157 282 178
person 0.0051 229 163 254 193
person 0.0043 366 208 384 227
person 0.0036 232 170 262 203
person 0.0032 340 196 351 216
person 0.0029 274 172 296 196
person 0.0029 371 190 405 221
person 0.0028 251 172 276 205
person 0.0018 312 200 329 225
person 0.0018 234 150 330 222
person 0.0018 346 217 358 235
person 0.0017 267 165 292 188
person 0.0016 396 207 406 222
person 0.0015 261 180 275 205
person 0.0013 198 181 217 205
person 0.0012 142 166 167 200
person 0.0010 295 200 313 220
bicycle 0.0806 195 179 234 251
bicycle 0.0462 143 166 235 251
bicycle 0.0188 367 180 416 222
bicycle 0.0179 221 151 288 207
bicycle 0.0049 186 154 311 235
bicycle 0.0031 143 168 198 233
bicycle 0.0021 119 157 392 276
bicycle 0.0016 340 182 407 225
bicycle 0.0013 256 158 281 199
bicycle 0.0011 255 158 308 201
bicycle 0.0010 315 196 340 227
car 0.0495 316 196 340 226
car 0.0305 293 187 307 200
car 0.0268 343 194 378 225
car 0.0089 292 187 316 215
car 0.0071 195 179 234 251
car 0.0065 142 166 189 219
car 0.0058 317 195 334 212
car 0.0050 275 175 296 197
car 0.0049 256 157 270 176
car 0.0044 223 152 275 205
car 0.0039 383 181 398 197
car 0.0037 342 194 358 214
car 0.0030 396 196 420 220
car 0.0026 256 157 281 191
car 0.0022 378 182 421 220
car 0.0015 143 167 237 260
car 0.0015 333 198 355 227
car 0.0012 255 158 308 201
car 0.0011 262 161 281 179
car 0.0010 369 179 396 199
motorbike 0.0749 197 179 234 250
motorbike 0.0396 223 152 276 206
motorbike 0.0206 317 195 341 227
motorbike 0.0105 143 167 236 250
motorbike 0.0056 255 158 299 200
motorbike 0.0047 341 194 385 230
motorbike 0.0044 367 180 418 221
motorbike 0.0035 257 158 275 192
motorbike 0.0025 293 188 317 220
motorbike 0.0023 143 168 198 233
motorbike 0.0018 293 188 310 201
motorbike 0.0017 284 190 338 227
motorbike 0.0014 231 168 258 200
motorbike 0.0013 262 164 313 207
motorbike 0.0011 228 154 317 215
aeroplane 0.1765 142 166 190 219
aeroplane 0.1229 255 158 299 200
aeroplane 0.0620 223 152 276 206
aeroplane 0.0428 257 158 275 192
aeroplane 0.0205 316 195 340 227
aeroplane 0.0140 143 167 236 250
aeroplane 0.0139 274 172 296 196
aeroplane 0.0080 367 180 421 221
aeroplane 0.0068 293 188 317 220
aeroplane 0.0060 256 157 270 176
aeroplane 0.0053 262 164 313 207
aeroplane 0.0050 262 161 281 179
aeroplane 0.0044 292 188 306 201
aeroplane 0.0038 342 194 377 224
aeroplane 0.0033 332 196 359 232
aeroplane 0.0028 284 190 338 227
aeroplane 0.0022 196 179 235 250
aeroplane 0.0020 234 150 330 222
aeroplane 0.0016 227 151 390 236
aeroplane 0.0016 383 181 398 197
aeroplane 0.0015 267 165 292 188
bus 0.0038 142 166 190 219
bus 0.0011 293 188 317 220
bus 0.0010 316 195 340 227
bus 0.0010 196 180 234 250
bus 0.0010 222 152 275 205
train 0.0046 142 166 189 218
train 0.0032 223 151 276 206
train 0.0029 293 188 317 220
train 0.0028 195 179 234 251
train 0.0022 317 195 341 227
train 0.0013 293 188 310 201
train 0.0010 367 182 419 222
boat 0.0359 142 165 190 220
boat 0.0221 223 152 276 206
boat 0.0217 367 180 418 221
boat 0.0194 196 179 235 250
boat 0.0149 342 194 377 224
boat 0.0105 316 195 341 228
boat 0.0053 396 196 420 220
boat 0.0040 294 189 317 220
boat 0.0036 332 196 359 232
boat 0.0034 224 151 389 238
boat 0.0028 274 172 296 196
boat 0.0028 365 189 391 226
boat 0.0023 293 188 307 201
boat 0.0023 254 157 305 205
boat 0.0022 143 167 236 250
boat 0.0022 241 171 275 206
boat 0.0020 349 199 384 230
boat 0.0018 256 157 270 176
boat 0.0016 369 179 396 199
boat 0.0016 369 212 385 228
boat 0.0014 257 160 283 195
boat 0.0013 142 167 167 204
boat 0.0013 317 195 334 212
boat 0.0011 337 211 357 233
boat 0.0011 383 181 398 197
boat 0.0010 295 200 313 220
bird 0.5666 316 196 340 227
bird 0.3404 341 194 385 230
bird 0.2811 336 214 358 234
bird 0.1227 371 190 404 221
bird 0.1031 336 198 359 233
bird 0.0770 367 179 420 220
bird 0.0683 346 217 358 235
bird 0.0664 293 187 307 200
bird 0.0653 369 213 384 228
bird 0.0617 294 189 317 220
bird 0.0498 365 189 391 226
bird 0.0476 398 200 420 219
bird 0.0366 342 194 367 220
bird 0.0353 275 175 296 197
bird 0.0344 368 181 382 198
bird 0.0299 383 181 398 197
bird 0.0297 342 194 358 214
bird 0.0281 223 152 276 206
bird 0.0281 317 195 334 212
bird 0.0275 256 157 282 198
bird 0.0239 376 217 387 229
bird 0.0200 368 181 392 213
bird 0.0186 312 200 329 225
bird 0.0164 223 152 245 174
bird 0.0161 255 158 308 201
bird 0.0161 349 223 359 236
bird 0.0143 369 179 396 199
bird 0.0132 223 151 252 189
bird 0.0123 321 211 336 229
bird 0.0120 197 179 234 250
bird 0.0116 409 210 421 220
bird 0.0108 340 196 351 216
bird 0.0107 142 166 190 219
bird 0.0087 256 157 270 176
bird 0.0084 262 171 288 197
bird 0.0071 317 194 360 233
bird 0.0068 295 200 313 220
bird 0.0066 284 190 338 227
bird 0.0054 142 167 236 255
bird 0.0048 262 161 281 179
bird 0.0047 251 172 276 205
bird 0.0038 283 183 305 201
bird 0.0037 261 180 275 205
bird 0.0034 222 152 234 168
bird 0.0028 229 163 254 193
bird 0.0023 267 196 275 206
bird 0.0020 234 150 330 222
bird 0.0018 227 151 390 236
bird 0.0017 382 208 401 227
bird 0.0016 391 207 404 222
bird 0.0016 198 181 222 221
bird 0.0012 267 165 292 188
bird 0.0010 232 170 262 203
bird 0.0010 351 186 383 209
bird 0.0010 286 181 322 222
cat 0.0019 223 151 389 239
cat 0.0015 142 166 190 219
cat 0.0013 379 181 421 221
cat 0.0010 227 151 278 207
dog 0.0152 368 185 405 220
dog 0.0118 397 199 420 220
dog 0.0077 223 152 275 205
dog 0.0050 195 179 234 251
dog 0.0048 294 189 317 220
dog 0.0044 378 182 421 220
dog 0.0026 368 181 392 213
dog 0.0025 314 196 340 227
dog 0.0024 412 211 421 221
dog 0.0021 143 166 189 220
dog 0.0020 336 214 357 233
dog 0.0020 144 166 235 251
dog 0.0014 370 194 397 225
dog 0.0010 343 196 384 231
horse 0.0128 367 180 411 221
horse 0.0118 196 179 235 250
horse 0.0061 223 151 276 206
horse 0.0023 293 188 317 220
horse 0.0022 378 181 404 211
horse 0.0017 315 196 340 227
horse 0.0011 368 181 392 213
horse 0.0010 342 194 377 224
sheep 0.0198 368 185 404 220
sheep 0.0035 378 182 421 220
sheep 0.0034 368 181 392 213
sheep 0.0032 378 181 404 211
sheep 0.0020 398 199 420 219
sheep 0.0016 343 194 375 222
sheep 0.0016 294 191 317 220
sheep 0.0015 368 181 383 199
sheep 0.0010 383 181 398 197
cow 0.0302 368 188 406 221
cow 0.0051 295 195 317 220
cow 0.0041 317 195 341 227
cow 0.0037 341 194 385 229
cow 0.0031 368 185 387 212
cow 0.0018 143 170 187 219
cow 0.0018 196 179 235 250
cow 0.0014 293 188 310 201
cow 0.0012 397 200 420 220
cow 0.0011 365 189 391 226
cow 0.0010 378 182 421 220
bottle 0.0284 142 166 189 219
bottle 0.0177 293 187 307 201
bottle 0.0122 223 152 246 177
bottle 0.0103 222 152 234 168
bottle 0.0096 197 180 232 248
bottle 0.0078 378 182 421 220
bottle 0.0071 383 181 398 197
bottle 0.0071 368 181 382 198
bottle 0.0046 369 179 396 199
bottle 0.0043 142 166 170 201
bottle 0.0043 275 175 296 197
bottle 0.0038 222 152 253 193
bottle 0.0038 256 157 270 176
bottle 0.0037 396 196 420 220
bottle 0.0023 343 194 356 208
bottle 0.0022 198 181 222 221
bottle 0.0021 317 195 334 212
bottle 0.0020 369 213 384 228
bottle 0.0019 292 187 316 215
bottle 0.0017 378 181 404 211
bottle 0.0015 317 196 340 226
bottle 0.0015 343 194 373 221
bottle 0.0014 143 166 164 183
bottle 0.0011 368 181 392 213
chair 0.0106 143 166 189 220
chair 0.0092 314 196 340 227
chair 0.0083 256 157 281 197
chair 0.0070 292 187 317 219
chair 0.0068 256 157 270 176
chair 0.0064 368 181 421 222
chair 0.0057 223 151 276 206
chair 0.0034 231 168 258 200
chair 0.0030 275 175 296 197
chair 0.0026 293 187 307 201
chair 0.0023 397 200 420 220
chair 0.0021 223 151 252 190
chair 0.0017 368 181 382 198
chair 0.0016 371 190 405 221
chair 0.0016 142 166 169 205
chair 0.0013 299 195 319 222
chair 0.0013 332 199 357 233
chair 0.0012 196 177 235 253
chair 0.0011 383 181 398 197
chair 0.0010 142 166 234 252
chair 0.0010 368 181 392 213
chair 0.0010 336 214 357 233
pottedplant 0.0017 223 151 389 239
pottedplant 0.0013 293 188 316 220
pottedplant 0.0012 -1 96 188 370
pottedplant 0.0010 196 179 235 250
