person 0.3688 107 101 146 184
person 0.3560 144 108 169 170
person 0.0146 138 109 163 141
person 0.0105 345 65 380 151
person 0.0088 487 142 498 156
person 0.0031 144 107 166 132
person 0.0019 141 147 159 171
person 0.0019 135 126 149 142
person 0.0016 490 187 499 208
person 0.0012 463 137 477 155
person 0.0012 111 104 138 153
person 0.0011 438 179 499 291
car 0.0140 487 143 498 156
car 0.0025 477 141 493 156
car 0.0011 364 100 418 139
bird 0.0021 195 36 213 62
cat 0.0021 344 64 381 155
bottle 0.0255 187 70 197 109
bottle 0.0146 463 138 477 155
bottle 0.0114 194 36 212 62
bottle 0.0078 419 136 429 150
bottle 0.0062 188 90 196 110
bottle 0.0057 180 38 189 62
bottle 0.0053 198 91 206 108
bottle 0.0052 443 144 451 153
bottle 0.0033 207 48 216 64
bottle 0.0027 203 47 214 63
bottle 0.0023 487 142 498 156
bottle 0.0021 459 129 478 155
bottle 0.0020 195 128 205 149
bottle 0.0014 398 131 413 149
bottle 0.0012 193 45 203 61
chair 0.4580 201 173 264 269
chair 0.0911 438 179 499 290
chair 0.0132 176 171 225 270
chair 0.0055 189 212 206 230
chair 0.0054 484 143 497 155
chair 0.0035 156 180 218 289
chair 0.0023 245 181 274 232
chair 0.0017 186 211 208 257
chair 0.0015 478 141 494 156
chair 0.0012 252 171 283 234
chair 0.0011 490 187 499 208
chair 0.0011 186 179 213 237
chair 0.0011 177 175 199 188
sofa 0.8077 439 179 498 288
sofa 0.0023 202 174 263 262
sofa 0.0017 348 157 488 235
pottedplant 0.8254 243 64 383 238
pottedplant 0.2688 346 66 379 150
pottedplant 0.1545 398 132 413 149
pottedplant 0.1426 390 102 432 150
pottedplant 0.1146 419 136 429 150
pottedplant 0.1092 396 123 430 149
pottedplant 0.0999 113 185 157 217
pottedplant 0.0679 352 116 368 149
pottedplant 0.0472 354 129 366 149
pottedplant 0.0382 408 131 429 150
pottedplant 0.0308 267 158 343 237
pottedplant 0.0225 243 92 304 210
pottedplant 0.0219 349 95 431 149
pottedplant 0.0161 300 193 332 238
pottedplant 0.0134 461 133 478 154
pottedplant 0.0133 487 143 498 156
pottedplant 0.0122 243 93 288 154
pottedplant 0.0093 394 107 417 150
pottedplant 0.0063 429 139 446 151
pottedplant 0.0058 478 141 494 156
pottedplant 0.0049 424 136 438 150
pottedplant 0.0038 413 110 439 148
pottedplant 0.0034 372 68 442 154
pottedplant 0.0028 367 101 417 140
pottedplant 0.0027 265 161 310 221
pottedplant 0.0021 443 144 451 153
pottedplant 0.0018 249 132 273 222
pottedplant 0.0018 338 105 360 150
pottedplant 0.0018 255 66 381 155
pottedplant 0.0018 193 36 211 62
pottedplant 0.0017 458 102 495 145
pottedplant 0.0017 323 83 378 159
pottedplant 0.0012 358 136 422 151
pottedplant 0.0010 125 185 146 201
pottedplant 0.0010 414 131 452 152
diningtable 0.1612 202 174 264 266
diningtable 0.0234 166 175 251 267
diningtable 0.0168 35 172 225 322
diningtable 0.0112 133 178 229 281
diningtable 0.0057 164 170 221 232
diningtable 0.0051 353 135 501 172
diningtable 0.0029 204 174 264 194
diningtable 0.0018 151 101 499 297
diningtable 0.0014 181 184 222 270
diningtable 0.0014 401 140 502 166
diningtable 0.0011 439 178 499 290
tvmonitor 0.9360 65 78 189 210
tvmonitor 0.0208 107 102 151 185
tvmonitor 0.0018 177 175 199 188
