person 0.0037 338 171 366 197
person 0.0033 306 0 335 27
car 0.0066 338 171 367 197
car 0.0016 418 250 444 272
bird 0.0012 305 0 335 27
cat 0.0021 306 0 335 27
chair 0.9489 0 105 200 370
chair 0.1444 0 305 53 372
chair 0.0657 1 304 138 372
chair 0.0334 0 241 25 310
chair 0.0274 0 239 52 372
chair 0.0271 109 198 173 269
chair 0.0054 448 0 498 97
chair 0.0046 470 0 499 113
chair 0.0036 1 101 88 303
chair 0.0030 105 128 176 275
chair 0.0023 3 263 200 372
chair 0.0012 362 12 440 61
chair 0.0012 492 74 499 117
sofa 0.0020 0 103 197 367
sofa 0.0019 0 306 52 372
pottedplant 0.0010 367 -1 460 52
diningtable 0.0108 40 85 475 303
diningtable 0.0030 336 234 498 368
tvmonitor 0.8943 86 28 196 118
tvmonitor 0.8642 186 15 313 126
tvmonitor 0.7903 301 35 431 175
tvmonitor 0.7342 416 67 500 262
tvmonitor 0.6954 0 35 100 140
tvmonitor 0.0059 465 138 498 258
tvmonitor 0.0034 482 145 499 259
tvmonitor 0.0031 297 148 396 205
tvmonitor 0.0021 17 69 98 133
tvmonitor 0.0012 327 219 391 341
