person 0.9188 222 116 340 369
person 0.8577 136 132 237 369
person 0.3367 216 117 261 191
person 0.0108 432 296 499 373
person 0.0089 250 196 347 358
person 0.0031 218 120 263 261
person 0.0021 422 181 467 221
person 0.0011 117 281 162 373
bicycle 0.0010 478 288 494 304
bird 0.0013 277 64 326 81
cat 0.0123 257 240 316 317
cat 0.0120 244 198 342 345
cat 0.0024 257 196 310 248
cat 0.0020 422 181 465 222
dog 0.0359 250 196 342 354
dog 0.0215 258 197 311 253
dog 0.0108 256 236 317 319
dog 0.0042 422 181 465 221
dog 0.0012 367 275 461 373
horse 0.0036 422 181 468 222
sheep 0.0060 253 201 341 353
bottle 0.0048 311 188 329 220
bottle 0.0037 312 328 332 368
bottle 0.0028 474 212 490 230
bottle 0.0026 491 212 499 234
bottle 0.0024 389 197 408 214
bottle 0.0011 316 188 326 198
bottle 0.0011 313 189 326 210
bottle 0.0010 478 288 495 305
chair 0.2170 195 203 342 371
chair 0.1309 430 298 499 373
chair 0.1083 79 194 370 371
chair 0.0849 192 295 338 373
chair 0.0758 323 243 398 313
chair 0.0520 344 201 382 249
chair 0.0393 193 342 239 373
chair 0.0369 322 197 400 357
chair 0.0314 343 201 405 297
chair 0.0111 243 193 397 360
chair 0.0103 367 275 461 373
chair 0.0082 106 264 148 368
chair 0.0072 91 247 146 312
chair 0.0067 114 257 264 371
chair 0.0045 117 281 162 373
chair 0.0045 21 212 57 294
chair 0.0035 290 152 330 201
chair 0.0023 364 198 422 281
chair 0.0020 254 217 343 358
chair 0.0019 479 289 496 303
chair 0.0018 345 200 374 217
chair 0.0017 194 340 334 372
chair 0.0016 27 216 76 234
chair 0.0015 125 207 147 254
chair 0.0013 191 307 238 371
chair 0.0013 21 214 32 265
chair 0.0013 40 270 73 301
chair 0.0013 97 246 142 266
chair 0.0012 332 305 377 374
chair 0.0012 195 365 236 374
chair 0.0011 329 207 339 231
chair 0.0010 203 148 428 345
sofa 0.6936 430 297 499 372
sofa 0.0776 100 179 363 370
sofa 0.0450 324 244 398 313
sofa 0.0049 324 199 400 333
sofa 0.0040 117 281 162 373
sofa 0.0038 243 193 397 360
sofa 0.0028 114 257 264 371
sofa 0.0027 404 285 470 372
sofa 0.0025 344 202 380 248
sofa 0.0013 289 152 332 209
sofa 0.0012 203 148 428 345
sofa 0.0012 218 122 343 371
sofa 0.0012 343 204 397 282
sofa 0.0010 106 267 147 370
sofa 0.0010 93 247 146 306
pottedplant 0.8612 17 169 95 223
pottedplant 0.5049 11 277 106 371
pottedplant 0.4063 131 -1 313 213
pottedplant 0.3671 30 225 75 280
pottedplant 0.2749 0 290 34 369
pottedplant 0.1984 3 218 130 372
pottedplant 0.1297 376 0 478 217
pottedplant 0.0782 22 203 90 286
pottedplant 0.0630 89 247 146 319
pottedplant 0.0499 55 0 146 271
pottedplant 0.0344 36 250 75 305
pottedplant 0.0325 19 213 43 292
pottedplant 0.0304 183 -1 314 135
pottedplant 0.0298 0 294 22 354
pottedplant 0.0289 0 283 59 362
pottedplant 0.0265 126 179 160 222
pottedplant 0.0260 96 249 151 367
pottedplant 0.0253 72 228 98 303
pottedplant 0.0228 15 160 97 301
pottedplant 0.0222 18 331 64 373
pottedplant 0.0222 121 183 159 253
pottedplant 0.0162 325 245 399 312
pottedplant 0.0162 40 270 73 301
pottedplant 0.0142 31 278 71 329
pottedplant 0.0120 22 232 45 280
pottedplant 0.0112 60 262 120 369
pottedplant 0.0111 52 234 158 369
pottedplant 0.0098 296 155 335 226
pottedplant 0.0098 125 167 181 219
pottedplant 0.0084 42 251 70 276
pottedplant 0.0075 128 107 202 216
pottedplant 0.0068 0 290 24 319
pottedplant 0.0067 61 307 107 372
pottedplant 0.0057 123 198 147 253
pottedplant 0.0056 95 255 140 296
pottedplant 0.0053 127 180 155 200
pottedplant 0.0050 59 218 85 282
pottedplant 0.0050 66 173 95 215
pottedplant 0.0048 87 262 112 317
pottedplant 0.0048 55 125 242 371
pottedplant 0.0045 45 192 75 221
pottedplant 0.0045 20 209 34 282
pottedplant 0.0044 105 254 146 273
pottedplant 0.0040 0 223 38 346
pottedplant 0.0039 74 309 133 372
pottedplant 0.0039 290 152 330 201
pottedplant 0.0039 318 241 398 371
pottedplant 0.0034 87 237 242 366
pottedplant 0.0034 4 305 42 347
pottedplant 0.0026 139 73 211 196
pottedplant 0.0025 75 262 96 303
pottedplant 0.0024 192 -1 272 106
pottedplant 0.0024 35 227 74 255
pottedplant 0.0022 315 165 332 200
pottedplant 0.0021 94 192 149 293
pottedplant 0.0019 71 341 106 372
pottedplant 0.0019 49 284 72 321
pottedplant 0.0019 128 224 146 254
pottedplant 0.0017 316 182 329 198
pottedplant 0.0016 96 246 142 268
pottedplant 0.0015 73 223 92 281
pottedplant 0.0015 103 50 275 355
pottedplant 0.0014 80 184 95 209
pottedplant 0.0014 53 279 72 302
pottedplant 0.0014 104 319 130 369
pottedplant 0.0013 31 284 58 320
pottedplant 0.0012 344 201 378 249
pottedplant 0.0011 0 318 21 363
pottedplant 0.0011 128 181 141 193
pottedplant 0.0010 75 190 91 213
pottedplant 0.0010 422 181 466 222
pottedplant 0.0010 117 281 162 373
diningtable 0.0169 109 263 151 366
diningtable 0.0158 367 209 500 317
diningtable 0.0060 106 234 373 371
diningtable 0.0051 324 244 398 313
diningtable 0.0036 368 208 502 261
diningtable 0.0023 432 296 499 373
diningtable 0.0015 112 253 187 369
diningtable 0.0015 345 201 379 249
