person 0.7514 26 55 97 246
person 0.7086 73 65 108 125
person 0.7040 372 37 436 92
person 0.6837 168 0 265 158
person 0.5860 456 57 499 158
person 0.5777 340 79 359 109
person 0.5388 116 71 127 89
person 0.4213 101 69 117 95
person 0.3863 329 78 344 109
person 0.3698 0 71 24 226
person 0.3498 357 81 366 99
person 0.3189 0 63 29 120
person 0.2593 365 77 373 95
person 0.2522 428 57 442 70
person 0.2477 324 80 333 96
person 0.2331 64 73 79 88
person 0.1894 108 71 124 91
person 0.1889 313 80 322 95
person 0.1763 316 80 325 96
person 0.1448 324 79 335 108
person 0.1378 472 56 499 106
person 0.1309 180 0 265 81
person 0.0925 6 68 41 211
person 0.0910 437 170 477 244
person 0.0727 19 78 37 103
person 0.0644 339 78 349 104
person 0.0632 397 36 437 73
person 0.0626 371 38 436 151
person 0.0624 0 64 23 97
person 0.0619 0 84 17 171
person 0.0587 25 69 40 96
person 0.0579 106 68 119 88
person 0.0567 104 62 117 86
person 0.0444 13 68 25 87
person 0.0359 309 79 318 91
person 0.0359 430 70 476 158
person 0.0318 75 64 99 87
person 0.0317 26 64 38 87
person 0.0302 110 70 127 102
person 0.0276 418 41 437 71
person 0.0268 341 78 355 98
person 0.0266 371 63 412 90
person 0.0234 93 73 104 89
person 0.0229 0 75 20 126
person 0.0224 100 59 115 74
person 0.0219 325 88 339 111
person 0.0217 0 200 39 263
person 0.0203 94 74 109 100
person 0.0198 0 64 16 87
person 0.0194 98 60 108 75
person 0.0186 303 78 313 89
person 0.0181 368 44 478 203
person 0.0151 330 77 341 95
person 0.0146 415 122 442 159
person 0.0131 0 207 20 270
person 0.0129 289 70 297 80
person 0.0126 355 72 369 99
person 0.0119 0 102 37 265
person 0.0114 144 55 251 158
person 0.0113 23 86 36 103
person 0.0112 14 78 48 254
person 0.0081 0 64 11 80
person 0.0080 123 70 133 81
person 0.0075 11 82 37 164
person 0.0074 0 211 17 239
person 0.0074 34 83 43 96
person 0.0073 433 114 468 156
person 0.0070 363 66 372 82
person 0.0069 172 51 193 74
person 0.0062 368 76 376 92
person 0.0060 455 93 491 128
person 0.0058 0 121 18 222
person 0.0056 0 181 19 238
person 0.0053 425 132 442 159
person 0.0053 418 54 436 73
person 0.0038 425 69 498 248
person 0.0037 34 50 79 92
person 0.0037 399 59 467 160
person 0.0035 313 80 325 102
person 0.0032 131 57 142 74
person 0.0032 345 60 409 124
person 0.0030 12 88 33 120
person 0.0027 179 0 217 69
person 0.0025 65 74 81 102
person 0.0025 318 85 333 111
person 0.0025 145 34 158 48
person 0.0022 466 93 483 106
person 0.0021 450 55 470 70
person 0.0021 115 67 126 82
person 0.0021 289 72 301 86
person 0.0021 450 70 472 82
person 0.0018 117 68 147 103
person 0.0018 59 63 106 196
person 0.0017 18 200 42 256
person 0.0017 363 65 371 75
person 0.0016 97 69 132 149
person 0.0015 447 175 472 232
person 0.0014 432 100 497 167
person 0.0013 47 60 93 135
person 0.0012 95 83 109 110
bicycle 0.0083 430 173 478 244
bicycle 0.0058 429 186 456 240
bicycle 0.0049 327 90 340 111
bicycle 0.0033 451 149 499 164
bicycle 0.0024 426 152 498 198
bicycle 0.0018 438 188 469 243
bicycle 0.0016 439 206 458 241
car 0.0866 54 49 81 86
car 0.0200 33 48 83 87
car 0.0123 62 68 79 87
car 0.0088 428 155 498 252
car 0.0051 428 157 498 197
car 0.0030 55 49 104 87
car 0.0020 73 65 108 121
car 0.0011 0 92 17 172
motorbike 0.8542 39 47 463 314
motorbike 0.0568 428 155 498 252
motorbike 0.0281 426 68 499 256
motorbike 0.0260 325 88 339 111
motorbike 0.0232 431 174 478 242
motorbike 0.0146 327 79 343 111
motorbike 0.0097 427 155 498 197
motorbike 0.0086 372 57 496 238
motorbike 0.0068 432 100 497 167
motorbike 0.0065 0 93 18 171
motorbike 0.0062 285 66 478 261
motorbike 0.0046 446 147 499 167
motorbike 0.0042 429 186 456 240
motorbike 0.0041 427 130 499 186
motorbike 0.0035 430 72 479 159
motorbike 0.0035 19 78 37 103
motorbike 0.0025 465 150 499 164
motorbike 0.0018 327 97 339 112
motorbike 0.0012 457 106 499 156
motorbike 0.0011 329 88 355 110
motorbike 0.0010 25 69 40 96
motorbike 0.0010 136 61 314 157
bus 0.0193 56 50 79 87
bus 0.0031 55 49 104 87
bus 0.0021 33 48 83 87
boat 0.0022 428 157 497 200
dog 0.0015 374 62 413 88
dog 0.0014 439 173 473 243
horse 0.0059 0 93 17 172
horse 0.0029 144 55 251 158
cow 0.0017 0 93 17 172
bottle 0.0027 17 202 34 228
bottle 0.0017 18 200 42 256
bottle 0.0016 172 51 193 74
bottle 0.0010 16 185 34 221
bottle 0.0010 22 174 40 226
chair 0.0024 0 212 16 239
diningtable 0.0109 428 157 498 197
diningtable 0.0090 428 158 499 247
diningtable 0.0014 433 158 498 178
tvmonitor 0.0016 23 37 44 51
tvmonitor 0.0016 399 22 409 43
