person 0.0351 212 275 222 288
person 0.0193 215 274 224 285
person 0.0119 198 272 209 280
person 0.0113 210 274 225 297
person 0.0088 393 183 402 191
person 0.0073 387 281 410 306
person 0.0057 403 182 412 190
person 0.0045 407 183 417 191
person 0.0044 138 274 152 301
person 0.0043 113 266 122 279
person 0.0040 384 184 392 192
person 0.0038 207 268 259 297
person 0.0038 1 266 19 284
person 0.0037 149 267 157 281
person 0.0035 110 261 123 277
person 0.0033 439 290 450 313
person 0.0030 472 293 489 311
person 0.0028 204 272 211 280
person 0.0028 442 289 451 303
person 0.0027 388 182 399 191
person 0.0026 13 271 21 284
person 0.0025 374 183 386 192
person 0.0022 137 271 160 306
person 0.0021 373 185 382 193
person 0.0021 172 272 192 284
person 0.0017 450 289 478 307
person 0.0016 475 283 491 309
person 0.0016 131 272 139 281
person 0.0016 45 280 57 291
person 0.0015 113 161 133 215
person 0.0014 389 274 399 287
person 0.0014 40 271 49 282
person 0.0013 435 278 451 292
person 0.0012 191 269 240 297
person 0.0011 481 270 498 292
person 0.0011 415 184 427 193
person 0.0011 484 285 492 307
person 0.0011 128 272 137 283
person 0.0010 381 184 390 192
person 0.0010 478 300 491 312
bicycle 0.0619 383 285 424 317
bicycle 0.0266 386 284 415 307
bicycle 0.0096 388 300 422 316
bicycle 0.0043 383 295 414 315
bicycle 0.0011 384 275 456 315
car 0.0513 336 265 390 285
car 0.0366 448 289 478 308
car 0.0093 473 301 492 312
car 0.0067 247 287 267 298
car 0.0054 416 269 438 280
car 0.0042 374 269 397 286
car 0.0035 416 269 446 288
car 0.0029 246 277 272 297
car 0.0015 400 284 478 313
car 0.0015 337 268 368 284
car 0.0014 416 271 430 281
car 0.0012 245 270 286 298
car 0.0011 447 286 468 299
car 0.0011 314 267 355 285
car 0.0010 451 294 478 332
car 0.0010 472 293 489 311
motorbike 0.0052 383 285 424 317
motorbike 0.0015 473 301 491 312
motorbike 0.0015 386 284 415 307
aeroplane 0.8021 18 156 491 303
aeroplane 0.5386 8 162 155 282
aeroplane 0.0784 12 159 265 300
aeroplane 0.0723 199 262 274 298
aeroplane 0.0587 466 257 499 276
aeroplane 0.0532 0 263 20 283
aeroplane 0.0508 471 261 499 273
aeroplane 0.0333 108 162 174 240
aeroplane 0.0294 324 265 395 286
aeroplane 0.0276 436 252 494 310
aeroplane 0.0274 0 261 36 285
aeroplane 0.0192 460 253 486 272
aeroplane 0.0148 238 266 314 300
aeroplane 0.0134 173 259 255 291
aeroplane 0.0106 100 259 264 304
aeroplane 0.0104 475 265 499 279
aeroplane 0.0068 0 237 34 285
aeroplane 0.0052 53 260 122 279
aeroplane 0.0052 375 265 399 286
aeroplane 0.0049 18 271 43 284
aeroplane 0.0047 191 269 240 297
aeroplane 0.0046 73 263 112 278
aeroplane 0.0046 169 269 223 286
aeroplane 0.0039 480 269 499 284
aeroplane 0.0033 6 257 89 285
aeroplane 0.0033 88 229 160 283
aeroplane 0.0026 123 268 217 303
aeroplane 0.0026 1 231 46 271
aeroplane 0.0025 69 265 86 274
aeroplane 0.0022 209 269 250 288
aeroplane 0.0020 28 270 52 285
aeroplane 0.0020 48 266 63 276
aeroplane 0.0018 72 260 102 273
aeroplane 0.0018 64 267 82 276
aeroplane 0.0018 49 267 83 277
aeroplane 0.0017 40 266 117 288
aeroplane 0.0017 313 267 358 286
aeroplane 0.0016 386 269 481 315
aeroplane 0.0015 262 268 388 299
aeroplane 0.0015 332 257 455 286
aeroplane 0.0015 245 270 281 298
aeroplane 0.0013 152 193 230 235
aeroplane 0.0012 13 271 23 284
aeroplane 0.0012 38 269 87 288
aeroplane 0.0012 172 272 202 284
aeroplane 0.0011 79 265 129 281
aeroplane 0.0011 211 272 261 297
aeroplane 0.0011 79 194 184 288
aeroplane 0.0010 80 269 104 280
aeroplane 0.0010 79 242 124 279
bus 0.0100 0 263 20 284
train 0.0034 0 263 20 284
train 0.0010 21 172 130 283
boat 0.0023 0 263 20 284
boat 0.0015 475 263 499 272
boat 0.0014 480 267 500 284
chair 0.1575 454 311 476 333
chair 0.0127 449 296 477 337
chair 0.0060 387 292 423 316
chair 0.0025 449 289 479 314
chair 0.0022 453 297 479 319
chair 0.0017 410 293 445 314
chair 0.0015 435 287 479 334
chair 0.0015 436 299 461 340
diningtable 0.0010 454 311 476 333
