person 0.8594 248 0 313 51
person 0.8426 370 0 497 89
person 0.8121 183 0 252 62
person 0.8066 1 -1 53 138
person 0.7434 38 0 80 113
person 0.4023 0 29 24 113
person 0.3716 332 0 383 98
person 0.1601 37 0 79 36
person 0.0614 448 0 498 57
person 0.0599 236 0 255 50
person 0.0599 65 0 80 25
person 0.0506 176 26 200 62
person 0.0416 71 0 102 24
person 0.0348 365 0 498 178
person 0.0316 130 0 187 56
person 0.0273 125 0 159 18
person 0.0256 138 0 186 20
person 0.0213 0 30 24 72
person 0.0178 470 3 498 55
person 0.0171 242 0 256 33
person 0.0158 333 -1 433 97
person 0.0147 63 0 104 47
person 0.0137 52 0 78 20
person 0.0137 99 0 136 26
person 0.0121 80 0 143 45
person 0.0117 298 9 313 44
person 0.0101 0 54 17 108
person 0.0093 165 0 188 28
person 0.0091 45 43 74 112
person 0.0090 37 1 54 34
person 0.0089 91 0 108 21
person 0.0070 156 0 185 14
person 0.0059 0 0 45 58
person 0.0050 180 0 190 28
person 0.0046 0 24 29 175
person 0.0043 183 0 212 57
person 0.0040 44 0 70 17
person 0.0038 321 53 335 71
person 0.0029 171 0 187 17
person 0.0028 60 7 80 37
person 0.0027 82 1 104 36
person 0.0027 58 0 100 97
person 0.0026 138 0 163 16
person 0.0022 336 0 379 49
person 0.0022 31 45 52 72
person 0.0021 58 0 124 62
person 0.0019 301 21 313 44
person 0.0018 39 6 58 54
person 0.0017 332 54 347 88
person 0.0015 176 -1 190 39
person 0.0015 299 0 340 34
person 0.0014 245 2 329 93
person 0.0013 330 52 343 81
person 0.0013 120 0 153 31
person 0.0011 339 66 348 91
person 0.0011 307 27 337 70
person 0.0011 37 17 67 70
person 0.0011 382 0 438 67
person 0.0011 43 50 59 108
person 0.0010 189 25 210 62
person 0.0010 326 52 338 73
bicycle 0.0281 300 0 342 38
bicycle 0.0044 300 0 343 76
bicycle 0.0027 403 343 499 373
bicycle 0.0026 308 26 337 73
bicycle 0.0021 332 54 347 88
bicycle 0.0020 322 53 334 71
bicycle 0.0016 326 52 338 73
bicycle 0.0012 195 270 496 370
bicycle 0.0012 330 52 343 77
bicycle 0.0011 316 43 337 72
bicycle 0.0010 175 289 364 373
bicycle 0.0010 387 136 498 209
car 0.0036 304 5 342 76
car 0.0018 336 60 348 89
car 0.0016 337 5 499 114
car 0.0015 307 28 335 62
car 0.0012 304 2 445 96
motorbike 0.9164 8 1 506 361
motorbike 0.2073 37 218 500 370
motorbike 0.0850 298 0 344 37
motorbike 0.0424 13 283 415 372
motorbike 0.0407 195 270 496 370
motorbike 0.0400 300 0 343 76
motorbike 0.0169 300 1 443 94
motorbike 0.0127 327 0 383 96
motorbike 0.0115 235 187 498 362
motorbike 0.0093 342 242 501 370
motorbike 0.0067 138 0 199 61
motorbike 0.0055 384 133 498 210
motorbike 0.0042 311 34 338 75
motorbike 0.0041 99 0 186 58
motorbike 0.0036 193 1 388 117
motorbike 0.0032 240 38 500 207
motorbike 0.0032 320 176 500 291
motorbike 0.0031 359 184 496 254
motorbike 0.0028 421 52 499 133
motorbike 0.0028 176 27 199 61
motorbike 0.0023 54 1 162 63
motorbike 0.0022 2 1 188 232
motorbike 0.0022 355 7 500 182
motorbike 0.0015 261 4 341 83
motorbike 0.0015 308 27 333 54
motorbike 0.0014 322 53 334 71
motorbike 0.0013 90 0 155 49
motorbike 0.0011 311 26 330 39
motorbike 0.0011 270 96 499 288
horse 0.0013 73 0 103 24
bottle 0.0024 31 57 46 72
bottle 0.0020 31 44 53 72
chair 0.0029 0 76 16 107
chair 0.0018 299 0 339 38
diningtable 0.0018 0 65 17 107
