person 0.0257 351 217 471 274
person 0.0059 57 -12 496 315
person 0.0030 383 112 434 172
person 0.0019 138 135 376 299
person 0.0013 393 129 431 166
car 0.0010 57 -12 496 315
bird 0.0044 351 217 471 274
bird 0.0038 240 198 376 292
bird 0.0026 87 -1 503 259
bird 0.0013 131 134 374 275
cat 0.6572 79 -1 500 261
cat 0.1489 124 139 383 307
cat 0.1204 351 217 471 274
cat 0.0848 240 198 376 292
cat 0.0194 77 -6 503 122
dog 0.7647 81 -2 502 193
dog 0.7066 127 135 372 306
dog 0.3173 351 216 469 274
dog 0.0395 239 198 379 292
dog 0.0043 181 133 310 207
dog 0.0042 44 150 466 330
horse 0.0013 68 -9 502 213
sheep 0.0021 348 222 470 273
sheep 0.0014 87 -1 503 259
cow 0.0031 84 -6 500 258
cow 0.0021 348 216 469 275
bottle 0.0048 351 216 468 275
bottle 0.0022 482 47 499 81
bottle 0.0010 481 45 499 118
chair 0.1742 0 64 105 175
chair 0.0083 91 1 227 169
chair 0.0078 76 -5 498 181
chair 0.0064 30 -16 503 321
chair 0.0040 55 287 422 330
chair 0.0025 51 253 458 329
chair 0.0018 328 216 354 225
chair 0.0017 75 1 160 61
chair 0.0014 107 78 218 171
chair 0.0013 453 43 486 72
chair 0.0010 382 112 435 172
sofa 0.5012 0 63 106 174
sofa 0.1225 54 271 490 330
sofa 0.0122 76 -5 498 181
sofa 0.0113 32 214 499 331
sofa 0.0075 58 290 340 330
sofa 0.0058 30 -16 503 321
pottedplant 0.0051 60 158 100 178
tvmonitor 0.0028 486 0 499 29
tvmonitor 0.0017 400 -1 498 31
tvmonitor 0.0010 453 43 486 72
