person 0.9223 123 57 266 370
person 0.0119 237 0 272 15
person 0.0066 284 0 380 45
person 0.0063 343 0 379 46
person 0.0053 179 0 272 24
person 0.0041 224 0 271 37
person 0.0033 47 0 70 75
person 0.0025 48 0 78 119
person 0.0022 203 0 270 16
person 0.0021 292 14 357 43
person 0.0017 49 2 66 32
person 0.0014 219 1 348 42
person 0.0011 3 2 54 188
bicycle 0.0569 89 154 342 312
bicycle 0.0213 254 155 342 285
bicycle 0.0013 121 0 177 105
bicycle 0.0012 289 2 377 47
bicycle 0.0012 315 81 498 186
motorbike 0.4375 97 150 341 320
motorbike 0.1519 248 154 343 291
motorbike 0.0107 124 55 268 369
motorbike 0.0089 293 0 379 46
motorbike 0.0027 292 14 357 43
motorbike 0.0017 342 0 379 46
motorbike 0.0014 312 80 498 186
aeroplane 0.0021 113 145 335 343
boat 0.0015 335 83 492 183
bird 0.0062 232 26 267 39
bird 0.0041 245 1 272 16
bird 0.0031 232 1 272 38
cat 0.0012 238 133 281 162
dog 0.0012 235 132 280 164
dog 0.0011 293 16 334 42
horse 0.0014 113 145 335 343
bottle 0.0045 293 21 331 41
bottle 0.0013 245 0 272 16
bottle 0.0012 293 28 319 41
bottle 0.0012 457 353 499 374
chair 0.5153 120 1 177 106
chair 0.0113 151 0 180 74
chair 0.0023 471 246 499 289
chair 0.0021 166 2 179 42
chair 0.0020 343 0 379 46
chair 0.0019 166 0 273 74
chair 0.0016 440 0 498 34
chair 0.0016 122 35 160 101
chair 0.0014 436 -1 499 62
chair 0.0013 234 133 282 164
chair 0.0012 177 0 273 31
pottedplant 0.5879 439 129 499 366
pottedplant 0.0102 450 179 499 274
pottedplant 0.0027 440 247 499 364
pottedplant 0.0013 293 0 379 46
pottedplant 0.0012 449 162 479 183
diningtable 0.0027 312 80 499 187
diningtable 0.0025 120 3 177 104
diningtable 0.0011 148 0 179 91
