person 0.0415 419 89 497 159
person 0.0183 409 88 498 331
person 0.0118 1 274 47 353
person 0.0064 1 264 112 352
person 0.0025 14 -9 469 366
person 0.0014 328 0 415 71
person 0.0011 102 4 145 161
car 0.0020 408 89 498 331
car 0.0011 414 87 495 175
car 0.0011 1 0 133 185
bird 0.0065 416 89 497 168
cat 0.0027 416 89 497 168
dog 0.0083 417 89 496 171
horse 0.0168 417 89 496 169
cow 0.0029 416 89 498 165
cow 0.0015 410 89 499 328
bottle 0.3622 109 4 275 324
bottle 0.2932 257 -11 429 345
bottle 0.1393 409 77 496 320
bottle 0.0112 94 -15 424 334
bottle 0.0033 257 147 416 359
bottle 0.0021 3 276 49 352
bottle 0.0018 327 0 414 74
chair 0.0160 3 168 123 252
chair 0.0131 420 87 494 171
chair 0.0077 409 88 498 331
chair 0.0014 0 2 128 252
pottedplant 0.0118 1 274 47 353
diningtable 0.5494 0 234 482 370
diningtable 0.3023 -4 28 489 372
diningtable 0.0104 83 298 494 370
diningtable 0.0045 1 233 125 358
diningtable 0.0033 1 231 226 371
diningtable 0.0017 409 293 496 350
tvmonitor 0.0013 1 -1 130 245
