person 0.8618 129 12 173 101
person 0.2322 161 9 201 52
person 0.1406 295 26 314 90
person 0.0997 128 17 145 40
person 0.0943 179 9 194 36
person 0.0487 111 17 145 51
person 0.0483 178 16 202 52
person 0.0467 287 59 293 68
person 0.0406 132 128 160 144
person 0.0352 202 18 226 50
person 0.0288 123 20 136 35
person 0.0273 158 17 179 44
person 0.0205 133 9 167 54
person 0.0204 119 19 137 51
person 0.0181 297 22 312 49
person 0.0163 55 57 60 69
person 0.0120 169 3 187 29
person 0.0117 64 44 84 69
person 0.0117 183 18 196 37
person 0.0109 131 128 146 143
person 0.0098 120 15 142 39
person 0.0088 158 1 193 35
person 0.0067 164 18 178 32
person 0.0066 45 8 60 41
person 0.0065 38 4 52 23
person 0.0064 46 57 51 66
person 0.0060 118 34 137 51
person 0.0059 206 17 215 33
person 0.0058 105 22 128 45
person 0.0057 239 53 251 72
person 0.0056 37 12 52 44
person 0.0055 192 14 211 39
person 0.0052 223 28 237 48
person 0.0051 49 9 58 22
person 0.0047 68 41 103 70
person 0.0041 115 21 126 34
person 0.0041 29 24 39 42
person 0.0039 133 25 147 47
person 0.0039 51 58 63 69
person 0.0038 69 21 132 66
person 0.0037 30 22 37 31
person 0.0037 59 10 75 41
person 0.0033 221 31 232 49
person 0.0031 141 10 165 33
person 0.0031 191 24 203 49
person 0.0031 37 55 50 67
person 0.0029 197 17 216 49
person 0.0029 75 9 97 45
person 0.0029 22 22 28 30
person 0.0028 37 11 49 32
person 0.0027 201 16 213 34
person 0.0026 27 22 34 31
person 0.0026 215 25 237 77
person 0.0025 42 56 51 73
person 0.0024 32 23 39 36
person 0.0024 215 19 228 38
person 0.0022 37 21 48 43
person 0.0022 223 29 231 39
person 0.0020 296 32 310 65
person 0.0020 61 10 73 30
person 0.0020 117 36 150 71
person 0.0019 108 24 167 90
person 0.0018 168 18 177 27
person 0.0016 105 27 122 39
person 0.0016 34 4 62 44
person 0.0016 174 3 188 22
person 0.0016 21 23 29 39
person 0.0015 25 10 37 25
person 0.0015 44 9 54 23
person 0.0015 168 17 176 24
person 0.0014 221 52 242 73
person 0.0014 76 9 89 38
person 0.0014 70 43 85 57
person 0.0013 171 27 203 76
person 0.0013 77 9 88 25
person 0.0012 93 159 105 175
person 0.0012 157 19 169 32
person 0.0012 4 12 25 30
person 0.0011 52 58 63 78
person 0.0011 67 56 104 85
person 0.0011 293 52 310 91
person 0.0011 195 33 203 49
person 0.0011 159 0 184 23
person 0.0011 80 71 104 93
person 0.0010 73 41 313 193
person 0.0010 301 18 311 36
car 0.0017 210 48 299 89
bus 0.0010 55 32 315 89
boat 0.0023 2 40 79 65
boat 0.0010 0 0 94 74
bird 0.0146 93 159 105 176
bird 0.0020 195 172 214 188
horse 0.9093 63 25 299 190
horse 0.0431 67 26 139 86
horse 0.0300 65 32 104 89
horse 0.0159 109 18 145 51
horse 0.0089 111 34 138 52
horse 0.0084 71 26 138 56
horse 0.0079 232 91 319 156
horse 0.0061 114 30 155 72
horse 0.0061 105 24 129 46
horse 0.0054 82 26 160 73
horse 0.0029 67 27 203 98
horse 0.0025 132 85 317 188
horse 0.0023 108 24 167 90
horse 0.0022 117 36 148 63
horse 0.0018 68 41 103 70
horse 0.0018 297 37 319 92
horse 0.0017 64 26 163 154
horse 0.0014 162 16 201 52
horse 0.0013 210 48 299 89
horse 0.0010 42 48 104 88
cow 0.0011 210 48 299 89
pottedplant 0.0023 2 2 76 56
pottedplant 0.0015 5 4 54 42
tvmonitor 0.0045 1 0 94 69
tvmonitor 0.0015 75 10 248 84
