person 0.0791 19 -1 502 313
person 0.0434 50 0 502 133
person 0.0059 267 0 489 93
person 0.0027 0 154 116 327
person 0.0016 84 1 260 121
person 0.0012 260 0 499 322
car 0.0013 16 0 503 327
cat 0.7557 97 42 451 311
cat 0.0172 285 94 490 324
cat 0.0081 75 61 353 251
dog 0.0034 91 50 458 309
chair 0.3832 3 -1 498 324
chair 0.0104 0 153 115 327
chair 0.0021 50 0 502 133
sofa 0.7058 12 5 498 327
sofa 0.0758 38 -1 502 176
sofa 0.0105 0 151 114 326
sofa 0.0061 0 6 147 327
sofa 0.0052 271 1 498 135
sofa 0.0024 260 0 499 322
sofa 0.0018 84 1 261 121
