person 0.3022 116 0 280 198
person 0.0111 124 -1 283 48
person 0.0049 116 37 195 200
person 0.0024 300 -1 465 54
person 0.0016 122 -3 280 98
person 0.0014 288 0 498 118
person 0.0012 120 85 143 188
chair 0.0047 288 0 498 118
chair 0.0026 120 -1 282 117
chair 0.0015 118 36 196 199
sofa 0.2283 282 -1 499 117
sofa 0.0509 296 -8 496 235
sofa 0.0045 443 0 499 209
sofa 0.0042 118 5 284 191
sofa 0.0041 110 -1 502 265
sofa 0.0018 446 0 499 110
sofa 0.0017 102 -5 493 90
sofa 0.0011 116 37 195 200
diningtable 0.0100 10 169 489 369
tvmonitor 0.8528 159 37 337 186
tvmonitor 0.0071 147 177 336 242
