person 0.0440 280 150 288 159
person 0.0412 326 161 334 177
person 0.0276 335 150 347 171
person 0.0170 328 87 335 105
person 0.0055 322 161 346 196
person 0.0052 355 134 368 154
person 0.0047 324 162 338 190
person 0.0034 330 151 349 192
person 0.0018 277 150 289 162
person 0.0012 106 135 362 289
car 0.0041 180 89 190 96
bird 0.0022 328 87 335 105
bird 0.0018 280 150 288 159
dog 0.0011 121 131 139 140
horse 0.0047 109 139 140 187
horse 0.0027 104 132 122 172
horse 0.0014 121 131 139 140
horse 0.0010 203 143 229 198
sheep 0.0640 104 132 122 168
sheep 0.0474 121 131 139 140
sheep 0.0268 105 132 121 143
sheep 0.0262 107 138 140 187
sheep 0.0139 18 175 68 234
sheep 0.0112 118 140 139 159
sheep 0.0085 0 180 43 272
sheep 0.0075 111 131 132 146
sheep 0.0059 142 130 167 140
sheep 0.0054 122 136 141 154
sheep 0.0048 141 134 169 175
sheep 0.0042 16 166 116 232
sheep 0.0033 142 132 167 145
sheep 0.0032 106 142 118 172
sheep 0.0026 170 132 188 143
sheep 0.0019 67 167 114 200
sheep 0.0014 172 134 195 147
sheep 0.0010 157 169 208 244
sheep 0.0010 169 137 195 162
cow 0.9241 246 153 361 291
cow 0.9087 150 153 208 246
cow 0.8117 140 133 169 178
cow 0.6599 108 140 140 187
cow 0.2489 169 135 198 172
cow 0.1202 186 142 227 194
cow 0.1006 104 132 122 172
cow 0.0943 189 142 220 172
cow 0.0909 121 130 140 144
cow 0.0430 172 134 195 147
cow 0.0392 104 133 121 153
cow 0.0294 143 130 167 140
cow 0.0172 122 136 141 154
cow 0.0154 105 132 121 143
cow 0.0153 169 136 193 157
cow 0.0148 171 133 191 142
cow 0.0104 111 131 132 146
cow 0.0098 148 134 168 144
cow 0.0062 122 134 142 171
cow 0.0042 107 151 118 172
cow 0.0040 305 186 361 261
cow 0.0036 203 144 225 168
cow 0.0035 191 142 208 156
cow 0.0034 118 140 139 159
cow 0.0034 246 156 289 261
cow 0.0016 280 150 288 159
cow 0.0014 150 137 169 166
cow 0.0013 320 166 347 196
cow 0.0011 182 133 200 145
cow 0.0011 196 142 221 154
cow 0.0010 136 140 150 175
