person 0.1845 84 71 123 103
person 0.1810 93 56 115 85
person 0.1263 91 57 120 100
person 0.0627 148 36 254 143
person 0.0547 112 79 143 100
person 0.0303 128 48 144 81
person 0.0139 83 46 149 102
person 0.0137 101 58 113 71
person 0.0135 82 41 95 69
person 0.0132 144 73 171 106
person 0.0115 202 49 247 96
person 0.0113 117 57 148 100
person 0.0105 84 42 95 54
person 0.0068 129 48 142 69
person 0.0060 141 59 234 127
person 0.0048 64 41 273 177
person 0.0038 231 37 292 92
person 0.0034 198 26 249 83
person 0.0030 214 47 246 83
person 0.0026 156 75 190 123
person 0.0023 113 66 174 107
person 0.0019 215 58 252 92
person 0.0011 99 46 145 78
car 0.0026 279 190 322 202
car 0.0015 296 193 320 203
dog 0.0014 144 39 257 146
dog 0.0012 141 59 234 127
dog 0.0010 64 41 273 177
bottle 0.0036 98 57 114 78
bottle 0.0021 83 42 95 54
bottle 0.0018 128 48 142 69
bottle 0.0015 82 41 95 69
chair 0.0023 81 76 97 85
chair 0.0020 81 72 102 85
chair 0.0010 103 55 138 83
chair 0.0010 83 80 122 103
tvmonitor 0.9687 48 -1 320 194
tvmonitor 0.0429 1 -3 78 216
tvmonitor 0.0068 404 169 481 215
tvmonitor 0.0021 371 -1 427 19
tvmonitor 0.0013 397 206 488 287
