person 0.0024 440 17 455 39
person 0.0021 424 20 432 39
bottle 0.0387 288 181 296 213
bottle 0.0063 448 117 457 159
bottle 0.0042 399 270 410 299
bottle 0.0030 424 22 432 38
bottle 0.0025 427 20 437 39
bottle 0.0022 403 271 412 301
bottle 0.0019 440 17 455 39
bottle 0.0014 451 123 460 158
bottle 0.0010 455 140 463 158
chair 0.8500 4 282 217 371
chair 0.7524 208 278 400 371
chair 0.4571 388 234 466 374
chair 0.1652 0 254 19 323
chair 0.0501 410 254 454 353
chair 0.0198 113 246 336 295
chair 0.0164 237 283 326 314
chair 0.0132 0 249 21 378
chair 0.0049 307 222 378 276
chair 0.0032 125 253 341 344
chair 0.0029 218 151 290 217
chair 0.0026 28 278 423 375
chair 0.0025 489 242 499 329
chair 0.0020 351 279 404 372
chair 0.0019 471 236 499 344
chair 0.0018 452 217 499 315
chair 0.0017 0 327 21 374
chair 0.0015 443 189 469 216
chair 0.0013 137 191 160 215
chair 0.0012 326 286 356 309
chair 0.0010 447 220 497 263
sofa 0.4917 209 278 403 372
sofa 0.4271 1 282 213 371
sofa 0.2028 1 280 414 374
sofa 0.0034 113 244 335 293
sofa 0.0019 85 251 348 364
sofa 0.0018 0 254 19 310
sofa 0.0016 0 249 21 378
pottedplant 0.0745 46 13 95 57
pottedplant 0.0429 46 13 67 55
pottedplant 0.0234 65 16 93 54
diningtable 0.0721 388 232 466 373
diningtable 0.0331 0 254 19 320
diningtable 0.0191 120 248 336 296
diningtable 0.0037 388 232 460 289
diningtable 0.0015 0 254 12 270
diningtable 0.0014 0 323 22 373
diningtable 0.0013 0 254 15 285
diningtable 0.0011 104 221 436 296
tvmonitor 0.4371 218 152 289 216
tvmonitor 0.0032 386 12 408 47
tvmonitor 0.0013 410 8 465 47
