person 0.7754 267 35 471 369
person 0.0106 75 -7 502 369
person 0.0065 288 35 437 224
person 0.0015 0 0 18 16
bicycle 0.6385 43 117 295 371
bicycle 0.1609 111 117 493 371
bicycle 0.0049 179 57 257 188
bicycle 0.0048 200 244 296 368
bicycle 0.0048 48 226 153 361
bicycle 0.0042 164 145 265 323
bicycle 0.0018 223 103 259 196
bicycle 0.0017 142 216 291 372
bicycle 0.0015 124 -12 283 379
bicycle 0.0014 215 77 258 142
bicycle 0.0013 190 298 286 371
bicycle 0.0011 36 0 112 44
bicycle 0.0010 84 245 496 372
car 0.0043 431 272 465 283
car 0.0032 130 72 504 373
car 0.0018 146 100 183 124
motorbike 0.0346 112 98 488 372
motorbike 0.0211 50 110 296 373
motorbike 0.0037 48 226 153 361
bus 0.0045 75 -7 502 369
train 0.0100 75 -7 502 369
train 0.0070 51 253 149 338
boat 0.0015 24 90 289 372
bird 0.0011 21 248 50 279
dog 0.0150 255 183 483 375
horse 0.0029 130 72 504 373
sheep 0.0133 253 178 481 377
bottle 0.0031 193 360 224 374
bottle 0.0029 0 0 18 16
bottle 0.0016 21 248 50 279
bottle 0.0012 51 252 149 332
bottle 0.0010 139 299 171 334
chair 0.0064 414 196 498 327
chair 0.0034 130 72 504 373
chair 0.0010 53 253 151 352
pottedplant 0.4412 109 0 259 197
pottedplant 0.0382 0 -17 272 380
pottedplant 0.0219 177 51 253 195
pottedplant 0.0109 147 156 206 237
pottedplant 0.0090 0 49 173 350
pottedplant 0.0074 10 311 124 373
pottedplant 0.0067 30 1 160 146
pottedplant 0.0059 119 0 259 70
pottedplant 0.0058 172 81 230 204
pottedplant 0.0045 2 316 70 373
pottedplant 0.0040 149 144 197 196
pottedplant 0.0038 42 138 283 371
pottedplant 0.0038 153 147 223 216
pottedplant 0.0022 159 176 199 207
pottedplant 0.0015 143 160 198 291
pottedplant 0.0014 0 311 39 373
pottedplant 0.0012 186 0 259 62
pottedplant 0.0012 34 315 76 357
pottedplant 0.0011 21 248 50 279
pottedplant 0.0011 162 131 257 244
pottedplant 0.0011 145 121 191 186
pottedplant 0.0010 48 242 156 362
diningtable 0.0041 464 327 499 372
diningtable 0.0032 421 184 497 222
diningtable 0.0023 414 191 498 320
diningtable 0.0019 427 185 468 204
diningtable 0.0013 1 1 314 381
tvmonitor 0.9128 268 4 499 195
tvmonitor 0.0214 358 33 500 185
tvmonitor 0.0014 413 194 499 323
tvmonitor 0.0013 446 59 499 199
tvmonitor 0.0012 120 -23 511 382
tvmonitor 0.0011 284 46 443 296
