person 0.9010 178 23 362 349
person 0.6603 315 66 335 117
person 0.6565 367 63 381 98
person 0.5494 339 72 359 118
person 0.1412 279 48 317 113
person 0.1164 295 65 316 115
person 0.0869 310 95 327 119
person 0.0863 295 82 305 105
person 0.0548 274 52 304 103
person 0.0256 295 80 311 113
person 0.0206 275 68 295 102
person 0.0200 274 48 299 85
person 0.0123 286 48 328 153
person 0.0123 400 103 414 125
person 0.0097 274 57 291 82
person 0.0081 273 90 361 194
person 0.0069 303 62 319 106
person 0.0067 293 89 358 157
person 0.0062 253 25 294 82
person 0.0057 262 52 347 164
person 0.0053 275 68 288 82
person 0.0053 276 48 294 72
person 0.0044 354 71 368 96
person 0.0044 338 76 358 96
person 0.0040 345 69 371 95
person 0.0040 342 94 357 117
person 0.0037 282 74 312 151
person 0.0037 400 115 413 125
person 0.0030 286 53 313 89
person 0.0029 333 71 356 102
person 0.0028 327 69 337 91
person 0.0027 317 56 378 100
person 0.0024 310 68 323 113
person 0.0023 289 71 302 103
person 0.0022 329 70 347 98
person 0.0020 323 61 354 100
person 0.0018 340 65 376 116
person 0.0017 316 68 331 97
person 0.0016 275 137 334 175
person 0.0013 295 56 315 78
person 0.0011 266 74 304 149
person 0.0011 375 55 417 125
bicycle 0.7118 288 179 371 350
bicycle 0.0239 298 152 343 226
bicycle 0.0070 295 195 343 258
bicycle 0.0047 274 127 354 214
bicycle 0.0027 309 166 341 217
bicycle 0.0017 110 140 387 349
bicycle 0.0016 205 107 352 203
bicycle 0.0012 312 241 350 340
car 0.0072 287 57 400 116
car 0.0035 329 57 380 97
motorbike 0.0019 297 151 343 226
train 0.0013 280 35 477 120
train 0.0013 369 55 420 116
train 0.0010 311 50 442 102
bird 0.0037 367 63 381 96
dog 0.0017 310 95 327 119
dog 0.0014 314 67 335 119
cow 0.0072 287 57 400 116
cow 0.0013 367 62 380 95
bottle 0.0019 295 82 303 103
bottle 0.0016 310 96 326 120
bottle 0.0010 315 65 335 118
