person 0.0129 215 161 223 173
person 0.0075 9 198 18 209
person 0.0049 149 203 159 219
person 0.0039 20 239 28 253
person 0.0015 27 204 36 213
person 0.0010 449 214 458 222
car 0.1549 332 156 341 165
car 0.0459 27 204 36 213
car 0.0166 343 175 365 184
car 0.0099 437 202 454 213
car 0.0028 7 198 35 212
car 0.0025 292 174 306 183
car 0.0024 453 210 470 223
car 0.0020 57 145 70 153
car 0.0019 486 218 498 227
car 0.0018 9 198 23 210
car 0.0017 331 176 366 188
car 0.0015 139 146 174 163
car 0.0015 136 140 170 158
car 0.0014 445 204 456 214
car 0.0013 178 159 190 167
car 0.0013 171 155 190 166
car 0.0012 153 140 168 149
car 0.0011 166 152 186 165
car 0.0010 471 214 483 225
car 0.0010 411 198 449 214
aeroplane 0.0012 0 289 29 296
aeroplane 0.0011 0 241 29 256
bus 0.0144 27 204 36 213
bus 0.0119 411 199 454 215
bus 0.0047 332 156 341 165
bus 0.0040 437 202 454 213
bus 0.0024 129 139 171 162
bus 0.0020 7 198 35 212
bus 0.0014 325 194 382 215
bus 0.0011 344 175 365 184
bus 0.0010 30 130 58 143
bus 0.0010 201 149 248 169
train 0.8466 103 151 427 266
train 0.0465 410 198 454 215
train 0.0435 52 144 330 231
train 0.0412 63 135 176 160
train 0.0269 48 144 243 195
train 0.0189 129 138 175 165
train 0.0168 259 125 375 141
train 0.0149 382 205 430 265
train 0.0133 436 202 454 213
train 0.0090 70 128 176 145
train 0.0086 142 143 182 167
train 0.0079 332 156 341 165
train 0.0079 298 196 430 264
train 0.0077 221 125 282 145
train 0.0074 122 130 222 165
train 0.0067 31 125 443 172
train 0.0066 139 131 418 161
train 0.0063 132 128 219 151
train 0.0062 133 139 169 154
train 0.0060 64 136 142 153
train 0.0038 21 126 93 141
train 0.0036 119 129 176 146
train 0.0036 71 138 99 148
train 0.0034 412 201 435 214
train 0.0034 216 121 364 143
train 0.0033 205 136 368 158
train 0.0028 173 153 190 167
train 0.0027 166 149 222 169
train 0.0026 28 129 61 141
train 0.0026 68 142 93 151
train 0.0024 104 158 199 193
train 0.0023 201 149 248 169
train 0.0023 27 204 36 213
train 0.0021 194 147 343 173
train 0.0019 200 150 285 174
train 0.0018 55 129 93 141
train 0.0017 81 136 129 149
train 0.0017 56 144 70 152
train 0.0017 55 131 150 148
train 0.0016 212 131 306 153
train 0.0016 325 194 382 215
train 0.0016 159 146 422 187
train 0.0015 3 129 227 163
train 0.0014 63 132 95 144
train 0.0014 166 140 221 155
train 0.0014 63 144 99 153
train 0.0013 207 156 230 171
train 0.0012 251 129 377 155
train 0.0012 153 140 168 149
train 0.0012 65 131 309 158
train 0.0012 330 152 358 165
train 0.0010 55 145 108 159
train 0.0010 225 125 270 135
boat 0.0097 27 204 36 213
boat 0.0036 0 289 28 296
boat 0.0018 0 243 28 257
boat 0.0013 0 196 35 259
boat 0.0011 0 253 29 300
boat 0.0010 8 195 35 213
bottle 0.0015 149 203 159 219
chair 0.0014 27 204 36 213
pottedplant 0.0063 149 203 158 219
pottedplant 0.0013 226 261 251 290
