person 0.8965 17 93 63 202
person 0.0896 46 103 64 138
person 0.0565 185 111 194 147
person 0.0404 127 119 137 144
person 0.0269 126 119 153 153
person 0.0178 154 116 169 160
person 0.0128 46 110 62 173
person 0.0112 48 93 69 122
person 0.0107 95 120 107 135
person 0.0086 72 118 80 147
person 0.0068 95 95 126 136
person 0.0065 97 116 116 135
person 0.0065 24 93 64 136
person 0.0064 51 104 78 140
person 0.0063 92 120 103 132
person 0.0055 33 107 61 136
person 0.0050 156 117 167 140
person 0.0049 183 114 195 165
person 0.0048 170 109 182 123
person 0.0044 60 102 73 127
person 0.0043 67 116 79 135
person 0.0041 92 114 112 166
person 0.0038 88 114 106 177
person 0.0036 129 119 145 136
person 0.0029 93 109 129 169
person 0.0027 96 114 122 142
person 0.0025 157 117 167 130
person 0.0020 45 95 61 121
person 0.0020 18 119 32 188
person 0.0018 61 110 81 137
person 0.0017 80 109 101 188
person 0.0016 89 113 105 133
person 0.0013 184 110 193 130
person 0.0013 81 95 118 188
person 0.0012 306 224 318 243
person 0.0010 73 115 88 151
bicycle 0.0102 126 119 154 154
motorbike 0.0015 126 119 154 153
train 0.9140 44 13 404 336
train 0.0047 0 70 106 180
train 0.0030 1 82 74 128
train 0.0024 0 21 151 210
bird 0.0017 263 86 308 122
bottle 0.0013 358 254 414 289
pottedplant 0.0033 421 179 499 296
