person 0.8625 234 9 327 224
person 0.4490 477 84 497 143
person 0.2470 190 70 265 126
person 0.2384 478 84 496 115
person 0.0769 5 101 15 121
person 0.0570 2 101 15 136
person 0.0523 479 84 494 101
person 0.0368 0 101 10 134
person 0.0277 0 100 9 118
person 0.0176 192 74 226 119
person 0.0167 489 52 499 100
person 0.0157 184 70 293 225
person 0.0117 348 102 364 122
person 0.0102 484 80 498 100
person 0.0083 490 53 499 65
person 0.0081 491 82 499 98
person 0.0076 387 103 399 120
person 0.0069 360 104 374 122
person 0.0057 223 75 249 123
person 0.0033 339 103 357 123
person 0.0033 434 109 444 117
person 0.0033 482 109 496 143
person 0.0026 242 89 263 125
person 0.0024 7 106 19 144
person 0.0023 142 54 344 224
person 0.0020 105 143 123 158
person 0.0016 452 84 498 202
person 0.0015 370 101 391 120
person 0.0014 218 75 270 120
person 0.0014 224 223 263 330
bicycle 0.0657 0 102 15 138
bicycle 0.0155 5 101 14 121
bicycle 0.0075 0 100 9 118
bicycle 0.0070 348 102 364 122
bicycle 0.0049 339 103 357 123
bicycle 0.0022 479 93 497 143
bicycle 0.0015 435 110 444 117
bicycle 0.0012 319 101 352 125
car 0.7838 397 102 424 118
car 0.7064 370 101 396 120
car 0.4958 352 99 374 122
car 0.4795 12 90 58 153
car 0.2921 451 90 499 206
car 0.2066 344 100 366 122
car 0.1131 159 91 203 112
car 0.1073 387 103 399 120
car 0.0876 247 87 281 110
car 0.0769 405 95 443 117
car 0.0361 434 109 444 117
car 0.0290 247 87 279 97
car 0.0269 429 102 445 117
car 0.0267 319 104 341 123
car 0.0252 319 98 351 125
car 0.0200 13 63 132 151
car 0.0109 339 103 357 123
car 0.0029 0 101 15 139
car 0.0016 477 94 494 121
car 0.0014 242 87 264 125
car 0.0013 0 99 8 114
car 0.0011 478 84 495 107
car 0.0011 160 92 191 103
car 0.0011 478 82 497 146
car 0.0010 3 101 14 120
car 0.0010 491 82 499 98
motorbike 0.0400 478 82 497 146
motorbike 0.0394 452 84 498 202
motorbike 0.0169 348 102 364 122
motorbike 0.0089 0 101 10 134
motorbike 0.0072 5 101 15 121
motorbike 0.0062 2 101 15 136
motorbike 0.0048 0 100 9 118
motorbike 0.0048 11 93 58 152
motorbike 0.0046 339 103 357 123
motorbike 0.0034 355 100 374 122
motorbike 0.0033 474 97 495 135
motorbike 0.0033 477 94 494 121
motorbike 0.0030 370 101 391 120
motorbike 0.0025 478 84 495 110
motorbike 0.0023 456 98 497 142
motorbike 0.0020 434 109 444 117
motorbike 0.0013 384 103 398 121
bus 0.3990 319 89 351 124
bus 0.1501 403 95 443 117
bus 0.0797 158 91 202 112
bus 0.0239 398 102 424 117
bus 0.0145 451 63 499 201
bus 0.0109 11 93 58 152
bus 0.0067 319 102 340 123
bus 0.0052 424 96 444 116
bus 0.0050 370 100 395 120
bus 0.0048 352 100 375 122
bus 0.0027 9 33 133 156
bus 0.0022 324 95 374 123
train 0.0174 319 89 351 123
train 0.0020 451 89 499 207
train 0.0020 160 91 203 112
train 0.0013 404 94 443 117
boat 0.0012 450 51 499 196
boat 0.0012 247 87 281 110
bird 0.0064 489 53 499 65
horse 0.9298 26 57 450 334
horse 0.0203 451 89 499 207
horse 0.0165 477 83 498 146
horse 0.0024 189 69 265 127
horse 0.0021 29 58 226 320
horse 0.0016 142 54 344 224
horse 0.0012 0 101 10 134
cow 0.0074 451 92 499 205
bottle 0.0060 193 73 226 119
bottle 0.0011 223 75 248 124
chair 0.0029 0 101 14 138
chair 0.0026 348 102 364 122
chair 0.0021 478 82 497 146
chair 0.0013 339 103 357 123
