person 0.9096 88 81 193 305
person 0.0039 381 167 415 227
person 0.0038 64 121 76 165
person 0.0018 403 179 422 229
person 0.0011 64 110 83 168
person 0.0010 428 140 499 198
person 0.0010 90 145 123 206
bicycle 0.0436 380 167 423 231
bicycle 0.0064 380 167 394 225
bicycle 0.0064 412 196 499 368
bicycle 0.0051 230 162 274 235
bicycle 0.0038 380 167 393 194
bicycle 0.0024 230 168 268 209
bicycle 0.0011 380 168 414 202
car 0.0794 429 139 499 206
car 0.0152 410 147 499 367
car 0.0133 380 167 423 229
car 0.0020 421 185 444 217
car 0.0019 416 102 498 155
car 0.0018 404 178 422 229
car 0.0017 420 156 450 220
motorbike 0.9504 125 147 409 374
motorbike 0.7017 410 163 499 368
motorbike 0.0032 426 140 499 206
motorbike 0.0022 230 162 274 235
motorbike 0.0014 223 148 390 295
train 0.0012 126 -1 500 238
bottle 0.0141 64 121 76 165
bottle 0.0116 166 143 179 176
bottle 0.0016 64 111 84 168
bottle 0.0011 64 118 76 144
chair 0.5505 86 169 121 252
chair 0.4475 92 201 121 251
chair 0.0255 380 167 423 229
chair 0.0149 404 179 422 230
chair 0.0129 85 169 111 207
chair 0.0033 34 88 89 245
chair 0.0032 2 68 74 232
chair 0.0027 93 183 112 204
chair 0.0026 84 182 105 244
chair 0.0025 380 167 394 225
chair 0.0023 421 184 444 219
chair 0.0019 380 167 393 194
chair 0.0019 231 172 278 232
chair 0.0019 230 168 268 206
chair 0.0017 88 153 124 207
chair 0.0013 79 168 92 246
chair 0.0013 100 191 113 205
chair 0.0010 84 167 97 193
pottedplant 0.0012 381 167 415 227
diningtable 0.0010 381 168 422 232
tvmonitor 0.0122 60 106 86 166
tvmonitor 0.0094 64 119 77 164
tvmonitor 0.0015 35 91 95 242
tvmonitor 0.0010 48 98 91 191
