person 0.6085 60 213 70 235
person 0.2365 139 206 148 219
person 0.1997 116 204 127 217
person 0.1527 227 191 237 220
person 0.1401 155 122 170 138
person 0.1234 136 128 149 144
person 0.1171 209 202 218 219
person 0.0922 70 223 80 236
person 0.0874 208 184 237 217
person 0.0762 121 134 131 147
person 0.0634 227 186 260 223
person 0.0493 284 188 317 221
person 0.0379 266 182 288 213
person 0.0332 140 203 159 219
person 0.0313 208 191 218 213
person 0.0258 149 207 160 219
person 0.0213 155 208 165 219
person 0.0187 179 197 191 222
person 0.0171 139 194 163 219
person 0.0140 386 197 398 209
person 0.0137 242 193 264 217
person 0.0132 117 192 143 218
person 0.0127 126 133 136 147
person 0.0122 159 206 167 219
person 0.0120 128 206 140 219
person 0.0116 136 196 147 217
person 0.0108 131 189 144 215
person 0.0092 316 119 326 126
person 0.0089 207 203 221 224
person 0.0087 117 135 128 149
person 0.0065 244 191 282 218
person 0.0052 304 190 333 217
person 0.0046 151 193 164 218
person 0.0034 156 194 167 219
person 0.0034 116 193 133 213
person 0.0032 115 191 125 206
person 0.0027 65 214 82 235
person 0.0025 43 210 55 230
person 0.0025 231 108 243 121
person 0.0025 180 189 210 222
person 0.0024 202 207 216 221
person 0.0024 29 207 38 228
person 0.0022 176 116 193 132
person 0.0021 246 199 260 216
person 0.0020 209 199 235 223
person 0.0019 39 206 52 229
person 0.0015 315 110 326 126
person 0.0015 41 215 51 230
person 0.0014 202 189 244 242
person 0.0014 231 104 249 121
person 0.0013 160 201 170 217
person 0.0012 258 183 298 220
person 0.0012 201 199 217 219
person 0.0012 175 198 185 221
person 0.0011 120 127 142 149
person 0.0011 22 211 31 228
person 0.0010 149 125 163 141
bicycle 0.1615 70 223 80 236
bicycle 0.0430 60 213 70 235
bicycle 0.0015 65 214 82 235
bicycle 0.0011 385 197 398 209
car 0.0182 87 201 98 208
car 0.0016 76 201 97 211
car 0.0013 70 223 81 236
motorbike 0.1553 69 222 80 236
motorbike 0.0093 60 214 71 235
bus 0.9614 97 65 358 298
dog 0.0016 71 223 80 236
chair 0.0063 158 122 170 139
chair 0.0061 176 116 193 132
chair 0.0023 178 122 189 133
chair 0.0016 137 129 148 143
chair 0.0014 139 206 147 219
chair 0.0013 70 223 80 236
chair 0.0013 116 194 139 218
pottedplant 0.0024 70 223 80 236
