person 0.0029 463 190 499 252
person 0.0021 99 105 384 161
cat 0.8117 244 125 470 209
cat 0.7175 14 105 239 157
cat 0.0213 101 106 372 157
cat 0.0203 350 147 464 206
cat 0.0191 463 188 499 251
cat 0.0085 204 122 229 134
cat 0.0073 155 106 231 153
dog 0.1324 25 106 234 158
dog 0.0157 239 124 470 209
dog 0.0048 101 106 372 157
dog 0.0035 463 188 499 251
dog 0.0017 353 146 462 205
dog 0.0011 155 106 231 153
chair 0.0310 9 16 502 254
chair 0.0023 2 43 98 198
sofa 0.9193 1 15 504 256
sofa 0.0043 29 9 426 164
sofa 0.0010 344 47 499 253
