bicycle 0.0088 0 232 56 254
bottle 0.0236 229 132 239 143
bottle 0.0234 208 188 216 196
bottle 0.0185 227 190 236 199
bottle 0.0170 228 131 239 161
bottle 0.0142 187 186 196 194
bottle 0.0132 386 141 394 167
bottle 0.0126 247 193 257 202
bottle 0.0108 229 131 238 138
bottle 0.0086 207 132 216 141
bottle 0.0062 249 131 259 138
bottle 0.0037 109 214 121 254
bottle 0.0032 444 166 452 177
bottle 0.0030 188 132 196 139
bottle 0.0025 106 214 115 251
bottle 0.0019 206 132 218 173
bottle 0.0019 211 187 220 197
bottle 0.0017 215 189 228 198
bottle 0.0016 248 130 260 146
bottle 0.0015 188 132 198 145
bottle 0.0014 432 165 442 178
bottle 0.0010 231 192 238 199
bottle 0.0010 430 148 445 178
chair 0.2503 1 232 54 254
chair 0.0126 112 318 179 374
chair 0.0121 126 313 442 370
chair 0.0055 126 312 262 372
chair 0.0025 51 165 80 188
sofa 0.0035 133 312 465 370
pottedplant 0.0049 247 193 257 201
pottedplant 0.0040 227 190 236 199
pottedplant 0.0038 208 188 216 196
pottedplant 0.0032 187 186 196 194
diningtable 0.2068 139 311 482 371
diningtable 0.0010 384 350 467 373
tvmonitor 0.9175 161 224 263 322
