person 0.2791 408 0 499 80
person 0.0037 48 182 216 336
person 0.0021 0 0 103 127
person 0.0018 407 24 455 74
person 0.0018 328 -2 491 80
person 0.0011 36 0 107 40
bicycle 0.0072 0 0 103 127
car 0.0063 35 0 107 39
cat 0.8716 15 0 312 235
dog 0.0021 409 0 498 83
dog 0.0013 14 0 311 233
cow 0.0012 78 194 494 381
bottle 0.8872 407 64 464 192
bottle 0.5526 335 3 357 58
bottle 0.2206 301 66 353 142
bottle 0.2125 315 17 334 52
bottle 0.1363 355 18 371 51
bottle 0.0934 302 5 318 47
bottle 0.0564 393 29 412 62
bottle 0.0497 393 30 407 51
bottle 0.0454 280 1 304 41
bottle 0.0420 354 31 414 79
bottle 0.0368 291 101 309 141
bottle 0.0357 368 32 384 49
bottle 0.0175 288 95 310 180
bottle 0.0170 282 2 315 69
bottle 0.0159 478 222 499 268
bottle 0.0133 385 29 416 82
bottle 0.0117 357 171 382 199
bottle 0.0091 294 14 317 72
bottle 0.0083 326 16 338 50
bottle 0.0068 396 42 413 65
bottle 0.0050 482 44 499 104
bottle 0.0046 328 112 402 195
bottle 0.0040 349 6 373 54
bottle 0.0040 279 0 301 23
bottle 0.0032 306 16 317 46
bottle 0.0025 326 169 345 186
bottle 0.0023 449 74 483 102
bottle 0.0023 299 99 320 133
bottle 0.0023 396 47 414 77
bottle 0.0022 366 69 402 185
bottle 0.0021 36 0 108 40
bottle 0.0019 384 31 394 49
bottle 0.0017 373 29 392 49
bottle 0.0014 370 135 387 159
bottle 0.0013 363 43 387 127
bottle 0.0013 369 48 412 78
bottle 0.0012 332 2 388 41
bottle 0.0012 289 12 305 41
bottle 0.0012 303 0 318 27
bottle 0.0011 325 167 363 186
bottle 0.0010 370 93 390 154
chair 0.0390 0 132 174 382
chair 0.0306 0 284 128 381
chair 0.0276 1 -4 103 125
chair 0.0043 409 -1 499 83
chair 0.0038 0 0 54 94
chair 0.0028 0 289 67 382
chair 0.0022 48 182 217 337
chair 0.0021 349 4 445 63
chair 0.0019 36 0 107 39
chair 0.0013 0 125 58 305
chair 0.0012 0 -4 96 326
chair 0.0010 343 3 397 53
