person 0.7884 234 2 272 35
person 0.7749 328 0 364 57
person 0.6983 276 1 311 39
person 0.6699 370 0 399 54
person 0.6675 410 0 441 53
person 0.6140 350 0 375 53
person 0.5952 97 27 119 71
person 0.4232 391 7 415 50
person 0.3759 147 0 189 59
person 0.3405 429 1 446 46
person 0.0662 233 4 274 80
person 0.0559 372 0 394 32
person 0.0532 147 13 166 66
person 0.0367 96 27 118 50
person 0.0272 175 64 220 99
person 0.0266 193 65 217 95
person 0.0264 346 2 354 15
person 0.0258 165 13 190 51
person 0.0234 391 7 404 25
person 0.0232 154 69 202 104
person 0.0225 366 3 379 27
person 0.0197 275 3 290 31
person 0.0187 401 10 415 39
person 0.0170 49 43 73 74
person 0.0159 296 6 310 28
person 0.0122 391 4 405 35
person 0.0105 192 60 238 96
person 0.0091 106 28 118 46
person 0.0087 266 1 287 30
person 0.0076 276 0 315 81
person 0.0076 244 54 279 84
person 0.0072 431 1 444 24
person 0.0071 399 20 414 49
person 0.0065 179 15 191 38
person 0.0063 286 50 303 79
person 0.0063 216 1 234 38
person 0.0063 275 12 285 30
person 0.0060 379 0 393 20
person 0.0058 355 1 369 18
person 0.0052 165 38 180 54
person 0.0051 219 59 245 85
person 0.0050 186 0 226 45
person 0.0050 445 -1 460 47
person 0.0037 180 0 193 35
person 0.0036 92 33 105 47
person 0.0031 175 71 200 99
person 0.0029 292 67 308 80
person 0.0028 147 21 162 47
person 0.0027 365 0 379 17
person 0.0026 392 2 407 20
person 0.0026 367 9 381 40
person 0.0026 408 8 421 49
person 0.0025 273 0 288 20
person 0.0024 152 75 185 106
person 0.0024 215 32 228 42
person 0.0021 411 2 422 25
person 0.0021 289 59 306 80
person 0.0020 148 38 159 65
person 0.0020 143 63 224 116
person 0.0020 68 45 84 65
person 0.0019 177 29 189 49
person 0.0018 313 14 330 27
person 0.0015 283 28 306 79
person 0.0014 43 42 73 98
person 0.0014 158 38 180 60
person 0.0012 89 31 105 67
person 0.0012 155 1 168 24
person 0.0012 397 0 417 21
person 0.0012 240 60 267 85
person 0.0011 382 0 396 14
person 0.0011 403 9 414 25
person 0.0011 137 13 156 81
person 0.0010 37 39 54 63
person 0.0010 300 13 311 31
person 0.0010 274 10 328 59
bicycle 0.0601 308 21 333 57
bicycle 0.0109 314 14 329 23
bicycle 0.0056 305 27 318 52
bicycle 0.0054 312 16 330 39
bicycle 0.0014 150 42 169 65
car 0.9317 106 32 366 230
car 0.0115 314 14 329 23
car 0.0028 312 16 330 39
car 0.0016 134 65 218 122
car 0.0010 310 17 333 56
motorbike 0.0109 309 16 332 55
motorbike 0.0027 314 14 329 23
motorbike 0.0025 305 27 318 52
motorbike 0.0021 312 16 330 39
motorbike 0.0014 308 28 326 57
bus 0.0012 109 32 366 235
bottle 0.0011 293 68 308 80
chair 0.1683 334 30 357 57
chair 0.1299 309 18 333 56
chair 0.0711 329 12 364 57
chair 0.0691 322 18 350 56
chair 0.0486 330 30 345 58
chair 0.0425 372 31 400 55
chair 0.0130 352 31 365 56
chair 0.0115 400 23 416 52
chair 0.0104 312 16 330 39
chair 0.0077 313 14 330 27
chair 0.0070 411 28 423 53
chair 0.0064 413 27 430 53
chair 0.0048 304 25 316 48
chair 0.0044 284 11 311 41
chair 0.0042 350 11 371 54
chair 0.0039 410 12 442 53
chair 0.0034 330 20 403 59
chair 0.0033 429 23 446 47
chair 0.0027 392 6 416 52
chair 0.0027 371 12 395 53
chair 0.0026 358 22 378 55
chair 0.0022 286 28 308 43
chair 0.0022 390 16 404 50
chair 0.0019 364 31 377 56
chair 0.0018 308 28 326 57
chair 0.0013 150 42 169 65
chair 0.0013 431 31 448 51
chair 0.0011 149 42 159 66
pottedplant 0.0017 180 0 193 35
diningtable 0.0055 310 17 333 56
diningtable 0.0033 335 30 364 56
diningtable 0.0019 372 31 400 55
diningtable 0.0017 321 15 407 55
diningtable 0.0016 313 15 331 39
diningtable 0.0013 322 18 350 56
diningtable 0.0012 313 14 330 27
