person 0.0097 192 126 270 181
person 0.0069 467 107 476 127
person 0.0018 59 80 78 99
person 0.0014 192 4 207 25
person 0.0012 229 104 305 257
person 0.0011 469 100 499 194
person 0.0010 57 79 70 99
car 0.0031 2 109 313 330
bird 0.0094 387 183 408 197
bird 0.0046 56 79 70 99
bird 0.0010 61 80 78 99
cat 0.1915 177 126 259 188
cat 0.0545 387 183 408 197
cat 0.0158 86 260 142 316
cat 0.0080 226 238 338 375
cat 0.0028 232 127 275 168
cat 0.0017 57 79 70 99
cat 0.0014 387 177 409 204
cat 0.0012 298 233 338 322
dog 0.8833 224 241 337 374
dog 0.7891 178 126 261 188
dog 0.0335 387 183 408 197
dog 0.0328 230 126 274 167
dog 0.0179 86 259 143 316
dog 0.0053 10 115 241 338
dog 0.0029 204 110 303 256
dog 0.0024 305 233 331 257
dog 0.0019 250 128 275 162
dog 0.0012 223 126 254 156
sheep 0.0286 11 116 239 336
bottle 0.0111 467 106 475 128
bottle 0.0039 387 183 408 197
bottle 0.0024 77 67 90 99
bottle 0.0023 378 78 394 126
bottle 0.0013 73 57 82 98
chair 0.8941 392 91 498 308
chair 0.8798 288 110 358 252
chair 0.8127 10 117 240 335
chair 0.4879 473 100 499 138
chair 0.3806 29 97 129 206
chair 0.3040 470 101 499 193
chair 0.2312 136 110 302 283
chair 0.1164 10 102 132 310
chair 0.0843 214 140 303 290
chair 0.0716 415 90 499 205
chair 0.0692 93 125 220 193
chair 0.0366 467 107 476 127
chair 0.0300 243 109 304 256
chair 0.0258 92 163 136 194
chair 0.0220 355 123 424 243
chair 0.0158 374 145 420 233
chair 0.0111 387 177 409 204
chair 0.0096 401 86 457 114
chair 0.0092 11 197 98 308
chair 0.0090 176 109 294 171
chair 0.0090 0 210 22 258
chair 0.0046 476 146 499 193
chair 0.0040 208 124 274 169
chair 0.0037 449 103 498 224
chair 0.0036 389 71 424 123
chair 0.0032 398 86 462 197
chair 0.0029 386 146 417 198
chair 0.0029 400 86 456 100
chair 0.0028 472 130 498 147
chair 0.0027 471 129 499 165
chair 0.0021 177 112 205 133
chair 0.0021 39 50 80 99
chair 0.0018 286 177 300 245
chair 0.0016 213 196 287 296
chair 0.0016 449 207 499 313
chair 0.0015 354 125 386 239
chair 0.0015 19 110 320 228
chair 0.0015 386 179 420 230
chair 0.0015 297 206 346 235
chair 0.0013 397 205 497 310
chair 0.0013 472 111 499 292
chair 0.0012 456 102 469 124
chair 0.0012 291 190 354 253
chair 0.0011 367 74 421 212
chair 0.0011 177 111 260 146
chair 0.0010 395 206 459 287
chair 0.0010 289 110 347 185
sofa 0.2207 0 109 305 336
sofa 0.0980 126 109 302 293
sofa 0.0092 178 110 301 163
sofa 0.0041 3 341 391 373
sofa 0.0038 19 110 320 228
sofa 0.0033 120 124 222 185
sofa 0.0027 16 103 150 315
sofa 0.0016 212 111 310 286
sofa 0.0015 177 111 257 136
pottedplant 0.3462 72 18 133 100
pottedplant 0.2289 321 9 450 131
pottedplant 0.0289 1 47 44 167
pottedplant 0.0260 1 3 74 162
pottedplant 0.0178 318 6 463 246
pottedplant 0.0031 6 73 37 104
pottedplant 0.0021 187 3 479 254
pottedplant 0.0019 56 81 69 102
pottedplant 0.0018 39 50 80 99
pottedplant 0.0018 0 145 8 165
pottedplant 0.0017 0 36 46 268
pottedplant 0.0013 74 28 122 78
pottedplant 0.0013 3 55 46 106
diningtable 0.0850 465 118 500 200
diningtable 0.0815 384 106 499 226
diningtable 0.0335 449 114 498 240
diningtable 0.0309 7 113 239 339
diningtable 0.0297 471 128 499 165
diningtable 0.0163 355 116 450 242
diningtable 0.0135 427 93 498 304
diningtable 0.0085 472 125 498 147
diningtable 0.0062 20 322 383 369
diningtable 0.0061 473 100 499 136
diningtable 0.0058 208 108 306 290
diningtable 0.0050 333 50 457 244
diningtable 0.0035 476 146 499 193
diningtable 0.0029 0 210 22 259
diningtable 0.0019 93 106 303 311
diningtable 0.0016 174 66 480 255
diningtable 0.0012 449 107 499 175
diningtable 0.0012 385 59 499 143
diningtable 0.0011 92 163 135 193
diningtable 0.0010 15 192 189 320
diningtable 0.0010 202 318 384 371
