person 0.8271 38 86 322 370
person 0.8191 306 186 428 340
person 0.7685 193 95 285 198
person 0.7637 116 76 284 320
person 0.7269 275 74 350 202
person 0.6575 196 134 296 267
person 0.2175 300 125 387 274
person 0.0626 159 117 333 340
person 0.0426 196 137 274 216
person 0.0215 319 187 401 264
person 0.0068 85 115 480 345
person 0.0027 226 167 272 206
person 0.0019 292 76 338 124
person 0.0013 241 20 250 35
person 0.0011 244 135 281 192
person 0.0010 245 133 267 152
person 0.0010 120 90 221 207
cat 0.0124 220 167 272 208
cat 0.0047 220 176 251 208
cat 0.0021 221 177 237 204
cat 0.0017 245 118 258 132
dog 0.0085 220 167 272 208
dog 0.0031 296 204 412 337
dog 0.0015 360 222 399 255
dog 0.0012 220 176 251 208
dog 0.0011 245 118 258 132
bottle 0.0028 247 118 258 131
bottle 0.0020 493 278 499 309
bottle 0.0017 223 177 237 200
bottle 0.0012 492 202 499 249
chair 0.8784 377 71 495 283
chair 0.8348 0 115 174 361
chair 0.0205 379 135 426 238
chair 0.0198 169 116 209 142
chair 0.0157 244 133 267 152
chair 0.0148 1 148 35 309
chair 0.0135 116 97 310 331
chair 0.0127 193 154 211 187
chair 0.0090 165 108 286 153
chair 0.0081 3 92 385 371
chair 0.0069 184 138 209 159
chair 0.0069 186 137 212 190
chair 0.0063 491 106 499 142
chair 0.0052 100 103 235 144
chair 0.0051 380 137 415 183
chair 0.0038 167 122 210 161
chair 0.0035 4 122 75 293
chair 0.0035 194 112 205 119
chair 0.0034 194 136 298 243
chair 0.0029 360 144 386 183
chair 0.0028 200 140 271 211
chair 0.0028 253 130 283 160
chair 0.0024 297 126 428 338
chair 0.0019 179 101 320 207
chair 0.0019 40 102 216 152
chair 0.0018 9 100 249 217
chair 0.0018 192 113 207 138
chair 0.0018 103 106 140 134
chair 0.0018 238 131 300 279
chair 0.0017 293 105 300 119
chair 0.0016 174 113 217 185
chair 0.0016 203 95 248 128
chair 0.0016 143 128 456 346
chair 0.0014 204 96 225 113
chair 0.0014 252 121 289 193
chair 0.0014 358 145 369 176
chair 0.0013 243 143 285 201
chair 0.0012 243 119 266 150
chair 0.0012 196 120 261 189
chair 0.0011 115 91 210 157
chair 0.0011 245 134 273 163
chair 0.0011 305 128 388 204
sofa 0.3927 9 109 353 370
sofa 0.1561 2 117 177 364
sofa 0.0341 89 106 214 142
sofa 0.0215 116 97 310 331
sofa 0.0208 91 104 265 242
sofa 0.0150 7 94 228 155
sofa 0.0109 101 107 284 154
sofa 0.0102 143 128 456 346
sofa 0.0064 173 135 313 282
sofa 0.0044 101 106 140 139
sofa 0.0037 168 116 212 162
sofa 0.0035 179 101 320 207
sofa 0.0029 82 105 138 154
sofa 0.0026 52 101 137 143
sofa 0.0025 194 153 212 186
sofa 0.0023 184 138 208 159
sofa 0.0019 2 96 134 170
sofa 0.0019 219 136 300 247
sofa 0.0019 243 121 288 197
sofa 0.0018 186 137 212 190
sofa 0.0017 1 90 155 246
sofa 0.0015 183 108 314 150
sofa 0.0012 292 128 415 337
sofa 0.0010 249 125 286 166
pottedplant 0.0010 358 1 407 105
diningtable 0.0040 246 125 287 147
diningtable 0.0037 244 121 283 134
diningtable 0.0026 89 106 214 142
diningtable 0.0019 251 130 283 156
diningtable 0.0016 248 129 283 140
diningtable 0.0014 0 290 199 370
diningtable 0.0012 29 82 297 364
tvmonitor 0.8415 361 74 410 118
tvmonitor 0.0149 407 0 499 64
tvmonitor 0.0025 407 0 452 61
tvmonitor 0.0014 408 0 429 54
tvmonitor 0.0012 404 0 498 134
tvmonitor 0.0012 491 106 499 142
