person 0.8901 100 11 399 377
person 0.8004 383 160 402 178
person 0.7565 349 152 379 181
person 0.6862 328 157 347 190
person 0.2235 306 163 320 186
person 0.0720 373 165 382 179
person 0.0716 307 173 322 191
person 0.0582 308 157 326 183
person 0.0411 349 152 361 169
person 0.0397 466 162 498 236
person 0.0346 375 163 389 179
person 0.0257 485 158 499 180
person 0.0170 314 176 325 192
person 0.0165 449 174 476 238
person 0.0161 316 155 329 178
person 0.0153 458 151 480 182
person 0.0136 381 166 402 187
person 0.0122 472 168 499 309
person 0.0103 489 151 499 174
person 0.0103 331 293 464 372
person 0.0099 322 163 334 190
person 0.0098 359 145 379 174
person 0.0090 297 175 306 192
person 0.0088 330 156 345 175
person 0.0070 466 185 486 236
person 0.0050 366 162 380 180
person 0.0049 299 157 315 190
person 0.0035 348 155 387 202
person 0.0035 433 154 443 175
person 0.0031 286 175 305 192
person 0.0023 435 149 456 176
person 0.0023 483 163 499 196
person 0.0022 445 149 456 175
person 0.0022 55 171 64 187
person 0.0017 419 157 431 175
person 0.0016 317 145 327 161
person 0.0015 473 139 499 223
person 0.0013 447 144 464 171
person 0.0012 360 143 369 159
person 0.0012 452 156 468 175
person 0.0011 397 176 412 202
person 0.0011 348 178 404 208
person 0.0010 89 163 455 357
person 0.0010 449 184 473 216
person 0.0010 467 145 482 173
person 0.0010 419 156 440 176
bicycle 0.0011 111 0 166 39
car 0.0020 485 163 499 180
bird 0.0026 8 108 36 122
bottle 0.0589 336 194 346 214
bottle 0.0432 315 180 325 193
bottle 0.0239 358 183 366 208
bottle 0.0219 298 174 306 192
bottle 0.0147 350 198 362 213
bottle 0.0092 311 178 323 192
bottle 0.0092 306 184 313 193
bottle 0.0089 320 180 330 192
bottle 0.0070 343 183 357 211
bottle 0.0039 53 174 64 190
bottle 0.0035 306 169 323 191
bottle 0.0033 348 202 360 215
bottle 0.0020 141 176 157 204
bottle 0.0020 360 196 367 210
bottle 0.0019 384 161 400 178
bottle 0.0019 337 250 393 345
bottle 0.0017 368 199 379 208
bottle 0.0015 41 130 49 139
bottle 0.0012 330 182 341 193
bottle 0.0012 72 182 89 199
bottle 0.0011 126 179 142 198
bottle 0.0011 332 187 343 212
bottle 0.0010 14 183 28 194
chair 0.8739 411 196 500 320
chair 0.8615 0 201 42 271
chair 0.6169 52 198 111 261
chair 0.5470 411 182 446 253
chair 0.5123 446 179 473 241
chair 0.4782 31 194 57 260
chair 0.4621 353 181 403 209
chair 0.4044 342 181 359 205
chair 0.2740 110 193 142 235
chair 0.2614 297 191 337 215
chair 0.1951 26 184 44 193
chair 0.1589 17 194 42 203
chair 0.1501 61 203 101 244
chair 0.1092 16 337 106 374
chair 0.1009 399 184 417 209
chair 0.1007 404 177 424 209
chair 0.0977 50 192 71 236
chair 0.0871 24 183 58 194
chair 0.0834 403 178 442 218
chair 0.0774 378 182 403 207
chair 0.0725 352 182 366 208
chair 0.0631 453 176 475 201
chair 0.0606 459 175 475 193
chair 0.0558 0 252 107 372
chair 0.0510 0 194 17 205
chair 0.0493 466 193 486 236
chair 0.0477 331 182 342 198
chair 0.0461 306 166 319 188
chair 0.0456 84 191 117 235
chair 0.0437 336 183 350 212
chair 0.0370 398 178 409 204
chair 0.0350 413 262 482 310
chair 0.0342 386 239 422 299
chair 0.0340 334 193 343 211
chair 0.0327 449 178 460 198
chair 0.0327 48 191 64 258
chair 0.0321 307 173 322 191
chair 0.0308 450 176 468 196
chair 0.0304 423 183 440 215
chair 0.0304 306 182 314 193
chair 0.0299 311 178 323 192
chair 0.0267 297 175 306 192
chair 0.0263 482 166 499 218
chair 0.0250 482 164 499 191
chair 0.0243 330 182 340 192
chair 0.0243 41 184 58 194
chair 0.0242 0 188 18 201
chair 0.0241 358 192 368 209
chair 0.0241 98 337 112 372
chair 0.0216 66 198 468 372
chair 0.0211 395 179 425 250
chair 0.0207 88 190 113 201
chair 0.0204 447 178 461 214
chair 0.0188 112 207 135 235
chair 0.0178 477 165 499 246
chair 0.0159 336 213 388 254
chair 0.0159 163 168 195 198
chair 0.0156 335 205 425 296
chair 0.0156 315 182 324 193
chair 0.0153 348 202 360 215
chair 0.0150 72 182 89 199
chair 0.0143 439 181 453 244
chair 0.0142 367 194 385 207
chair 0.0138 116 195 143 214
chair 0.0128 101 190 116 236
chair 0.0128 75 241 110 257
chair 0.0121 54 190 79 224
chair 0.0107 485 164 499 180
chair 0.0105 85 191 114 210
chair 0.0102 320 179 329 192
chair 0.0098 286 175 305 192
chair 0.0097 126 179 142 198
chair 0.0096 284 184 299 193
chair 0.0093 2 182 26 196
chair 0.0090 58 184 72 200
chair 0.0089 329 171 344 192
chair 0.0089 14 183 28 194
chair 0.0083 59 195 111 219
chair 0.0080 398 194 418 217
chair 0.0080 54 189 71 207
chair 0.0078 4 187 31 200
chair 0.0077 56 179 67 193
chair 0.0075 375 210 424 290
chair 0.0075 58 198 72 243
chair 0.0074 373 208 415 248
chair 0.0072 277 192 362 291
chair 0.0072 386 179 405 193
chair 0.0072 0 197 24 207
chair 0.0071 91 242 109 254
chair 0.0071 348 177 380 205
chair 0.0070 416 255 475 270
chair 0.0069 439 177 458 213
chair 0.0067 339 203 421 241
chair 0.0065 436 181 449 232
chair 0.0063 284 186 310 196
chair 0.0062 337 194 346 214
chair 0.0062 63 198 90 209
chair 0.0061 426 241 479 262
chair 0.0058 407 176 422 186
chair 0.0055 434 175 459 199
sofa 0.0097 39 217 479 372
sofa 0.0021 465 168 499 320
sofa 0.0018 432 179 498 320
sofa 0.0010 356 183 402 208
pottedplant 0.7552 52 135 101 199
pottedplant 0.5736 95 77 170 199
pottedplant 0.3372 23 152 53 186
pottedplant 0.1800 143 152 177 205
pottedplant 0.1218 91 155 117 194
pottedplant 0.1000 0 166 23 190
pottedplant 0.0722 419 156 439 176
pottedplant 0.0700 104 77 154 137
pottedplant 0.0635 305 159 321 187
pottedplant 0.0581 94 135 163 200
pottedplant 0.0432 93 143 131 197
pottedplant 0.0397 88 173 101 191
pottedplant 0.0380 97 172 115 192
pottedplant 0.0313 316 155 329 178
pottedplant 0.0292 41 164 60 190
pottedplant 0.0253 139 154 165 196
pottedplant 0.0242 67 170 90 199
pottedplant 0.0214 1 177 27 195
pottedplant 0.0162 51 167 65 191
pottedplant 0.0124 27 173 57 192
pottedplant 0.0124 140 176 155 196
pottedplant 0.0117 45 156 66 190
pottedplant 0.0111 435 149 456 176
pottedplant 0.0107 55 177 66 191
pottedplant 0.0095 433 152 446 175
pottedplant 0.0093 86 161 100 194
pottedplant 0.0085 117 150 151 197
pottedplant 0.0084 41 182 59 194
pottedplant 0.0076 26 184 46 193
pottedplant 0.0063 445 149 456 175
pottedplant 0.0060 25 172 38 186
pottedplant 0.0058 427 144 464 177
pottedplant 0.0056 24 168 33 182
pottedplant 0.0056 125 80 155 121
pottedplant 0.0056 310 151 326 187
pottedplant 0.0055 142 174 171 207
pottedplant 0.0046 80 0 287 210
pottedplant 0.0045 458 151 480 182
pottedplant 0.0045 126 179 140 195
pottedplant 0.0044 0 181 18 196
pottedplant 0.0043 14 183 28 194
pottedplant 0.0042 418 160 428 176
pottedplant 0.0041 0 188 18 201
pottedplant 0.0038 163 168 195 198
pottedplant 0.0037 146 144 197 201
pottedplant 0.0036 104 113 136 139
pottedplant 0.0035 16 111 36 127
pottedplant 0.0033 447 144 464 171
pottedplant 0.0032 307 173 322 191
pottedplant 0.0029 129 77 187 200
pottedplant 0.0028 41 128 50 139
pottedplant 0.0027 72 182 89 199
pottedplant 0.0027 416 174 454 219
pottedplant 0.0026 89 185 106 195
pottedplant 0.0026 421 175 439 184
pottedplant 0.0022 23 177 38 192
pottedplant 0.0022 4 187 31 200
pottedplant 0.0022 418 141 443 176
pottedplant 0.0021 452 156 468 175
pottedplant 0.0019 299 157 315 190
pottedplant 0.0019 41 130 55 140
pottedplant 0.0017 93 155 111 184
pottedplant 0.0017 40 122 56 140
pottedplant 0.0017 5 106 38 126
pottedplant 0.0015 83 144 101 191
pottedplant 0.0015 55 171 64 187
pottedplant 0.0013 5 106 60 141
pottedplant 0.0013 447 157 459 176
pottedplant 0.0013 0 3 276 134
pottedplant 0.0012 59 180 70 196
pottedplant 0.0011 103 177 116 193
pottedplant 0.0010 25 184 61 197
pottedplant 0.0010 315 180 325 193
pottedplant 0.0010 150 152 170 177
diningtable 0.7497 0 248 106 370
diningtable 0.6235 335 206 424 296
diningtable 0.2204 282 189 339 215
diningtable 0.2014 350 181 403 208
diningtable 0.1744 335 203 421 250
diningtable 0.1670 0 196 62 259
diningtable 0.1434 335 211 389 254
diningtable 0.1260 426 317 499 374
diningtable 0.1189 337 204 414 219
diningtable 0.1007 466 186 486 236
diningtable 0.0901 0 192 111 255
diningtable 0.0898 61 192 115 240
diningtable 0.0740 465 165 497 236
diningtable 0.0728 373 208 419 248
diningtable 0.0714 0 193 53 209
diningtable 0.0649 7 229 472 371
diningtable 0.0587 403 178 442 218
diningtable 0.0576 84 191 117 235
diningtable 0.0573 279 191 405 252
diningtable 0.0495 60 193 112 214
diningtable 0.0425 0 196 18 206
diningtable 0.0387 397 178 457 244
diningtable 0.0375 88 190 113 201
diningtable 0.0308 415 256 475 270
diningtable 0.0298 484 164 499 180
diningtable 0.0285 416 174 454 219
diningtable 0.0263 400 190 417 212
diningtable 0.0251 16 193 43 203
diningtable 0.0234 88 190 114 216
diningtable 0.0233 64 198 94 209
diningtable 0.0231 332 305 498 373
diningtable 0.0198 413 261 484 310
diningtable 0.0185 465 168 499 320
diningtable 0.0179 352 204 402 214
diningtable 0.0178 61 199 91 217
diningtable 0.0161 406 178 428 207
diningtable 0.0155 376 206 425 290
diningtable 0.0148 343 180 364 206
diningtable 0.0147 0 193 17 202
diningtable 0.0144 478 163 499 198
diningtable 0.0124 48 191 68 236
diningtable 0.0111 481 169 499 219
diningtable 0.0108 111 193 144 235
diningtable 0.0102 61 201 91 244
diningtable 0.0100 420 177 451 248
diningtable 0.0096 447 178 474 241
diningtable 0.0085 411 228 498 316
diningtable 0.0084 353 180 405 191
diningtable 0.0074 460 174 479 198
diningtable 0.0073 470 187 483 202
diningtable 0.0073 307 173 322 191
diningtable 0.0072 305 185 317 195
diningtable 0.0071 423 183 440 215
diningtable 0.0070 336 183 350 212
diningtable 0.0063 284 186 310 196
diningtable 0.0059 4 187 31 200
diningtable 0.0058 422 174 458 199
diningtable 0.0056 189 134 426 255
diningtable 0.0052 468 186 484 214
diningtable 0.0052 277 192 362 291
diningtable 0.0051 419 175 440 196
diningtable 0.0047 23 186 43 195
diningtable 0.0047 116 195 143 214
diningtable 0.0047 279 188 349 235
diningtable 0.0043 418 340 491 372
diningtable 0.0042 449 178 462 197
diningtable 0.0041 24 183 58 194
diningtable 0.0041 421 174 440 184
diningtable 0.0040 31 194 57 260
diningtable 0.0037 380 195 420 222
diningtable 0.0036 419 174 455 186
diningtable 0.0035 406 203 418 217
diningtable 0.0035 0 198 43 213
diningtable 0.0033 449 184 473 216
diningtable 0.0032 373 177 448 259
diningtable 0.0030 103 94 460 318
diningtable 0.0028 31 188 56 200
diningtable 0.0028 2 182 26 196
diningtable 0.0028 286 175 305 192
diningtable 0.0025 311 178 323 192
diningtable 0.0024 315 182 324 193
diningtable 0.0024 417 357 478 374
diningtable 0.0024 397 176 412 202
diningtable 0.0024 358 192 368 209
diningtable 0.0023 331 182 342 198
diningtable 0.0022 431 176 453 216
diningtable 0.0022 435 183 449 245
diningtable 0.0022 194 188 435 300
diningtable 0.0021 439 177 458 213
diningtable 0.0021 279 166 390 203
diningtable 0.0021 54 190 79 224
diningtable 0.0021 41 184 58 194
diningtable 0.0021 409 148 493 259
diningtable 0.0020 0 201 42 232
diningtable 0.0019 414 188 433 215
diningtable 0.0019 306 166 319 188
diningtable 0.0019 395 179 425 250
diningtable 0.0019 320 179 329 192
diningtable 0.0018 348 177 380 205
diningtable 0.0018 387 180 404 207
tvmonitor 0.0060 485 164 499 180
tvmonitor 0.0029 447 141 472 171
tvmonitor 0.0028 418 139 444 178
tvmonitor 0.0022 482 164 499 191
tvmonitor 0.0016 478 131 499 167
tvmonitor 0.0013 451 110 486 131
tvmonitor 0.0013 459 175 475 193
