person 0.5156 9 154 361 494
person 0.3259 119 152 360 401
person 0.1271 84 204 119 285
person 0.0803 46 240 72 303
person 0.0617 9 199 193 498
person 0.0543 47 239 69 272
person 0.0127 69 213 191 401
person 0.0108 257 224 330 318
person 0.0065 84 237 95 282
person 0.0028 231 184 375 484
person 0.0028 259 224 291 254
person 0.0015 11 300 90 410
person 0.0013 176 155 248 234
person 0.0013 85 232 104 285
bird 0.0027 207 233 330 361
bird 0.0013 85 204 119 284
cat 0.4094 202 228 332 361
cat 0.0021 199 223 294 322
cat 0.0019 85 204 119 284
cat 0.0018 200 223 272 279
dog 0.3988 208 230 332 364
dog 0.0035 258 225 330 319
dog 0.0031 198 228 292 332
bottle 0.2675 112 173 200 316
bottle 0.0113 301 429 332 499
bottle 0.0098 128 215 205 368
bottle 0.0044 167 279 197 306
bottle 0.0039 45 238 72 303
bottle 0.0032 132 232 175 311
bottle 0.0028 139 275 165 310
bottle 0.0015 319 430 343 497
bottle 0.0015 140 277 197 310
bottle 0.0012 161 239 189 280
bottle 0.0010 164 253 199 309
bottle 0.0010 178 341 203 382
chair 0.0438 110 170 372 493
chair 0.0324 263 188 375 382
chair 0.0135 0 453 42 498
chair 0.0122 74 314 359 497
chair 0.0070 0 453 21 498
chair 0.0068 231 184 375 484
chair 0.0063 93 377 293 497
chair 0.0055 98 413 209 496
chair 0.0054 346 301 374 498
chair 0.0046 10 254 264 496
chair 0.0034 242 185 343 319
chair 0.0032 338 191 371 294
chair 0.0029 295 428 343 499
chair 0.0018 127 212 206 371
chair 0.0017 13 183 204 444
chair 0.0015 317 197 374 497
chair 0.0011 343 191 369 215
sofa 0.5590 49 167 370 493
sofa 0.0356 231 182 375 494
sofa 0.0078 74 314 359 497
sofa 0.0073 317 192 370 372
sofa 0.0050 10 254 264 496
sofa 0.0041 266 184 372 383
sofa 0.0031 136 153 346 345
sofa 0.0023 13 183 204 444
sofa 0.0017 338 191 371 293
sofa 0.0014 346 303 374 495
sofa 0.0010 244 184 316 242
sofa 0.0010 242 185 343 319
pottedplant 0.0010 295 426 344 498
diningtable 0.0034 44 295 369 497
tvmonitor 0.0015 109 150 153 202
tvmonitor 0.0011 45 238 72 303
