person 0.9167 -9 8 322 497
person 0.0977 238 398 252 423
person 0.0246 233 395 261 438
person 0.0243 224 390 240 428
person 0.0143 224 391 252 432
bicycle 0.0106 287 332 320 440
bird 0.0038 238 397 252 422
bird 0.0019 224 390 240 428
bird 0.0011 233 397 263 438
cat 0.0010 238 397 252 422
dog 0.0017 238 397 252 422
dog 0.0012 233 395 261 438
bottle 0.7704 180 191 306 484
bottle 0.1524 201 156 250 297
bottle 0.0331 168 107 279 436
bottle 0.0019 238 398 252 424
chair 0.0015 -5 0 318 500
pottedplant 0.0028 293 319 374 493
