person 0.7400 124 65 183 112
person 0.5608 259 67 310 116
person 0.1632 316 66 349 124
person 0.0948 263 62 350 125
person 0.0267 19 167 38 204
person 0.0126 183 62 204 97
person 0.0090 289 69 312 102
person 0.0089 124 67 149 104
person 0.0072 321 65 332 88
person 0.0066 290 64 333 107
person 0.0064 129 67 147 90
person 0.0033 128 72 142 97
person 0.0032 122 81 158 112
person 0.0030 449 123 457 138
person 0.0028 320 94 347 123
person 0.0019 416 128 426 143
person 0.0014 177 65 203 111
person 0.0012 140 61 209 113
car 0.9133 457 144 499 245
car 0.0818 40 28 459 344
car 0.0034 54 203 357 346
car 0.0022 463 147 499 186
car 0.0020 373 121 390 131
car 0.0013 450 125 457 139
car 0.0013 373 119 452 190
car 0.0010 464 166 476 184
motorbike 0.0010 54 203 357 346
bus 0.0036 40 28 459 344
chair 0.0017 40 28 459 344
