person 0.8982 118 195 148 284
person 0.8675 79 188 104 265
person 0.8632 365 179 382 239
person 0.8589 159 186 188 286
person 0.8397 226 191 255 262
person 0.8388 391 201 432 281
person 0.8221 478 187 499 256
person 0.8219 444 182 463 248
person 0.8115 414 168 438 226
person 0.7384 380 185 399 254
person 0.3831 382 195 406 272
person 0.2322 414 172 427 210
person 0.1946 224 197 240 257
person 0.1024 201 161 226 189
person 0.0543 213 161 230 186
person 0.0449 388 216 404 270
person 0.0448 396 194 407 214
person 0.0428 378 196 387 227
person 0.0411 220 160 231 181
person 0.0191 433 184 449 226
person 0.0165 491 195 499 251
person 0.0110 399 192 412 209
person 0.0087 76 149 83 167
person 0.0086 195 156 205 177
person 0.0077 428 181 438 225
person 0.0064 439 182 453 238
person 0.0055 387 189 399 213
person 0.0048 120 182 128 191
person 0.0044 228 226 240 260
person 0.0043 397 199 412 222
person 0.0035 406 185 420 206
person 0.0034 229 204 240 228
person 0.0030 412 202 427 227
person 0.0029 444 190 454 218
person 0.0025 401 204 420 233
person 0.0023 385 186 396 202
person 0.0021 71 148 82 167
person 0.0018 373 179 381 196
person 0.0018 110 177 118 189
person 0.0018 277 192 290 205
person 0.0015 122 196 134 225
person 0.0014 117 174 125 189
person 0.0013 344 217 356 226
person 0.0013 194 162 204 186
person 0.0013 416 169 426 192
person 0.0012 85 170 92 182
person 0.0012 241 150 265 225
person 0.0011 246 159 255 172
person 0.0011 491 199 499 227
person 0.0011 425 167 434 180
person 0.0010 420 168 434 183
person 0.0010 366 202 378 241
person 0.0010 220 177 233 192
person 0.0010 391 210 416 257
bicycle 0.0013 388 216 404 270
car 0.6404 307 184 352 212
car 0.0093 264 174 349 216
car 0.0039 308 184 329 194
car 0.0023 311 185 340 197
car 0.0015 377 196 386 225
car 0.0010 260 172 310 219
aeroplane 0.0030 263 165 352 215
aeroplane 0.0025 307 183 352 212
aeroplane 0.0013 409 71 421 80
aeroplane 0.0011 304 73 473 225
bus 0.9209 44 124 268 242
bus 0.1493 263 173 308 217
bus 0.0841 188 126 267 243
bus 0.0310 262 168 352 217
bus 0.0012 308 184 351 213
boat 0.0026 263 165 352 215
boat 0.0011 396 136 430 200
bird 0.0040 409 71 421 79
bird 0.0010 191 119 201 126
dog 0.0013 344 217 357 226
dog 0.0013 388 213 406 270
chair 0.0052 418 221 435 242
chair 0.0039 420 217 445 243
chair 0.0027 344 217 358 226
chair 0.0023 353 225 365 239
chair 0.0017 427 222 451 243
chair 0.0015 461 216 473 226
chair 0.0012 433 208 448 230
chair 0.0011 422 213 434 227
chair 0.0010 397 135 429 198
