person 0.0093 2 172 488 371
person 0.0043 0 15 142 371
person 0.0029 2 4 290 369
person 0.0016 392 3 498 364
person 0.0015 8 356 38 374
person 0.0012 0 18 93 148
bicycle 0.0017 0 148 164 371
cat 0.8200 25 -8 461 364
cat 0.0021 1 182 321 374
dog 0.0073 16 -1 442 368
cow 0.0025 5 -7 500 376
bottle 0.0020 479 251 499 372
chair 0.0220 -4 -10 504 378
chair 0.0036 0 14 171 374
chair 0.0025 0 17 95 149
chair 0.0021 0 289 91 373
chair 0.0021 3 175 496 371
sofa 0.0185 0 17 96 149
sofa 0.0055 0 14 171 374
sofa 0.0040 1 -7 503 375
sofa 0.0011 0 149 135 369
pottedplant 0.0010 0 148 164 371
diningtable 0.0479 0 18 95 149
diningtable 0.0038 -4 -10 504 378
diningtable 0.0018 0 15 142 371
