person 0.4247 208 179 218 196
person 0.0880 223 183 232 194
person 0.0537 246 182 256 192
person 0.0407 237 183 246 193
person 0.0305 468 183 478 204
person 0.0269 453 184 479 217
person 0.0122 211 180 222 196
person 0.0116 0 193 8 217
person 0.0105 135 196 143 209
person 0.0070 100 217 123 243
person 0.0046 446 199 469 216
person 0.0037 135 194 142 204
person 0.0035 215 182 231 196
person 0.0035 464 219 474 233
person 0.0024 285 197 294 216
person 0.0023 0 194 9 240
person 0.0021 198 185 206 193
person 0.0013 12 194 36 214
person 0.0013 448 211 476 233
person 0.0011 243 183 252 193
person 0.0010 469 182 497 205
bicycle 0.0193 135 195 142 209
bicycle 0.0010 464 219 476 233
car 0.8669 335 189 436 230
car 0.8498 1 192 72 258
car 0.8175 448 191 499 235
car 0.3120 447 199 475 216
car 0.0508 451 190 487 214
car 0.0449 192 174 293 232
car 0.0398 135 194 143 209
car 0.0118 406 190 434 206
car 0.0100 446 201 478 233
car 0.0083 3 192 38 213
car 0.0069 285 197 294 216
car 0.0057 39 191 52 199
car 0.0049 53 208 73 245
car 0.0043 14 192 39 203
car 0.0042 47 190 63 200
car 0.0042 198 185 206 193
car 0.0040 127 196 143 211
car 0.0036 1 183 30 203
car 0.0034 1 198 18 256
car 0.0032 17 193 56 212
car 0.0027 431 362 474 374
car 0.0024 409 187 433 200
car 0.0021 373 190 430 203
car 0.0020 416 192 434 214
car 0.0019 464 219 476 233
car 0.0019 0 194 9 240
car 0.0018 445 204 458 219
car 0.0015 0 187 9 211
car 0.0014 35 194 55 207
car 0.0014 468 181 498 202
car 0.0014 49 205 63 215
car 0.0012 208 179 218 196
car 0.0011 75 186 87 196
car 0.0011 337 200 363 228
car 0.0010 1 184 14 205
car 0.0010 272 194 293 216
motorbike 0.0132 135 195 142 209
motorbike 0.0019 446 199 471 217
bus 0.0166 192 174 293 233
bus 0.0011 335 189 436 230
bottle 0.0015 179 134 190 157
pottedplant 0.0028 154 218 168 248
