person 0.0314 283 287 298 302
person 0.0120 300 290 314 300
person 0.0080 189 292 208 307
person 0.0073 173 298 187 310
person 0.0061 0 321 44 368
person 0.0046 290 287 311 301
person 0.0036 429 195 452 235
person 0.0030 18 339 42 369
person 0.0011 177 296 191 309
person 0.0010 197 290 223 307
bicycle 0.0061 0 322 45 369
car 0.8995 62 274 405 374
car 0.2185 0 322 45 368
car 0.0271 11 1 484 366
car 0.0079 456 380 489 397
car 0.0068 2 322 115 369
car 0.0061 14 175 478 322
car 0.0015 406 338 449 367
car 0.0010 406 344 429 363
motorbike 0.0605 0 321 44 368
bus 0.0239 11 1 484 366
bus 0.0022 1 322 45 368
bus 0.0015 9 158 483 319
bus 0.0013 62 273 398 373
train 0.0041 9 158 483 319
train 0.0036 11 1 484 366
boat 0.0089 0 322 40 358
boat 0.0019 456 380 490 397
bird 0.0017 0 322 40 357
cat 0.0018 364 204 450 369
cat 0.0010 393 291 446 367
dog 0.0035 357 195 450 368
dog 0.0025 0 325 44 369
horse 0.0014 0 322 45 369
sheep 0.0013 0 322 44 369
cow 0.0030 0 325 44 369
bottle 0.0010 429 195 452 235
chair 0.0044 1 326 43 369
pottedplant 0.0060 368 204 450 369
pottedplant 0.0011 104 232 171 312
tvmonitor 0.0415 13 35 97 154
tvmonitor 0.0302 88 9 402 160
tvmonitor 0.0135 61 -4 432 339
tvmonitor 0.0054 399 29 484 153
