person 0.0018 131 143 159 163
person 0.0016 392 51 417 69
person 0.0016 100 87 130 107
aeroplane 0.9249 198 61 280 103
aeroplane 0.9186 49 83 131 121
aeroplane 0.9167 80 140 159 172
aeroplane 0.9137 209 134 290 169
aeroplane 0.9117 337 49 421 83
aeroplane 0.8886 87 219 163 249
aeroplane 0.0056 98 87 131 107
aeroplane 0.0049 83 141 135 163
aeroplane 0.0037 51 84 107 104
aeroplane 0.0030 131 143 159 163
aeroplane 0.0021 76 84 128 108
aeroplane 0.0015 248 69 279 87
aeroplane 0.0014 52 89 84 103
aeroplane 0.0012 385 51 418 71
aeroplane 0.0010 255 136 290 158
boat 0.0018 337 49 424 83
