person 0.8742 355 159 402 272
person 0.6045 44 186 58 212
person 0.4532 31 186 45 210
person 0.3626 193 165 204 187
person 0.2420 215 165 226 177
person 0.1579 434 150 445 163
person 0.1138 241 164 252 178
person 0.0556 468 168 482 185
person 0.0515 273 162 283 171
person 0.0488 264 165 273 174
person 0.0427 291 162 300 170
person 0.0421 254 163 264 174
person 0.0339 234 166 244 179
person 0.0333 448 169 465 183
person 0.0299 230 166 239 178
person 0.0277 210 166 222 179
person 0.0267 181 164 194 194
person 0.0266 221 165 231 177
person 0.0249 249 163 259 175
person 0.0226 226 165 235 177
person 0.0210 394 148 403 160
person 0.0168 214 188 227 197
person 0.0164 353 198 365 223
person 0.0153 202 160 209 173
person 0.0112 394 148 417 168
person 0.0105 469 165 494 184
person 0.0102 209 171 227 184
person 0.0098 397 148 411 159
person 0.0095 184 180 193 197
person 0.0087 102 174 111 185
person 0.0084 223 163 233 175
person 0.0081 482 164 497 180
person 0.0080 365 163 376 177
person 0.0078 453 167 481 185
person 0.0076 44 196 60 222
person 0.0074 307 158 315 169
person 0.0064 256 156 265 170
person 0.0059 76 196 84 216
person 0.0057 240 171 255 182
person 0.0054 34 185 43 196
person 0.0050 120 171 128 184
person 0.0049 180 167 192 185
person 0.0047 196 189 208 199
person 0.0046 194 173 207 188
person 0.0046 35 194 52 211
person 0.0042 217 188 232 197
person 0.0040 404 148 429 161
person 0.0039 180 162 193 178
person 0.0037 258 154 267 168
person 0.0036 219 171 237 182
person 0.0034 203 170 215 185
person 0.0033 238 184 256 194
person 0.0032 393 150 405 163
person 0.0031 202 158 210 168
person 0.0031 204 164 210 175
person 0.0030 395 161 413 173
person 0.0029 204 189 215 199
person 0.0028 101 166 129 185
person 0.0026 34 167 42 180
person 0.0025 300 160 312 169
person 0.0024 445 154 465 164
person 0.0023 414 167 442 185
person 0.0022 363 163 379 182
person 0.0022 206 176 224 187
person 0.0018 397 146 405 158
person 0.0017 124 165 137 184
person 0.0017 293 159 306 169
person 0.0017 164 -60 321 6
person 0.0016 365 162 392 178
person 0.0015 417 150 431 161
person 0.0014 189 188 204 198
person 0.0014 352 178 368 222
person 0.0014 413 155 432 164
person 0.0013 48 181 56 191
person 0.0012 179 186 193 199
person 0.0012 199 187 218 198
person 0.0011 194 182 205 196
person 0.0010 312 156 323 168
bicycle 0.0107 31 195 47 211
bicycle 0.0044 32 187 43 208
bicycle 0.0015 44 209 60 223
bicycle 0.0013 354 202 368 223
bicycle 0.0012 433 148 445 162
bicycle 0.0011 206 176 224 187
car 0.9094 396 163 491 226
car 0.9036 149 182 281 228
car 0.8317 460 163 498 241
car 0.6748 384 161 439 190
car 0.4913 467 150 499 163
car 0.3884 445 154 466 164
car 0.1801 240 170 341 218
car 0.1534 336 171 365 206
car 0.1451 381 164 402 176
car 0.0767 323 156 368 208
car 0.0716 349 160 427 187
car 0.0572 403 161 440 173
car 0.0558 395 160 417 172
car 0.0515 383 161 419 174
car 0.0307 335 154 419 209
car 0.0262 397 148 433 167
car 0.0206 434 150 445 163
car 0.0199 482 164 497 180
car 0.0140 401 148 429 160
car 0.0118 413 155 432 164
car 0.0113 347 171 366 185
car 0.0102 466 149 499 179
car 0.0095 464 157 500 199
car 0.0080 321 153 382 174
car 0.0077 275 154 374 216
car 0.0074 443 164 488 184
car 0.0067 205 177 225 187
car 0.0063 359 168 369 181
car 0.0057 32 191 47 210
car 0.0056 408 163 442 180
car 0.0055 356 161 405 213
car 0.0043 203 175 243 189
car 0.0042 394 148 417 168
car 0.0040 241 179 261 192
car 0.0038 219 171 237 182
car 0.0033 240 171 255 182
car 0.0030 469 165 494 184
car 0.0023 238 184 256 194
car 0.0019 447 168 464 183
car 0.0019 278 197 341 218
car 0.0018 231 185 266 203
car 0.0016 394 147 404 161
car 0.0016 194 173 207 188
car 0.0016 242 173 299 198
car 0.0015 316 139 351 151
car 0.0015 380 174 405 196
car 0.0015 397 148 411 159
car 0.0014 363 164 374 179
car 0.0014 44 186 58 211
car 0.0014 102 169 128 185
car 0.0014 242 173 275 193
car 0.0012 451 148 475 162
car 0.0011 217 184 252 195
car 0.0010 390 176 418 197
car 0.0010 482 144 498 154
car 0.0010 387 169 421 190
car 0.0010 435 165 468 182
motorbike 0.0320 31 195 47 211
motorbike 0.0145 433 148 445 162
motorbike 0.0027 445 154 465 164
motorbike 0.0027 32 187 43 208
motorbike 0.0012 44 209 60 223
motorbike 0.0011 219 171 237 182
motorbike 0.0010 44 186 58 211
motorbike 0.0010 207 175 226 186
motorbike 0.0010 30 197 56 222
bus 0.0040 321 153 382 174
bus 0.0034 471 149 498 163
bus 0.0018 239 169 352 219
bus 0.0013 307 137 353 152
bus 0.0012 459 161 499 242
bus 0.0011 397 148 433 167
bus 0.0011 320 154 376 189
train 0.0014 124 30 293 79
bottle 0.0014 353 201 367 222
chair 0.0312 31 195 47 211
chair 0.0024 44 186 58 211
chair 0.0018 45 204 59 223
pottedplant 0.0082 0 194 24 234
pottedplant 0.0073 180 163 194 186
pottedplant 0.0016 0 218 22 236
pottedplant 0.0013 191 167 203 187
pottedplant 0.0012 8 203 23 220
pottedplant 0.0011 44 211 60 223
pottedplant 0.0010 0 198 23 219
diningtable 0.0017 32 191 47 210
