person 0.9191 3 201 180 495
person 0.1286 163 266 209 309
person 0.0629 202 254 228 310
person 0.0241 190 268 208 297
person 0.0169 162 247 271 311
person 0.0142 183 262 216 307
person 0.0099 151 257 220 318
person 0.0075 200 253 254 305
person 0.0054 225 274 236 303
person 0.0050 210 254 227 282
person 0.0042 222 254 245 285
person 0.0034 214 255 225 267
person 0.0031 150 267 173 287
person 0.0030 221 267 246 309
person 0.0028 96 267 175 383
person 0.0025 5 303 19 337
person 0.0018 240 262 281 306
person 0.0012 101 266 175 322
person 0.0011 198 277 209 310
motorbike 0.0019 197 254 263 309
aeroplane 0.0012 120 28 267 155
bird 0.0083 202 254 229 311
bird 0.0030 214 255 225 267
bird 0.0025 176 267 209 308
bird 0.0011 200 253 254 305
cat 0.0390 202 254 229 311
cat 0.0120 168 268 208 308
cat 0.0054 183 262 216 307
cat 0.0053 201 261 280 313
cat 0.0034 240 262 281 306
cat 0.0025 221 267 246 309
cat 0.0017 205 277 222 311
dog 0.0074 201 254 230 310
dog 0.0050 176 267 209 308
dog 0.0025 196 260 257 311
horse 0.0056 201 255 230 310
horse 0.0030 198 253 261 310
bottle 0.0751 227 275 238 302
bottle 0.0614 203 254 228 308
bottle 0.0246 263 265 280 299
bottle 0.0207 261 290 310 363
bottle 0.0097 208 254 227 281
bottle 0.0077 151 265 173 287
bottle 0.0065 224 278 235 304
bottle 0.0039 236 273 247 289
bottle 0.0038 207 283 224 311
bottle 0.0034 231 287 242 301
bottle 0.0033 256 277 277 305
bottle 0.0032 213 255 226 273
bottle 0.0022 268 262 280 286
bottle 0.0022 221 267 246 309
bottle 0.0022 201 284 210 310
bottle 0.0021 225 294 256 314
bottle 0.0020 190 268 209 307
bottle 0.0020 201 359 244 410
bottle 0.0017 240 262 281 306
bottle 0.0017 236 284 247 300
bottle 0.0015 209 292 219 311
bottle 0.0012 240 269 259 289
chair 0.1675 155 305 262 347
chair 0.0617 3 319 182 494
chair 0.0129 91 407 169 455
chair 0.0122 157 306 222 318
chair 0.0074 5 310 62 487
chair 0.0060 150 317 163 348
chair 0.0058 190 268 208 294
chair 0.0042 86 400 175 488
chair 0.0033 168 269 210 309
chair 0.0020 5 303 19 337
chair 0.0017 155 313 171 347
chair 0.0017 194 333 261 367
chair 0.0013 110 315 314 447
chair 0.0013 101 313 133 344
chair 0.0012 157 307 189 318
chair 0.0010 154 307 184 347
chair 0.0010 143 350 158 366
sofa 0.0263 5 324 181 495
sofa 0.0109 155 306 271 348
sofa 0.0080 5 310 62 487
sofa 0.0013 87 398 168 460
pottedplant 0.0119 198 253 261 310
pottedplant 0.0090 202 254 229 309
pottedplant 0.0030 107 80 134 94
pottedplant 0.0010 222 254 245 285
pottedplant 0.0010 221 267 246 309
diningtable 0.7074 99 337 327 491
diningtable 0.0567 155 305 263 346
diningtable 0.0015 157 306 243 319
diningtable 0.0011 135 376 203 403
tvmonitor 0.0040 154 305 262 346
tvmonitor 0.0026 30 137 48 167
tvmonitor 0.0025 99 86 167 188
tvmonitor 0.0012 124 40 266 144
