person 0.0364 116 102 177 159
person 0.0265 130 150 262 255
person 0.0264 298 308 347 333
person 0.0194 78 13 372 278
person 0.0067 224 44 288 123
person 0.0061 110 62 261 273
person 0.0046 133 137 359 244
person 0.0044 325 -3 496 114
person 0.0040 213 71 298 157
person 0.0028 177 115 211 145
person 0.0027 298 299 459 332
person 0.0024 0 202 42 275
person 0.0020 112 87 188 264
person 0.0012 232 46 257 116
person 0.0011 481 35 499 119
person 0.0011 117 98 247 162
person 0.0010 177 109 244 155
car 0.0027 2 -1 507 333
bus 0.0201 2 -1 507 333
train 0.0024 10 3 500 333
bird 0.0033 117 102 174 158
bird 0.0033 243 144 265 221
bird 0.0031 223 45 259 122
cat 0.0019 131 136 366 248
bottle 0.6109 28 -2 117 187
bottle 0.0890 24 -21 125 316
bottle 0.0256 43 163 119 275
bottle 0.0132 1 247 180 330
bottle 0.0126 102 16 371 259
bottle 0.0047 0 -4 55 302
bottle 0.0032 169 205 443 309
bottle 0.0019 0 202 42 275
bottle 0.0018 28 0 112 91
bottle 0.0016 120 198 169 253
bottle 0.0015 413 112 480 183
bottle 0.0012 112 71 190 270
bottle 0.0010 117 102 180 160
chair 0.0141 481 35 499 119
chair 0.0048 298 308 346 332
chair 0.0033 458 208 500 253
chair 0.0026 458 130 499 223
chair 0.0023 331 -3 493 104
chair 0.0017 421 121 499 222
diningtable 0.0110 -3 225 510 330
diningtable 0.0040 37 291 489 335
diningtable 0.0018 0 245 187 331
diningtable 0.0014 459 208 499 253
tvmonitor 0.0267 34 -2 487 330
tvmonitor 0.0239 174 110 214 148
tvmonitor 0.0208 114 2 347 220
tvmonitor 0.0045 168 206 443 320
tvmonitor 0.0016 117 98 247 162
