person 0.0909 264 0 367 68
person 0.0426 262 4 499 207
person 0.0416 0 -2 498 361
person 0.0307 266 0 491 60
person 0.0071 265 0 415 164
person 0.0064 256 -19 505 100
person 0.0036 263 -34 491 44
person 0.0028 14 -1 477 169
car 0.0019 -1 -11 504 360
cat 0.5410 10 -4 500 342
dog 0.3982 1 -8 511 349
dog 0.0042 234 6 500 351
cow 0.0070 6 -1 501 352
chair 0.0075 0 -9 500 359
sofa 0.0126 -1 -11 504 360
diningtable 0.0054 5 266 499 370
diningtable 0.0051 4 137 500 367
diningtable 0.0015 74 322 498 371
