person 0.0040 0 86 20 125
bird 0.0023 0 87 19 127
chair 0.0203 1 -1 203 124
chair 0.0192 210 0 251 84
chair 0.0047 269 -10 499 366
chair 0.0045 0 42 204 242
chair 0.0018 187 0 245 100
chair 0.0017 0 220 160 372
chair 0.0015 256 352 333 373
chair 0.0011 0 68 182 367
chair 0.0010 107 235 340 372
chair 0.0010 222 41 246 80
chair 0.0010 47 88 450 377
pottedplant 0.0369 30 64 435 369
pottedplant 0.0136 270 120 377 215
pottedplant 0.0128 90 176 389 371
pottedplant 0.0102 259 191 399 368
pottedplant 0.0048 155 75 294 190
pottedplant 0.0039 117 214 301 369
pottedplant 0.0027 328 279 396 355
pottedplant 0.0015 269 -10 499 366
pottedplant 0.0011 215 163 288 234
pottedplant 0.0011 284 248 397 357
diningtable 0.3251 14 61 474 374
diningtable 0.0178 0 219 174 374
diningtable 0.0012 67 313 410 372
diningtable 0.0010 8 61 194 126
diningtable 0.0010 0 67 180 365
