person 0.0137 1 121 362 370
person 0.0118 38 22 486 149
person 0.0057 122 250 330 349
person 0.0056 -14 4 499 365
person 0.0056 0 119 173 222
person 0.0042 461 0 498 36
person 0.0022 466 171 499 199
person 0.0021 399 252 498 376
person 0.0013 190 8 495 126
person 0.0011 0 117 210 311
person 0.0010 458 -1 499 160
motorbike 0.0010 -14 4 499 365
cat 0.1171 31 164 299 340
cat 0.0587 109 250 330 347
cat 0.0067 2 90 460 356
cat 0.0020 142 254 199 322
cat 0.0010 462 0 499 35
dog 0.9231 2 48 498 365
dog 0.0730 30 151 299 336
dog 0.0212 106 249 331 347
dog 0.0160 371 6 499 171
dog 0.0151 259 5 498 244
dog 0.0133 354 148 468 233
dog 0.0018 461 0 499 36
dog 0.0018 456 0 499 161
chair 0.0095 -1 41 501 373
chair 0.0020 431 0 499 181
chair 0.0013 399 252 498 376
chair 0.0010 332 -3 498 364
sofa 0.1169 -13 97 502 371
sofa 0.0116 325 2 499 371
sofa 0.0038 202 6 498 217
sofa 0.0032 38 22 486 149
sofa 0.0023 362 181 500 368
sofa 0.0011 431 0 499 181
sofa 0.0011 1 215 324 372
sofa 0.0010 0 269 494 370
