person 0.8000 199 176 235 259
person 0.7685 181 177 195 219
person 0.5777 191 183 209 221
person 0.5268 157 174 167 190
person 0.3634 190 169 202 191
person 0.1556 162 173 171 188
person 0.1348 170 169 184 220
person 0.0978 167 173 175 188
person 0.0936 198 222 208 249
person 0.0752 168 173 178 208
person 0.0458 196 188 210 245
person 0.0382 198 182 208 194
person 0.0376 175 165 189 183
person 0.0276 192 178 202 193
person 0.0225 211 176 230 201
person 0.0224 201 184 210 193
person 0.0216 309 172 320 195
person 0.0210 228 217 241 240
person 0.0207 197 180 220 251
person 0.0164 221 182 235 226
person 0.0138 193 174 208 192
person 0.0136 203 175 231 226
person 0.0123 225 192 241 242
person 0.0114 220 179 231 204
person 0.0109 174 166 187 201
person 0.0096 455 107 471 131
person 0.0095 210 175 226 191
person 0.0086 179 169 191 188
person 0.0084 182 158 192 175
person 0.0078 148 175 165 191
person 0.0071 184 189 195 218
person 0.0069 415 185 473 256
person 0.0067 283 211 292 223
person 0.0048 199 174 212 193
person 0.0046 259 173 271 214
person 0.0043 225 195 236 224
person 0.0033 409 212 431 247
person 0.0020 406 188 432 248
person 0.0017 229 211 248 240
person 0.0017 171 183 180 225
person 0.0016 143 178 157 191
person 0.0015 197 186 209 213
person 0.0015 260 172 270 188
person 0.0012 141 181 152 191
person 0.0011 308 173 322 229
person 0.0010 259 193 267 218
person 0.0010 181 183 193 205
car 0.0021 410 353 438 371
car 0.0021 401 328 440 369
bus 0.0019 199 127 499 355
train 0.9001 190 127 501 351
train 0.0078 134 152 183 191
train 0.0064 0 123 177 293
dog 0.0016 198 222 208 249
bottle 0.0024 229 220 242 241
