bicycle 0.0088 450 48 462 61
cat 0.0017 299 168 313 182
cat 0.0014 60 155 123 189
bottle 0.0047 1 228 18 270
bottle 0.0018 292 151 303 161
bottle 0.0012 292 157 308 178
chair 0.8388 275 112 438 258
chair 0.6097 216 85 254 141
chair 0.0360 26 112 163 253
chair 0.0088 0 200 46 270
chair 0.0069 217 85 260 181
chair 0.0020 58 155 138 202
chair 0.0016 231 111 252 138
chair 0.0011 233 107 245 130
chair 0.0010 457 103 488 128
sofa 0.9434 23 96 258 250
sofa 0.6574 276 110 439 258
sofa 0.0065 34 147 159 248
sofa 0.0042 216 85 254 141
sofa 0.0014 0 199 46 270
pottedplant 0.8292 244 115 319 178
pottedplant 0.5500 428 146 499 257
pottedplant 0.4060 455 91 491 127
pottedplant 0.2601 439 34 498 262
pottedplant 0.1874 453 35 499 134
pottedplant 0.1738 442 110 454 123
pottedplant 0.0469 440 97 457 124
pottedplant 0.0356 462 69 500 184
pottedplant 0.0277 458 112 499 247
pottedplant 0.0190 473 120 499 180
pottedplant 0.0134 453 48 464 62
pottedplant 0.0094 247 133 274 178
pottedplant 0.0077 241 138 266 165
pottedplant 0.0057 457 98 473 127
pottedplant 0.0039 0 112 33 205
pottedplant 0.0026 368 19 498 282
pottedplant 0.0025 476 137 499 253
pottedplant 0.0023 231 112 253 139
pottedplant 0.0012 478 36 499 91
pottedplant 0.0012 291 146 303 159
pottedplant 0.0010 251 141 269 174
pottedplant 0.0010 484 69 498 129
diningtable 0.0623 145 147 264 263
diningtable 0.0408 316 176 499 369
diningtable 0.0024 0 199 46 270
diningtable 0.0016 379 185 497 317
tvmonitor 0.0011 55 156 124 190
