person 0.8991 273 155 443 360
person 0.8383 0 134 73 263
person 0.1475 118 124 156 168
person 0.0860 103 124 164 204
person 0.0817 179 60 197 101
person 0.0549 202 117 251 266
person 0.0275 158 55 184 96
person 0.0223 200 116 327 264
person 0.0144 236 62 252 103
person 0.0133 102 128 173 271
person 0.0084 235 61 248 88
person 0.0072 240 77 266 106
person 0.0051 268 79 280 102
person 0.0036 285 156 340 242
person 0.0031 246 64 277 104
person 0.0024 447 49 465 85
person 0.0016 0 135 24 185
person 0.0011 94 50 132 90
person 0.0010 0 185 70 310
bicycle 0.0171 238 80 266 107
bicycle 0.0014 248 86 267 106
bicycle 0.0011 227 67 279 108
motorbike 0.0271 238 78 266 107
motorbike 0.0031 227 67 279 108
motorbike 0.0012 248 86 267 106
bird 0.0015 94 50 132 90
bird 0.0010 158 61 182 98
cat 0.0022 158 56 183 96
cat 0.0012 243 144 270 155
dog 0.0143 158 57 183 97
dog 0.0033 120 124 151 167
dog 0.0015 180 59 197 101
horse 0.0092 157 56 184 98
horse 0.0068 238 77 266 107
horse 0.0011 157 55 210 102
horse 0.0010 246 64 281 105
bottle 0.0020 146 157 161 168
bottle 0.0019 126 150 148 167
bottle 0.0011 103 166 111 198
bottle 0.0010 173 155 181 170
chair 0.9203 271 236 371 373
chair 0.9031 26 219 152 368
chair 0.8793 109 166 172 296
chair 0.8748 0 186 61 310
chair 0.0825 94 138 108 164
chair 0.0648 102 125 160 202
chair 0.0312 72 141 106 166
chair 0.0296 202 117 253 267
chair 0.0275 23 182 90 294
chair 0.0232 118 124 162 170
chair 0.0164 94 138 107 151
chair 0.0163 242 153 293 244
chair 0.0120 271 236 295 335
chair 0.0105 282 342 371 373
chair 0.0103 272 132 290 144
chair 0.0091 276 145 308 170
chair 0.0077 94 136 110 182
chair 0.0054 243 144 270 155
chair 0.0051 84 169 112 267
chair 0.0049 74 150 101 165
chair 0.0042 0 119 11 145
chair 0.0041 74 143 97 152
chair 0.0040 109 166 170 224
chair 0.0040 277 142 336 169
chair 0.0039 201 120 309 257
chair 0.0037 277 146 306 159
chair 0.0034 272 236 284 259
chair 0.0030 447 57 464 87
chair 0.0029 268 141 288 154
chair 0.0027 418 56 464 91
chair 0.0025 132 123 153 159
chair 0.0022 44 348 151 373
chair 0.0022 101 154 114 197
chair 0.0020 239 144 339 230
chair 0.0019 0 182 26 241
chair 0.0017 103 166 111 198
chair 0.0017 268 131 291 153
chair 0.0017 31 241 89 294
chair 0.0016 273 209 306 247
chair 0.0016 126 149 146 167
chair 0.0015 286 138 335 150
chair 0.0014 284 242 428 345
chair 0.0014 87 175 107 195
chair 0.0014 96 172 111 225
chair 0.0013 108 126 128 160
chair 0.0013 64 216 132 278
chair 0.0013 93 135 124 171
chair 0.0012 34 187 93 250
chair 0.0011 254 143 335 187
chair 0.0011 84 160 108 194
chair 0.0011 319 218 420 289
chair 0.0011 51 134 100 173
chair 0.0010 107 123 143 164
sofa 0.1158 202 119 336 262
sofa 0.0219 238 143 335 243
sofa 0.0211 202 117 258 264
sofa 0.0074 273 143 336 169
sofa 0.0048 254 143 335 187
sofa 0.0047 242 140 312 160
sofa 0.0042 0 185 70 310
sofa 0.0034 241 150 292 245
sofa 0.0017 102 124 161 200
sofa 0.0016 277 146 310 168
sofa 0.0016 88 189 112 260
sofa 0.0013 268 212 396 381
sofa 0.0011 108 123 155 167
sofa 0.0011 264 138 335 158
pottedplant 0.0083 120 124 151 167
pottedplant 0.0016 158 58 183 96
pottedplant 0.0013 195 87 209 99
diningtable 0.0355 33 177 100 264
diningtable 0.0093 241 137 293 154
diningtable 0.0074 0 184 96 299
diningtable 0.0071 277 142 336 169
diningtable 0.0070 285 137 335 147
diningtable 0.0063 84 170 113 267
diningtable 0.0063 242 140 312 160
diningtable 0.0057 90 155 176 284
diningtable 0.0050 202 125 337 260
diningtable 0.0044 264 138 335 158
diningtable 0.0044 243 147 305 245
diningtable 0.0027 63 165 99 176
diningtable 0.0022 44 164 107 193
diningtable 0.0017 40 168 88 179
diningtable 0.0014 86 175 106 194
diningtable 0.0013 271 132 290 145
diningtable 0.0012 276 145 308 170
diningtable 0.0011 86 172 109 212
diningtable 0.0010 65 183 83 193
diningtable 0.0010 455 0 499 348
tvmonitor 0.8194 418 157 462 248
tvmonitor 0.5827 362 135 407 205
tvmonitor 0.5050 26 126 74 167
tvmonitor 0.2466 107 124 133 160
tvmonitor 0.1627 333 124 409 202
tvmonitor 0.0884 108 123 155 167
tvmonitor 0.0108 73 150 100 166
tvmonitor 0.0077 120 124 149 160
tvmonitor 0.0065 0 119 10 146
tvmonitor 0.0059 179 123 205 169
tvmonitor 0.0056 91 138 108 165
tvmonitor 0.0047 87 191 112 266
tvmonitor 0.0046 454 4 499 367
tvmonitor 0.0024 127 149 148 167
tvmonitor 0.0018 140 123 154 158
tvmonitor 0.0018 81 25 145 113
tvmonitor 0.0018 31 179 95 272
tvmonitor 0.0013 152 124 180 147
tvmonitor 0.0012 447 56 464 88
tvmonitor 0.0011 95 134 115 164
tvmonitor 0.0010 103 123 161 200
