person 0.0099 -5 44 378 490
person 0.0020 0 157 88 201
person 0.0015 200 -4 374 477
person 0.0010 0 130 242 482
bird 0.0038 157 152 267 217
bird 0.0027 101 115 312 291
bird 0.0012 195 118 284 175
cat 0.0590 102 117 305 286
cat 0.0310 157 156 263 212
cat 0.0106 6 103 325 444
cat 0.0091 132 372 251 456
cat 0.0022 110 116 290 209
cat 0.0017 191 118 276 171
dog 0.8186 3 112 318 461
dog 0.1285 101 115 304 302
dog 0.0252 110 117 294 216
dog 0.0087 157 152 267 217
dog 0.0035 132 375 251 455
dog 0.0021 191 118 276 171
horse 0.0012 -6 92 372 484
cow 0.0010 2 103 335 474
chair 0.0158 282 361 373 496
chair 0.0116 -8 54 378 489
chair 0.0031 6 1 372 240
sofa 0.3074 0 -6 377 482
sofa 0.0122 7 0 372 186
sofa 0.0010 221 -4 375 490
diningtable 0.0054 288 360 373 497
diningtable 0.0054 -1 159 374 498
diningtable 0.0020 -1 357 378 495
