person 0.8755 1 -3 277 371
person 0.8693 244 63 478 364
person 0.8463 154 68 268 304
person 0.0606 144 119 182 248
person 0.0070 150 147 174 194
person 0.0064 148 144 171 246
person 0.0054 149 137 208 303
person 0.0052 267 126 283 166
person 0.0047 239 219 257 246
person 0.0033 145 117 181 182
person 0.0021 406 146 426 164
person 0.0018 407 154 423 164
person 0.0016 72 64 379 380
person 0.0012 114 112 183 258
person 0.0011 282 112 317 160
person 0.0011 240 217 256 276
person 0.0010 324 33 342 76
person 0.0010 216 196 252 297
bicycle 0.0113 138 116 180 184
bicycle 0.0063 139 99 204 192
bicycle 0.0043 139 115 177 153
bicycle 0.0024 149 143 178 190
bicycle 0.0016 139 117 185 249
bicycle 0.0013 204 193 354 338
motorbike 0.0035 139 99 204 192
motorbike 0.0023 137 117 180 199
motorbike 0.0015 150 145 177 194
bus 0.0060 58 -11 499 339
bus 0.0014 116 -7 498 191
train 0.0057 58 -11 499 339
train 0.0020 116 -7 498 191
boat 0.0014 58 -11 499 339
boat 0.0011 190 168 498 372
bottle 0.0056 438 116 456 159
bottle 0.0051 442 116 456 142
bottle 0.0039 430 127 450 161
bottle 0.0026 235 158 246 172
bottle 0.0023 236 159 257 189
bottle 0.0013 243 169 257 189
chair 0.2272 206 193 350 338
chair 0.0371 196 192 460 372
chair 0.0208 210 191 248 301
chair 0.0149 411 161 499 240
chair 0.0114 210 269 405 371
chair 0.0084 169 225 223 315
chair 0.0069 357 251 396 299
chair 0.0055 381 224 498 369
chair 0.0046 365 260 401 308
chair 0.0046 171 188 248 320
chair 0.0044 175 244 196 302
chair 0.0041 69 326 115 373
chair 0.0041 214 192 288 318
chair 0.0028 324 31 343 75
chair 0.0026 239 219 257 246
chair 0.0022 358 247 404 327
chair 0.0020 221 289 323 317
chair 0.0016 305 16 346 77
chair 0.0015 151 143 177 193
chair 0.0014 142 116 179 189
chair 0.0011 421 157 498 343
chair 0.0010 384 295 406 323
chair 0.0010 140 83 482 369
sofa 0.0614 308 162 496 371
sofa 0.0294 378 213 499 372
sofa 0.0065 412 162 499 240
sofa 0.0021 201 106 494 369
pottedplant 0.1245 143 98 204 158
pottedplant 0.0170 165 105 204 148
pottedplant 0.0153 138 116 181 193
pottedplant 0.0148 428 127 451 161
pottedplant 0.0098 421 117 455 162
pottedplant 0.0059 150 145 177 194
pottedplant 0.0046 177 110 205 141
pottedplant 0.0027 135 118 160 181
pottedplant 0.0026 104 114 173 253
pottedplant 0.0024 439 117 456 153
pottedplant 0.0020 145 147 167 188
pottedplant 0.0015 404 132 444 164
pottedplant 0.0013 186 116 205 134
pottedplant 0.0011 143 150 157 183
pottedplant 0.0010 0 61 13 124
diningtable 0.0197 386 234 499 369
diningtable 0.0195 410 162 499 229
diningtable 0.0063 198 227 425 371
diningtable 0.0015 169 167 492 373
diningtable 0.0013 42 269 421 370
diningtable 0.0012 197 188 360 339
tvmonitor 0.0144 209 265 406 373
tvmonitor 0.0032 456 12 498 169
