person 0.8443 221 130 434 369
person 0.8324 65 135 353 371
person 0.0624 71 131 219 253
person 0.0471 223 140 318 325
person 0.0054 199 140 321 244
person 0.0046 96 0 176 26
person 0.0033 295 198 406 368
person 0.0032 8 78 500 244
person 0.0031 306 124 499 371
person 0.0031 336 303 501 373
person 0.0030 117 137 216 221
person 0.0025 244 142 375 238
person 0.0019 0 72 215 369
person 0.0016 285 155 404 247
person 0.0012 -3 101 503 373
person 0.0010 99 130 326 251
car 0.0022 125 0 174 24
car 0.0014 90 0 234 30
car 0.0012 178 15 197 23
bottle 0.1850 160 267 196 337
bottle 0.0249 159 232 213 336
bottle 0.0039 268 191 289 216
bottle 0.0025 161 270 178 335
bottle 0.0022 271 193 296 224
chair 0.0538 0 296 44 374
chair 0.0240 0 180 123 373
chair 0.0150 0 72 215 369
chair 0.0135 0 243 89 371
chair 0.0046 278 94 499 370
chair 0.0022 6 124 435 372
chair 0.0013 338 302 501 373
sofa 0.3029 -3 101 503 373
sofa 0.1109 281 98 498 371
sofa 0.0749 0 75 209 370
sofa 0.0447 0 170 128 373
sofa 0.0108 49 122 293 364
sofa 0.0105 336 303 501 373
sofa 0.0063 1 76 499 245
sofa 0.0011 0 73 200 229
sofa 0.0011 193 128 260 188
