person 0.7175 101 165 118 200
person 0.3779 371 156 384 167
person 0.0801 63 160 90 190
person 0.0443 310 21 319 29
person 0.0179 304 22 326 68
person 0.0174 92 47 102 69
person 0.0106 92 41 116 69
person 0.0065 156 173 193 200
person 0.0042 304 22 319 42
person 0.0041 355 45 363 66
person 0.0038 104 41 118 68
person 0.0035 339 46 351 68
person 0.0033 324 152 347 165
person 0.0033 303 28 315 64
person 0.0031 331 53 338 67
person 0.0030 333 20 350 26
person 0.0024 196 251 221 292
person 0.0023 62 164 80 196
person 0.0019 359 156 388 177
person 0.0016 319 147 355 166
person 0.0014 194 252 242 296
person 0.0012 438 130 453 158
person 0.0012 308 22 323 39
person 0.0011 333 20 352 40
person 0.0010 327 160 342 168
bicycle 0.0200 197 254 244 296
bicycle 0.0048 99 41 117 68
car 0.0057 246 162 277 170
car 0.0024 434 180 463 188
car 0.0018 320 147 355 166
car 0.0015 220 164 254 194
car 0.0010 396 5 422 18
car 0.0010 276 158 496 252
motorbike 0.0017 196 253 244 295
aeroplane 0.5883 13 151 494 289
aeroplane 0.5417 284 122 501 275
aeroplane 0.1412 7 162 280 279
aeroplane 0.0213 63 160 90 191
aeroplane 0.0104 148 163 258 203
aeroplane 0.0101 306 128 408 170
aeroplane 0.0089 338 126 461 185
aeroplane 0.0038 276 212 388 323
aeroplane 0.0029 245 162 276 169
aeroplane 0.0021 150 171 195 201
aeroplane 0.0019 13 190 500 363
aeroplane 0.0014 319 147 355 166
aeroplane 0.0012 44 146 185 214
aeroplane 0.0011 426 210 499 326
bus 0.0018 245 162 276 169
boat 0.0097 139 164 258 203
boat 0.0053 63 160 90 191
boat 0.0012 245 162 276 169
boat 0.0011 319 147 355 166
bird 0.0271 63 160 90 190
bird 0.0012 309 21 320 30
bird 0.0010 371 155 383 168
cat 0.0010 371 155 383 168
dog 0.0012 92 41 116 69
dog 0.0010 63 160 90 191
horse 0.0012 63 160 90 190
horse 0.0010 93 41 117 68
bottle 0.0055 355 45 363 66
bottle 0.0053 340 44 350 68
bottle 0.0029 474 26 482 35
bottle 0.0024 371 155 383 168
bottle 0.0018 102 164 119 200
bottle 0.0015 63 160 89 191
bottle 0.0012 195 266 207 290
bottle 0.0011 92 47 102 68
bottle 0.0011 309 21 320 30
chair 0.0306 291 275 376 339
chair 0.0204 353 44 363 68
chair 0.0122 309 301 339 336
chair 0.0091 347 44 361 68
chair 0.0036 339 46 351 68
chair 0.0031 330 280 367 335
chair 0.0031 100 41 116 68
chair 0.0026 133 57 156 68
chair 0.0020 331 53 339 67
chair 0.0018 232 42 251 59
chair 0.0018 79 44 95 68
chair 0.0017 272 49 291 66
chair 0.0016 425 209 499 332
chair 0.0016 187 24 212 57
chair 0.0014 396 6 420 18
chair 0.0014 323 277 347 300
chair 0.0013 295 280 321 337
chair 0.0012 221 40 248 59
chair 0.0012 92 45 109 69
chair 0.0011 92 47 101 69
chair 0.0010 229 60 250 68
chair 0.0010 78 56 95 69
pottedplant 0.5272 258 44 276 65
pottedplant 0.5244 292 276 346 334
pottedplant 0.0440 295 277 346 305
pottedplant 0.0301 471 48 490 70
pottedplant 0.0283 311 21 319 29
pottedplant 0.0146 293 281 318 302
pottedplant 0.0110 310 278 342 323
pottedplant 0.0076 320 277 343 301
pottedplant 0.0072 340 44 350 68
pottedplant 0.0063 310 302 339 336
pottedplant 0.0060 293 283 307 302
pottedplant 0.0037 463 37 492 70
pottedplant 0.0037 304 22 326 68
pottedplant 0.0034 337 35 359 68
pottedplant 0.0033 324 276 356 303
pottedplant 0.0031 92 30 120 69
pottedplant 0.0030 312 292 339 318
pottedplant 0.0029 333 20 350 26
pottedplant 0.0028 261 47 289 66
pottedplant 0.0023 273 50 293 65
pottedplant 0.0020 333 20 352 40
pottedplant 0.0020 294 278 320 338
pottedplant 0.0020 469 49 481 70
pottedplant 0.0020 100 41 117 68
pottedplant 0.0018 304 22 319 42
pottedplant 0.0018 259 18 268 30
pottedplant 0.0014 331 53 339 67
pottedplant 0.0014 481 48 492 70
pottedplant 0.0010 303 28 315 64
diningtable 0.0166 272 210 386 300
diningtable 0.0026 292 275 377 339
diningtable 0.0013 13 190 500 363
tvmonitor 0.5494 59 140 136 202
tvmonitor 0.2375 313 137 400 168
tvmonitor 0.0260 457 162 499 190
tvmonitor 0.0252 397 6 420 18
tvmonitor 0.0167 61 151 93 200
tvmonitor 0.0053 21 135 144 227
tvmonitor 0.0043 436 127 455 162
tvmonitor 0.0027 372 156 383 167
tvmonitor 0.0026 411 28 431 44
tvmonitor 0.0024 414 34 430 45
tvmonitor 0.0019 479 165 499 189
tvmonitor 0.0016 131 139 170 196
tvmonitor 0.0015 314 143 362 166
tvmonitor 0.0015 456 163 479 188
tvmonitor 0.0014 437 133 451 157
tvmonitor 0.0012 412 22 429 32
