person 0.0943 109 238 120 257
person 0.0277 109 247 121 272
person 0.0150 111 258 120 273
person 0.0125 118 238 128 272
person 0.0055 126 235 147 280
person 0.0051 119 238 128 257
person 0.0021 100 256 118 272
person 0.0020 110 225 121 247
person 0.0017 36 257 43 275
person 0.0013 99 235 144 282
person 0.0011 322 242 349 283
person 0.0011 190 259 198 274
car 0.0076 223 235 237 245
car 0.0020 225 235 248 245
car 0.0010 112 259 123 274
aeroplane 0.8761 59 62 499 287
aeroplane 0.0037 190 141 266 153
aeroplane 0.0023 281 66 500 272
aeroplane 0.0023 342 231 493 287
aeroplane 0.0021 46 191 367 297
boat 0.0043 191 144 250 153
boat 0.0022 151 274 227 289
boat 0.0017 342 231 493 287
boat 0.0017 94 269 327 294
boat 0.0011 118 234 335 294
bird 0.0016 472 123 494 132
cow 0.0012 0 276 71 295
chair 0.0020 100 256 118 272
chair 0.0011 112 259 123 274
pottedplant 0.0057 0 148 65 247
