person 0.9130 278 88 393 369
person 0.8757 354 149 441 291
person 0.8635 103 118 208 373
person 0.8478 0 118 64 366
person 0.8472 166 95 243 369
person 0.5755 39 95 101 192
person 0.0662 15 121 72 256
person 0.0333 35 103 88 264
person 0.0230 181 109 205 160
person 0.0164 167 100 236 239
person 0.0145 190 97 234 156
person 0.0098 190 111 205 144
person 0.0095 169 106 207 220
person 0.0075 1 106 55 164
person 0.0066 359 149 416 234
person 0.0050 23 129 121 288
person 0.0045 40 165 73 212
person 0.0042 0 110 31 132
person 0.0036 38 118 66 163
person 0.0036 29 161 71 296
person 0.0028 38 106 62 150
person 0.0027 60 126 100 185
person 0.0025 0 110 14 123
person 0.0023 0 117 44 258
person 0.0020 52 154 111 265
person 0.0020 360 152 392 217
person 0.0020 4 58 54 96
person 0.0019 0 110 27 176
person 0.0019 167 143 207 277
person 0.0017 213 114 236 152
person 0.0017 192 98 226 120
person 0.0015 296 95 372 239
person 0.0012 366 157 390 174
person 0.0012 350 143 378 202
person 0.0010 51 97 84 141
person 0.0010 358 147 421 181
person 0.0010 221 106 237 134
person 0.0010 189 220 252 368
bicycle 0.6807 55 171 118 285
bicycle 0.4116 1 236 92 349
bicycle 0.0363 96 208 114 255
bicycle 0.0247 50 145 178 296
bicycle 0.0178 60 193 104 244
bicycle 0.0160 5 164 124 309
bicycle 0.0092 55 280 91 335
bicycle 0.0079 0 263 14 344
bicycle 0.0078 0 117 80 369
bicycle 0.0069 0 260 61 370
bicycle 0.0053 77 206 116 256
bicycle 0.0050 0 244 24 349
bicycle 0.0047 7 142 229 356
bicycle 0.0033 54 197 87 241
bicycle 0.0023 62 158 130 219
bicycle 0.0020 80 243 116 284
bicycle 0.0020 94 110 213 363
bicycle 0.0019 61 170 114 210
bicycle 0.0017 50 244 89 281
bicycle 0.0014 180 307 219 371
bicycle 0.0014 29 161 71 296
bicycle 0.0012 78 212 186 283
bicycle 0.0010 32 272 89 332
bicycle 0.0010 140 300 216 370
car 0.7296 359 159 500 250
car 0.0226 64 140 273 218
car 0.0130 41 120 133 202
car 0.0104 86 154 132 202
car 0.0083 41 144 238 284
car 0.0077 77 136 129 188
car 0.0051 92 159 132 186
car 0.0043 237 101 483 265
car 0.0033 77 129 126 166
car 0.0027 0 50 258 206
car 0.0025 360 165 399 232
car 0.0025 6 102 161 205
car 0.0019 82 149 127 163
car 0.0018 45 153 119 284
car 0.0016 8 60 49 85
car 0.0015 214 130 302 166
car 0.0013 62 158 130 219
car 0.0012 82 142 196 211
motorbike 0.0164 56 169 117 284
motorbike 0.0064 1 220 87 355
motorbike 0.0044 50 145 178 296
motorbike 0.0043 5 164 124 309
motorbike 0.0025 31 242 91 338
motorbike 0.0023 54 190 92 240
motorbike 0.0013 54 132 273 273
bus 0.1746 0 -2 229 210
bus 0.0083 25 0 320 287
bus 0.0034 355 0 499 257
bus 0.0026 169 5 505 222
bus 0.0014 83 -4 407 194
bus 0.0012 359 158 498 249
bus 0.0011 76 134 122 162
bus 0.0010 64 140 273 218
train 0.0012 23 8 282 257
boat 0.0019 143 23 501 214
bird 0.0031 48 342 63 359
bottle 0.0067 189 190 206 244
bottle 0.0038 190 155 204 222
bottle 0.0029 195 197 208 232
bottle 0.0028 24 216 38 236
bottle 0.0027 182 233 206 291
bottle 0.0022 355 145 371 166
bottle 0.0021 182 236 198 268
bottle 0.0020 40 194 59 244
bottle 0.0019 33 222 48 241
bottle 0.0018 356 205 365 222
bottle 0.0016 366 156 390 174
bottle 0.0013 361 145 371 158
bottle 0.0011 186 257 206 290
bottle 0.0010 24 216 48 247
bottle 0.0010 337 139 352 162
chair 0.0032 359 165 398 231
chair 0.0021 214 135 227 163
chair 0.0016 96 207 114 255
chair 0.0015 0 258 12 344
chair 0.0010 170 155 206 297
chair 0.0010 206 142 217 155
pottedplant 0.0063 336 36 374 67
pottedplant 0.0037 8 59 51 82
pottedplant 0.0010 335 34 374 120
tvmonitor 0.0011 1 0 71 100
