person 0.0229 95 141 117 200
person 0.0115 472 171 484 184
person 0.0054 445 164 468 185
person 0.0043 447 163 460 183
person 0.0040 444 177 461 186
person 0.0026 475 176 490 186
person 0.0021 84 126 107 183
person 0.0016 447 174 475 185
person 0.0013 475 169 487 178
person 0.0011 460 170 479 184
car 0.0051 339 168 351 175
car 0.0023 363 176 384 184
car 0.0011 448 170 480 185
car 0.0010 0 71 36 103
motorbike 0.0013 472 171 484 184
boat 0.0014 445 177 465 186
bird 0.0111 445 177 465 186
bird 0.0079 472 171 484 184
bird 0.0042 445 164 468 185
bird 0.0029 445 171 482 186
bird 0.0026 458 169 478 182
bird 0.0016 447 163 460 183
bird 0.0013 401 228 418 245
bird 0.0012 402 229 412 240
bird 0.0012 475 176 490 186
dog 0.0046 448 170 480 185
dog 0.0038 445 176 470 186
dog 0.0032 472 171 484 184
dog 0.0020 458 169 478 182
dog 0.0011 362 176 384 184
dog 0.0010 1 98 110 214
horse 0.6924 98 92 322 256
horse 0.1988 363 176 384 184
horse 0.1540 0 98 107 217
horse 0.0397 445 171 482 186
horse 0.0231 445 176 470 186
horse 0.0202 458 169 478 182
horse 0.0163 472 171 484 184
horse 0.0061 445 164 468 185
horse 0.0041 0 96 34 216
horse 0.0036 46 120 104 195
horse 0.0036 475 176 490 186
horse 0.0030 80 127 108 196
horse 0.0029 95 144 155 201
horse 0.0028 457 166 478 178
horse 0.0025 171 115 228 188
horse 0.0019 89 103 227 232
horse 0.0018 182 111 377 259
horse 0.0014 340 168 350 175
horse 0.0013 94 143 119 200
horse 0.0012 68 120 107 160
horse 0.0011 475 169 487 178
sheep 0.0257 363 176 384 184
sheep 0.0154 473 173 483 184
sheep 0.0113 458 169 478 182
sheep 0.0079 450 171 477 185
sheep 0.0073 0 97 33 201
sheep 0.0043 1 98 110 214
sheep 0.0034 445 176 470 186
sheep 0.0025 112 96 337 243
sheep 0.0025 475 178 488 186
sheep 0.0023 475 169 487 178
sheep 0.0016 479 177 489 185
sheep 0.0013 445 164 468 185
sheep 0.0011 339 167 351 175
cow 0.6952 0 100 108 217
cow 0.5798 90 93 322 253
cow 0.1191 363 176 384 184
cow 0.0495 62 120 107 162
cow 0.0253 0 98 35 215
cow 0.0165 95 144 155 201
cow 0.0157 445 171 482 186
cow 0.0145 473 173 483 184
cow 0.0138 93 140 116 199
cow 0.0138 76 123 108 194
cow 0.0131 88 110 228 235
cow 0.0106 460 170 479 184
cow 0.0086 445 176 470 186
cow 0.0053 172 117 228 190
cow 0.0049 417 167 427 173
cow 0.0048 434 168 444 175
cow 0.0044 475 176 490 186
cow 0.0043 46 120 104 195
cow 0.0037 445 164 468 185
cow 0.0027 475 169 487 178
cow 0.0025 91 118 181 211
cow 0.0022 412 167 424 174
cow 0.0021 339 168 351 175
cow 0.0017 85 126 107 156
cow 0.0016 80 118 148 199
cow 0.0011 447 163 460 183
cow 0.0010 460 176 487 187
chair 0.0012 404 254 484 290
