person 0.0792 278 218 286 231
person 0.0738 270 218 278 232
person 0.0119 241 218 254 231
person 0.0108 286 216 293 230
person 0.0083 289 216 306 234
person 0.0080 72 216 84 236
person 0.0077 276 218 291 233
person 0.0061 388 214 425 228
person 0.0025 458 213 489 227
person 0.0020 412 214 424 227
person 0.0018 483 211 492 225
person 0.0015 162 218 184 234
person 0.0014 324 218 350 231
person 0.0013 230 218 251 232
person 0.0012 308 215 320 225
person 0.0011 57 219 76 235
person 0.0011 113 233 127 242
car 0.1548 315 215 352 230
car 0.0528 325 220 357 230
car 0.0406 102 217 171 241
car 0.0338 390 214 424 228
car 0.0268 457 213 489 227
car 0.0223 0 227 48 241
car 0.0180 167 223 188 234
car 0.0144 202 217 253 237
car 0.0141 189 219 211 233
car 0.0117 370 219 389 229
car 0.0114 423 215 440 226
car 0.0102 243 218 272 231
car 0.0078 54 221 69 235
car 0.0065 349 222 363 230
car 0.0062 466 205 491 216
car 0.0060 307 214 320 225
car 0.0057 91 223 102 235
car 0.0054 309 215 334 229
car 0.0053 230 218 251 232
car 0.0051 176 218 208 233
car 0.0051 289 218 316 235
car 0.0050 360 223 380 230
car 0.0039 412 214 424 227
car 0.0039 475 207 492 224
car 0.0037 194 219 231 237
car 0.0032 57 219 76 235
car 0.0029 62 216 84 236
car 0.0029 163 216 191 234
car 0.0029 440 217 455 226
car 0.0027 368 223 382 230
car 0.0026 74 216 86 235
car 0.0022 241 218 254 231
car 0.0021 88 216 102 235
car 0.0018 270 218 278 232
car 0.0017 490 212 499 225
car 0.0014 163 216 214 236
car 0.0011 288 217 304 234
car 0.0011 278 218 286 231
car 0.0011 276 218 291 233
car 0.0010 299 217 323 232
car 0.0010 40 220 55 235
car 0.0010 483 211 492 225
aeroplane 0.9008 26 66 468 234
aeroplane 0.3582 1 226 51 242
aeroplane 0.3132 103 216 172 241
aeroplane 0.2515 1 205 55 241
aeroplane 0.0731 0 163 113 196
aeroplane 0.0265 163 216 214 236
aeroplane 0.0097 13 205 50 230
aeroplane 0.0077 1 159 143 218
aeroplane 0.0067 17 169 104 190
aeroplane 0.0041 368 217 391 229
aeroplane 0.0037 313 214 355 230
aeroplane 0.0027 387 213 435 230
aeroplane 0.0027 163 216 191 234
aeroplane 0.0021 90 205 153 237
aeroplane 0.0018 53 215 86 235
aeroplane 0.0017 172 217 246 237
aeroplane 0.0017 0 231 25 241
aeroplane 0.0015 324 218 350 231
aeroplane 0.0015 234 134 277 142
aeroplane 0.0014 0 164 68 191
aeroplane 0.0014 2 173 93 209
aeroplane 0.0012 48 223 69 235
aeroplane 0.0012 73 203 132 234
aeroplane 0.0011 176 218 208 233
aeroplane 0.0011 369 215 423 230
aeroplane 0.0010 167 221 198 236
aeroplane 0.0010 72 219 95 237
aeroplane 0.0010 350 215 388 229
aeroplane 0.0010 5 157 60 171
aeroplane 0.0010 374 168 467 186
bus 0.0266 101 215 171 241
bus 0.0098 389 213 426 228
bus 0.0082 456 209 489 227
bus 0.0076 315 215 350 230
bus 0.0073 1 228 45 241
bus 0.0064 389 207 440 227
bus 0.0058 387 202 436 217
bus 0.0044 466 205 490 214
bus 0.0032 423 217 440 226
bus 0.0024 244 218 274 231
bus 0.0014 412 214 424 227
bus 0.0010 13 205 56 232
bus 0.0010 411 211 439 226
train 0.0011 13 205 55 231
boat 0.0023 456 209 489 227
boat 0.0019 17 169 104 190
boat 0.0017 13 205 55 231
