person 0.6993 0 163 275 370
person 0.6918 155 102 412 357
person 0.4417 210 156 483 370
person 0.0338 239 162 386 249
person 0.0282 298 164 380 238
person 0.0212 316 271 485 371
person 0.0176 476 185 499 295
person 0.0127 -18 117 486 373
person 0.0039 299 159 444 283
person 0.0032 68 318 312 373
person 0.0031 210 225 351 340
person 0.0023 157 107 301 291
person 0.0013 405 127 432 200
person 0.0011 66 111 101 163
person 0.0011 44 223 288 332
person 0.0010 436 223 479 313
cat 0.0015 437 260 478 313
dog 0.0031 436 224 480 313
bottle 0.7351 407 127 424 157
bottle 0.4587 266 304 298 365
bottle 0.3137 407 127 430 200
bottle 0.0471 453 141 471 171
bottle 0.0040 411 160 432 199
bottle 0.0039 459 141 471 156
bottle 0.0028 435 151 453 168
bottle 0.0024 456 142 468 162
bottle 0.0016 461 153 488 190
bottle 0.0015 353 147 363 162
bottle 0.0010 402 155 430 190
bottle 0.0010 352 124 436 190
chair 0.1084 435 192 489 312
chair 0.0556 477 185 499 293
chair 0.0316 72 136 204 275
chair 0.0155 0 140 446 369
chair 0.0145 78 251 125 286
chair 0.0128 377 171 481 321
chair 0.0107 437 263 476 312
chair 0.0104 389 177 444 281
chair 0.0098 71 250 132 311
chair 0.0088 233 160 488 371
chair 0.0065 98 252 124 284
chair 0.0036 7 138 262 317
chair 0.0034 327 158 443 282
chair 0.0024 438 225 479 264
chair 0.0023 161 127 465 297
chair 0.0021 10 233 299 347
chair 0.0017 65 238 153 338
chair 0.0013 478 189 499 242
chair 0.0012 317 271 485 371
chair 0.0012 437 226 480 297
chair 0.0012 195 137 376 231
chair 0.0012 69 323 315 372
sofa 0.6410 1 127 471 371
sofa 0.1219 49 135 214 282
sofa 0.0666 38 132 323 322
sofa 0.0389 150 108 378 339
sofa 0.0264 208 160 487 372
sofa 0.0056 312 270 484 371
sofa 0.0055 388 167 443 279
sofa 0.0035 0 247 490 370
sofa 0.0030 342 156 444 278
sofa 0.0024 233 149 369 226
sofa 0.0022 1 191 287 371
sofa 0.0017 377 172 483 323
sofa 0.0016 22 314 321 369
sofa 0.0016 436 189 495 311
sofa 0.0014 476 185 499 295
sofa 0.0010 302 327 383 373
pottedplant 0.8199 277 -1 440 166
pottedplant 0.0185 319 115 391 163
pottedplant 0.0020 306 77 422 164
pottedplant 0.0017 366 56 429 105
pottedplant 0.0013 338 110 419 162
pottedplant 0.0011 364 142 377 163
diningtable 0.0379 425 160 498 284
diningtable 0.0151 471 175 499 298
diningtable 0.0102 434 163 496 204
diningtable 0.0035 73 326 281 372
diningtable 0.0021 318 158 488 356
diningtable 0.0020 432 173 471 195
tvmonitor 0.0173 38 111 102 171
tvmonitor 0.0035 64 112 101 164
tvmonitor 0.0017 0 -2 107 185
