person 0.0014 1 0 27 74
bird 0.0011 409 52 417 64
cat 0.0596 67 110 90 141
dog 0.0257 67 110 90 141
dog 0.0033 255 46 293 67
dog 0.0010 347 50 386 80
bottle 0.0475 409 52 416 64
bottle 0.0013 301 54 316 65
chair 0.8032 0 72 112 273
chair 0.0343 456 95 485 145
chair 0.0263 4 70 91 147
chair 0.0110 273 33 384 86
chair 0.0072 255 46 293 67
chair 0.0072 55 57 449 336
chair 0.0070 343 45 382 83
chair 0.0048 475 13 499 160
chair 0.0025 463 56 496 154
chair 0.0024 347 68 374 82
chair 0.0024 388 63 419 99
chair 0.0022 174 34 228 78
chair 0.0017 487 140 499 169
chair 0.0015 115 66 421 234
chair 0.0014 394 70 414 89
chair 0.0014 227 0 276 68
sofa 0.7702 0 70 114 268
sofa 0.5536 52 58 438 334
sofa 0.2987 109 65 420 225
sofa 0.0472 274 34 384 83
sofa 0.0048 1 69 91 150
sofa 0.0021 87 117 152 187
pottedplant 0.7099 103 85 134 132
pottedplant 0.0036 67 110 90 140
diningtable 0.0010 122 66 420 222
tvmonitor 0.1323 275 35 381 83
tvmonitor 0.0311 394 70 413 86
tvmonitor 0.0154 476 13 499 161
tvmonitor 0.0084 459 95 485 128
tvmonitor 0.0043 227 0 274 49
