person 0.8856 438 185 487 312
person 0.8851 254 203 287 318
person 0.8787 337 208 361 269
person 0.8714 190 199 227 307
person 0.8710 288 202 323 295
person 0.2494 189 211 205 286
person 0.1246 190 234 201 283
person 0.0393 302 181 318 209
person 0.0301 215 207 241 233
person 0.0228 278 177 295 216
person 0.0203 216 209 253 255
person 0.0183 237 205 260 232
person 0.0108 285 187 297 219
person 0.0095 228 201 251 230
person 0.0090 313 218 324 248
person 0.0070 191 206 204 244
person 0.0067 312 201 322 224
person 0.0056 283 221 295 256
person 0.0049 311 204 322 240
person 0.0047 280 177 292 195
person 0.0047 415 190 425 223
person 0.0041 267 119 292 154
person 0.0034 240 216 257 233
person 0.0025 270 120 288 145
person 0.0023 478 231 499 310
person 0.0022 275 181 290 220
person 0.0021 452 186 471 205
person 0.0021 184 179 203 223
person 0.0020 194 202 204 226
person 0.0019 270 121 283 137
person 0.0019 405 188 416 221
person 0.0018 411 190 421 222
person 0.0016 320 119 339 146
person 0.0015 424 201 432 223
person 0.0015 252 218 264 245
person 0.0014 239 215 259 246
person 0.0014 323 180 339 214
person 0.0012 337 212 350 263
person 0.0011 223 226 257 255
person 0.0011 280 197 292 223
person 0.0011 302 190 319 216
person 0.0010 425 194 440 274
person 0.0010 464 248 485 309
person 0.0010 461 268 474 300
person 0.0010 202 201 223 236
person 0.0010 188 210 410 267
person 0.0010 312 210 323 275
bottle 0.0016 438 247 448 265
bottle 0.0014 436 247 448 276
chair 0.0016 477 228 498 307
chair 0.0014 283 222 295 256
chair 0.0014 217 207 258 258
chair 0.0014 223 226 257 255
chair 0.0012 461 271 473 296
pottedplant 0.0783 138 181 196 233
pottedplant 0.0516 229 201 252 229
pottedplant 0.0117 162 184 193 231
pottedplant 0.0076 107 93 124 157
pottedplant 0.0072 237 205 260 232
pottedplant 0.0052 220 202 245 230
pottedplant 0.0042 70 114 90 140
pottedplant 0.0038 138 184 164 226
pottedplant 0.0038 66 69 92 141
pottedplant 0.0022 229 200 251 215
pottedplant 0.0021 138 187 154 220
pottedplant 0.0013 214 204 243 264
pottedplant 0.0012 11 24 41 90
pottedplant 0.0011 324 179 340 211
pottedplant 0.0010 6 8 43 111
diningtable 0.0037 225 234 258 256
