person 0.0247 448 140 463 152
person 0.0246 392 158 499 370
person 0.0099 59 133 72 154
person 0.0059 245 148 497 371
person 0.0058 449 122 460 135
person 0.0017 464 123 471 135
person 0.0014 0 161 107 372
car 0.0011 392 160 499 371
bird 0.0054 448 140 463 152
bird 0.0026 392 98 410 117
bird 0.0024 168 63 199 89
bird 0.0023 170 61 198 78
bird 0.0016 455 81 480 109
bird 0.0012 71 135 85 154
cat 0.0050 124 174 175 212
cat 0.0017 392 162 500 372
cat 0.0012 368 186 385 197
dog 0.0424 393 162 501 372
dog 0.0023 117 172 173 211
dog 0.0021 139 161 264 370
horse 0.0050 167 66 199 92
horse 0.0024 453 78 482 110
sheep 0.0529 391 159 499 372
cow 0.0189 389 157 499 369
bottle 0.0180 95 3 107 31
bottle 0.0165 68 1 83 32
bottle 0.0146 59 134 72 154
bottle 0.0108 106 126 122 155
bottle 0.0089 46 2 60 26
bottle 0.0046 71 134 85 155
bottle 0.0043 309 162 324 182
bottle 0.0037 116 0 132 24
bottle 0.0035 354 166 362 204
bottle 0.0014 448 142 463 153
bottle 0.0014 55 3 69 27
bottle 0.0014 85 129 99 152
bottle 0.0013 116 107 123 126
bottle 0.0011 75 172 95 195
bottle 0.0010 312 174 323 186
chair 0.9025 142 159 263 363
chair 0.8825 1 160 113 373
chair 0.8545 363 167 414 223
chair 0.2015 240 171 493 375
chair 0.1071 256 130 298 189
chair 0.0695 239 295 418 373
chair 0.0594 75 235 138 359
chair 0.0395 258 142 365 272
chair 0.0356 266 155 294 192
chair 0.0272 393 162 501 372
chair 0.0268 257 142 329 206
chair 0.0248 72 154 181 311
chair 0.0222 309 162 324 182
chair 0.0201 75 236 137 261
chair 0.0173 130 179 191 255
chair 0.0166 371 167 413 195
chair 0.0149 4 268 109 372
chair 0.0129 245 179 263 265
chair 0.0123 261 156 306 259
chair 0.0100 330 187 356 203
chair 0.0087 270 166 353 216
chair 0.0084 75 271 109 363
chair 0.0082 299 181 325 198
chair 0.0076 255 184 276 262
chair 0.0075 315 183 332 199
chair 0.0058 101 157 159 194
chair 0.0055 70 211 194 367
chair 0.0053 354 168 362 204
chair 0.0048 430 172 443 214
chair 0.0045 74 249 135 275
chair 0.0041 58 153 106 192
chair 0.0038 281 186 297 199
chair 0.0036 397 183 412 222
chair 0.0036 273 185 364 255
chair 0.0028 363 182 384 198
chair 0.0026 356 178 367 201
chair 0.0025 249 353 434 374
chair 0.0022 252 171 289 262
chair 0.0022 75 172 95 195
chair 0.0018 0 159 77 313
chair 0.0018 74 183 138 270
chair 0.0017 160 218 181 255
chair 0.0016 296 188 323 199
chair 0.0016 300 204 356 220
chair 0.0014 355 165 369 204
chair 0.0013 141 261 244 366
chair 0.0012 77 171 193 246
chair 0.0012 121 173 177 210
chair 0.0011 72 167 104 190
chair 0.0011 250 206 262 256
chair 0.0010 299 197 342 206
chair 0.0010 448 140 463 152
chair 0.0010 431 168 450 201
sofa 0.2654 369 157 495 372
sofa 0.2480 239 296 429 372
sofa 0.2426 237 159 497 374
sofa 0.0191 364 167 415 222
sofa 0.0048 250 352 432 374
sofa 0.0048 262 147 331 202
sofa 0.0047 256 131 299 187
sofa 0.0045 258 167 365 270
sofa 0.0015 371 167 413 195
sofa 0.0011 0 161 107 372
pottedplant 0.5513 309 158 329 182
pottedplant 0.0819 89 95 119 119
pottedplant 0.0307 87 93 121 155
pottedplant 0.0115 68 1 84 31
pottedplant 0.0103 86 130 101 152
pottedplant 0.0090 453 77 482 110
pottedplant 0.0070 354 168 362 204
pottedplant 0.0067 448 142 463 153
pottedplant 0.0037 314 167 331 197
pottedplant 0.0030 355 156 379 204
pottedplant 0.0025 262 147 331 202
pottedplant 0.0021 355 84 383 206
pottedplant 0.0020 46 1 59 27
pottedplant 0.0019 55 3 69 27
pottedplant 0.0018 299 181 325 198
pottedplant 0.0017 94 2 108 32
pottedplant 0.0016 72 135 85 154
pottedplant 0.0014 456 91 479 109
pottedplant 0.0014 312 174 323 186
pottedplant 0.0013 106 125 122 156
pottedplant 0.0012 436 159 448 168
pottedplant 0.0012 74 0 117 32
pottedplant 0.0011 108 0 132 26
diningtable 0.6694 69 179 192 368
diningtable 0.0210 250 352 432 374
diningtable 0.0209 73 178 193 253
diningtable 0.0135 259 152 367 267
diningtable 0.0102 79 188 186 230
diningtable 0.0098 276 185 389 218
diningtable 0.0046 0 164 111 345
diningtable 0.0043 393 158 499 372
diningtable 0.0025 289 179 348 217
diningtable 0.0021 130 181 193 255
diningtable 0.0014 298 184 333 199
diningtable 0.0013 364 167 415 222
diningtable 0.0013 330 187 356 203
diningtable 0.0013 238 300 439 371
diningtable 0.0010 252 134 320 265
tvmonitor 0.1600 256 131 299 187
tvmonitor 0.1212 102 156 158 195
tvmonitor 0.0028 264 149 292 183
tvmonitor 0.0024 60 153 105 191
tvmonitor 0.0018 265 165 328 202
tvmonitor 0.0015 251 132 298 231
tvmonitor 0.0015 121 174 175 211
tvmonitor 0.0014 105 125 122 156
