person 0.8153 0 -4 99 351
person 0.6606 280 224 293 246
person 0.6037 0 227 93 368
person 0.5041 311 225 320 244
person 0.2204 318 225 328 242
person 0.1155 297 235 305 245
person 0.0856 265 226 278 247
person 0.0626 319 220 327 230
person 0.0310 306 230 314 245
person 0.0134 302 227 313 243
person 0.0114 0 266 56 373
person 0.0079 97 230 112 237
person 0.0059 316 216 329 228
person 0.0048 0 324 43 373
person 0.0046 314 227 332 243
person 0.0045 273 225 284 242
person 0.0040 2 5 216 328
person 0.0032 269 234 288 248
person 0.0026 310 230 330 246
person 0.0022 301 233 311 247
person 0.0021 321 231 330 245
person 0.0018 0 141 41 205
person 0.0017 22 316 58 348
person 0.0011 340 52 348 66
bicycle 0.0012 69 93 86 103
bicycle 0.0010 144 89 192 104
car 0.0018 185 219 198 228
car 0.0013 319 228 329 243
motorbike 0.0010 319 228 329 243
aeroplane 0.0023 322 218 358 227
boat 0.8573 187 34 359 251
boat 0.7471 164 205 176 231
boat 0.5176 185 219 198 228
boat 0.0910 323 218 358 228
boat 0.0445 78 182 113 237
boat 0.0169 266 232 336 258
boat 0.0111 123 106 145 114
boat 0.0098 375 214 387 221
boat 0.0086 319 219 330 230
boat 0.0083 85 233 126 243
boat 0.0061 0 323 42 374
boat 0.0057 374 212 408 221
boat 0.0055 357 214 387 222
boat 0.0055 13 316 59 348
boat 0.0044 2 305 78 364
boat 0.0037 130 222 162 230
boat 0.0033 186 56 278 241
boat 0.0030 130 204 172 230
boat 0.0030 324 84 492 102
boat 0.0029 295 237 331 258
boat 0.0026 314 227 332 243
boat 0.0024 160 204 195 234
boat 0.0019 97 230 112 237
boat 0.0018 319 201 359 225
boat 0.0015 171 208 197 230
boat 0.0012 122 98 146 113
boat 0.0012 266 227 278 247
boat 0.0012 310 230 330 246
boat 0.0012 66 86 145 110
boat 0.0011 273 61 333 239
boat 0.0011 318 221 329 240
boat 0.0011 297 234 307 245
boat 0.0010 144 88 191 104
boat 0.0010 206 231 268 243
boat 0.0010 281 225 294 246
boat 0.0010 321 66 492 98
boat 0.0010 96 184 111 235
bird 0.0237 123 106 145 114
dog 0.0038 297 235 305 245
chair 0.0069 319 227 329 243
chair 0.0017 0 325 43 374
chair 0.0011 268 228 281 246
