person 0.6011 361 194 373 244
person 0.0341 335 215 347 227
person 0.0206 358 192 371 213
person 0.0079 334 212 360 228
person 0.0073 326 214 346 227
person 0.0063 136 190 147 201
person 0.0056 347 193 372 241
person 0.0050 313 214 351 243
person 0.0032 85 185 98 205
person 0.0029 292 166 308 195
person 0.0028 45 178 70 203
person 0.0027 230 90 312 143
person 0.0026 149 193 160 202
person 0.0025 325 221 352 242
person 0.0022 295 166 307 181
person 0.0020 233 87 260 124
person 0.0015 364 194 374 220
person 0.0014 233 97 247 119
person 0.0013 264 186 284 227
person 0.0011 324 202 352 229
person 0.0010 240 100 282 138
person 0.0010 363 219 374 243
person 0.0010 303 172 329 241
person 0.0010 0 189 13 220
bicycle 0.0016 309 216 354 244
bicycle 0.0013 0 190 13 220
car 0.0056 83 187 98 211
car 0.0041 84 199 98 213
car 0.0028 86 185 98 199
car 0.0022 45 177 92 206
car 0.0012 0 190 14 218
car 0.0011 46 186 70 204
bird 0.0110 159 167 285 491
bird 0.0012 105 60 300 479
dog 0.0011 335 215 347 227
bottle 0.0036 322 171 336 198
chair 0.0130 335 215 347 227
chair 0.0130 0 190 13 220
chair 0.0082 26 190 48 243
chair 0.0073 322 213 342 227
chair 0.0069 116 217 139 237
chair 0.0051 310 213 354 244
chair 0.0032 117 472 173 499
chair 0.0028 0 190 18 242
chair 0.0026 313 228 353 243
chair 0.0020 84 199 98 213
chair 0.0019 306 227 325 242
chair 0.0019 40 212 51 240
chair 0.0014 15 190 32 217
chair 0.0014 98 216 138 251
chair 0.0011 152 163 283 493
chair 0.0011 325 221 352 242
chair 0.0011 114 416 237 498
chair 0.0011 98 219 110 239
chair 0.0011 321 200 347 228
chair 0.0010 335 212 368 242
pottedplant 0.8263 56 227 163 328
pottedplant 0.6171 291 138 352 201
pottedplant 0.5264 99 69 313 475
pottedplant 0.1818 155 238 215 329
pottedplant 0.1796 0 235 75 311
pottedplant 0.1325 0 236 34 304
pottedplant 0.1156 -3 1 185 112
pottedplant 0.0538 280 236 375 325
pottedplant 0.0516 22 0 183 58
pottedplant 0.0511 292 298 374 351
pottedplant 0.0394 282 237 374 283
pottedplant 0.0318 40 28 226 187
pottedplant 0.0309 83 194 97 213
pottedplant 0.0306 356 175 374 206
pottedplant 0.0280 -3 -3 187 224
pottedplant 0.0156 1 151 45 194
pottedplant 0.0154 164 168 287 442
pottedplant 0.0150 23 216 220 385
pottedplant 0.0138 68 276 155 327
pottedplant 0.0126 122 0 185 55
pottedplant 0.0125 83 186 98 207
pottedplant 0.0100 -2 0 78 230
pottedplant 0.0094 0 237 34 257
pottedplant 0.0073 130 234 184 298
pottedplant 0.0071 81 204 95 215
pottedplant 0.0063 0 68 62 197
pottedplant 0.0058 42 112 123 221
pottedplant 0.0049 19 20 130 282
pottedplant 0.0047 44 202 76 239
pottedplant 0.0045 322 171 336 198
pottedplant 0.0044 0 266 33 309
pottedplant 0.0040 115 231 163 308
pottedplant 0.0038 3 22 294 406
pottedplant 0.0037 45 178 70 203
pottedplant 0.0037 358 192 371 213
pottedplant 0.0034 118 72 217 181
pottedplant 0.0033 295 299 351 338
pottedplant 0.0032 47 231 101 318
pottedplant 0.0029 0 190 13 220
pottedplant 0.0027 121 233 157 252
pottedplant 0.0027 294 165 308 190
pottedplant 0.0027 48 193 71 207
pottedplant 0.0026 331 240 374 283
pottedplant 0.0025 80 200 96 212
pottedplant 0.0024 311 166 337 197
pottedplant 0.0024 0 190 18 242
pottedplant 0.0023 5 189 34 221
pottedplant 0.0023 29 26 209 323
pottedplant 0.0022 291 142 312 186
pottedplant 0.0022 31 269 70 311
pottedplant 0.0020 86 185 98 199
pottedplant 0.0020 324 184 335 197
pottedplant 0.0020 117 217 139 238
pottedplant 0.0019 0 246 32 267
pottedplant 0.0019 45 177 92 206
pottedplant 0.0019 136 190 146 201
pottedplant 0.0019 44 177 79 228
pottedplant 0.0017 22 188 49 243
pottedplant 0.0016 144 231 199 270
pottedplant 0.0015 177 268 215 328
pottedplant 0.0014 335 215 347 227
pottedplant 0.0014 71 152 132 222
pottedplant 0.0013 149 193 160 202
pottedplant 0.0012 0 239 66 270
pottedplant 0.0012 153 84 191 132
pottedplant 0.0012 365 128 374 147
pottedplant 0.0011 196 0 243 101
pottedplant 0.0011 149 85 212 164
pottedplant 0.0011 118 180 131 194
pottedplant 0.0010 15 190 32 213
pottedplant 0.0010 118 183 126 194
pottedplant 0.0010 43 195 106 236
diningtable 0.0178 309 226 353 243
diningtable 0.0023 115 452 223 497
diningtable 0.0016 322 213 342 227
diningtable 0.0012 333 210 368 228
diningtable 0.0011 335 212 368 242
diningtable 0.0010 325 221 352 242
tvmonitor 0.0017 292 169 307 192
