person 0.9374 263 28 433 354
person 0.0581 261 103 318 153
person 0.0385 248 97 323 249
person 0.0154 261 130 297 152
person 0.0052 287 101 318 133
person 0.0037 260 131 279 149
person 0.0029 258 131 289 163
person 0.0023 257 141 277 163
person 0.0020 188 113 279 250
person 0.0018 241 144 304 251
person 0.0017 369 70 432 226
person 0.0014 256 113 317 203
person 0.0013 275 115 312 149
person 0.0010 270 105 328 183
bicycle 0.0011 299 195 326 235
car 0.0023 260 130 296 151
motorbike 0.8448 16 94 317 346
motorbike 0.0197 261 102 318 153
motorbike 0.0106 245 141 324 259
motorbike 0.0045 252 198 313 271
motorbike 0.0034 237 100 446 343
motorbike 0.0028 256 101 321 201
motorbike 0.0026 272 119 379 275
motorbike 0.0022 281 173 341 272
motorbike 0.0011 286 102 318 140
horse 0.0017 260 103 317 154
horse 0.0013 260 130 297 152
bottle 0.0011 198 228 219 243
