person 0.8713 282 292 311 368
person 0.8442 416 346 447 374
person 0.8401 328 287 349 373
person 0.8119 391 342 408 374
person 0.6885 365 342 382 373
person 0.1042 354 337 370 373
person 0.0821 278 158 296 172
person 0.0698 366 332 383 361
person 0.0483 381 354 391 372
person 0.0471 366 332 379 351
person 0.0464 345 318 369 363
person 0.0415 277 294 290 307
person 0.0369 302 343 313 358
person 0.0290 355 321 368 349
person 0.0286 284 303 308 346
person 0.0224 99 166 119 174
person 0.0208 188 172 204 186
person 0.0151 264 294 288 328
person 0.0134 316 364 325 373
person 0.0123 382 345 393 369
person 0.0120 381 362 391 374
person 0.0095 278 292 291 327
person 0.0072 302 304 314 358
person 0.0066 332 144 342 166
person 0.0063 437 362 448 374
person 0.0063 293 342 312 368
person 0.0062 262 296 282 315
person 0.0062 238 174 262 193
person 0.0061 376 341 385 366
person 0.0058 237 176 247 188
person 0.0040 356 354 370 373
person 0.0031 281 300 294 329
person 0.0029 345 318 357 339
person 0.0027 439 367 448 374
person 0.0027 265 283 274 293
person 0.0021 331 287 346 304
person 0.0021 303 330 314 358
person 0.0019 290 292 307 310
person 0.0018 421 346 434 359
person 0.0017 329 291 343 313
person 0.0013 286 297 309 329
person 0.0013 270 282 395 369
person 0.0012 203 75 212 87
person 0.0012 434 352 449 373
person 0.0011 264 307 282 327
person 0.0011 276 301 294 360
person 0.0011 408 361 422 373
person 0.0010 431 363 446 374
car 0.0140 275 290 334 321
car 0.0122 261 292 293 337
car 0.0050 292 292 335 312
car 0.0031 261 298 283 328
car 0.0025 278 295 290 313
car 0.0024 283 292 312 369
car 0.0013 99 166 119 174
car 0.0011 262 287 356 354
car 0.0011 262 309 275 327
aeroplane 0.0033 264 289 390 366
train 0.0029 264 289 390 366
train 0.0015 273 290 334 315
boat 0.7780 41 -12 283 377
boat 0.7177 5 146 64 189
boat 0.6581 383 150 407 177
boat 0.5980 274 158 297 173
boat 0.4496 330 144 346 170
boat 0.4180 99 167 118 174
boat 0.3209 6 166 59 188
boat 0.3001 4 -16 509 379
boat 0.1786 261 289 392 364
boat 0.0421 269 292 325 331
boat 0.0318 332 144 344 159
boat 0.0233 100 163 141 172
boat 0.0223 388 150 402 169
boat 0.0211 335 294 392 370
boat 0.0161 5 177 60 189
boat 0.0124 381 164 407 178
boat 0.0113 331 161 346 171
boat 0.0097 376 170 411 179
boat 0.0096 261 292 293 337
boat 0.0074 38 180 64 188
boat 0.0071 4 183 60 191
boat 0.0064 42 192 264 371
boat 0.0052 344 317 368 373
boat 0.0052 8 147 39 184
boat 0.0052 55 171 260 227
boat 0.0048 273 290 334 315
boat 0.0043 335 123 373 133
boat 0.0042 302 343 315 362
boat 0.0032 21 146 34 168
boat 0.0023 0 183 9 192
boat 0.0021 381 156 421 176
boat 0.0021 332 141 341 152
boat 0.0018 346 308 454 371
boat 0.0018 291 143 410 177
boat 0.0016 25 145 33 162
boat 0.0015 52 182 66 188
boat 0.0015 316 364 325 373
boat 0.0013 3 180 30 188
boat 0.0012 337 126 363 135
boat 0.0012 343 320 358 358
boat 0.0012 7 74 58 173
boat 0.0012 335 128 350 136
boat 0.0011 235 281 338 355
bird 0.0032 188 172 204 186
bird 0.0023 99 167 118 174
bird 0.0011 274 158 298 173
dog 0.0076 188 172 204 186
dog 0.0012 303 343 313 359
dog 0.0010 316 364 325 373
cow 0.0023 188 172 204 186
cow 0.0010 99 167 118 174
chair 0.0037 187 172 204 187
chair 0.0027 39 190 257 371
chair 0.0011 267 341 289 362
