person 0.3437 162 118 178 144
person 0.2520 123 74 139 102
person 0.0501 378 91 387 108
person 0.0279 356 122 366 145
person 0.0071 129 78 142 105
person 0.0049 256 102 274 130
person 0.0045 287 114 304 131
person 0.0043 269 38 283 59
person 0.0041 474 118 496 145
person 0.0027 117 83 140 107
person 0.0018 222 104 234 131
person 0.0015 481 118 495 139
person 0.0013 467 289 499 373
person 0.0012 247 34 268 60
bird 0.0112 287 114 305 131
bird 0.0072 222 104 234 131
bird 0.0044 256 102 276 130
bird 0.0039 229 123 242 131
bird 0.0034 226 119 239 132
bird 0.0032 356 123 366 144
bird 0.0032 379 92 388 113
bird 0.0016 122 75 139 104
bird 0.0011 224 113 242 130
cat 0.0054 287 114 305 131
cat 0.0049 257 102 276 130
cat 0.0035 122 74 139 103
cat 0.0031 224 113 242 130
cat 0.0027 222 104 232 131
cat 0.0021 226 119 239 132
cat 0.0018 229 122 243 131
cat 0.0012 161 118 177 144
cat 0.0010 223 68 237 90
dog 0.0302 162 118 177 144
dog 0.0209 122 75 139 104
dog 0.0115 256 102 274 130
dog 0.0033 378 92 387 109
dog 0.0015 287 114 304 131
dog 0.0013 222 104 241 132
dog 0.0010 270 39 284 58
horse 0.0027 122 75 139 104
horse 0.0024 256 102 274 130
horse 0.0022 161 118 177 144
bottle 0.0323 222 67 237 91
bottle 0.0255 462 170 486 229
bottle 0.0090 469 170 483 215
bottle 0.0035 445 105 461 138
bottle 0.0020 222 104 232 131
bottle 0.0019 314 112 329 132
bottle 0.0017 428 242 438 257
bottle 0.0012 416 240 431 260
bottle 0.0012 287 114 305 131
chair 0.7875 368 256 459 373
chair 0.7407 468 290 499 372
chair 0.6890 354 217 439 360
chair 0.0373 411 239 431 261
chair 0.0348 479 229 499 261
chair 0.0212 356 216 435 275
chair 0.0143 421 277 486 372
chair 0.0102 450 254 500 277
chair 0.0089 434 244 460 257
chair 0.0078 360 248 405 373
chair 0.0077 402 238 425 262
chair 0.0072 352 216 440 242
chair 0.0056 379 280 402 371
chair 0.0055 450 262 498 373
chair 0.0046 446 298 477 361
chair 0.0046 348 230 381 370
chair 0.0044 357 226 380 330
chair 0.0039 385 277 413 372
chair 0.0036 457 279 499 309
chair 0.0036 460 262 499 302
chair 0.0031 410 253 499 292
chair 0.0028 397 238 416 263
chair 0.0027 427 240 471 258
chair 0.0027 428 242 438 257
chair 0.0021 428 256 448 265
chair 0.0020 370 280 391 370
chair 0.0020 415 252 447 264
chair 0.0019 229 121 243 132
chair 0.0018 420 246 442 261
chair 0.0016 460 274 499 292
chair 0.0015 429 218 498 258
chair 0.0012 449 251 476 262
chair 0.0011 433 250 457 260
chair 0.0011 460 286 482 310
chair 0.0011 352 316 382 372
chair 0.0010 411 256 449 267
sofa 0.0023 352 218 446 369
sofa 0.0015 467 289 499 373
sofa 0.0013 479 227 499 260
pottedplant 0.0183 459 171 487 228
pottedplant 0.0148 473 119 494 145
pottedplant 0.0041 229 121 243 132
pottedplant 0.0029 471 121 485 145
pottedplant 0.0026 222 104 232 131
pottedplant 0.0024 287 114 305 131
pottedplant 0.0012 356 123 366 144
pottedplant 0.0011 435 176 458 222
pottedplant 0.0011 446 105 461 136
pottedplant 0.0010 224 113 242 130
diningtable 0.4397 407 255 500 293
diningtable 0.3626 396 250 499 372
diningtable 0.2052 448 253 499 279
diningtable 0.0132 460 262 499 302
diningtable 0.0126 459 275 499 295
diningtable 0.0085 457 279 499 309
diningtable 0.0053 349 226 490 347
diningtable 0.0042 467 289 499 373
diningtable 0.0040 450 262 498 373
diningtable 0.0025 360 241 494 285
diningtable 0.0023 349 217 441 243
diningtable 0.0019 408 262 477 287
diningtable 0.0013 449 250 477 263
diningtable 0.0010 427 240 471 258
tvmonitor 0.0031 238 20 311 74
