person 0.0120 238 190 268 268
person 0.0098 239 222 255 264
person 0.0066 268 260 276 272
person 0.0047 184 242 195 263
person 0.0042 229 249 240 268
person 0.0041 119 234 130 257
person 0.0018 227 81 238 104
person 0.0018 129 214 151 258
person 0.0015 358 266 369 288
person 0.0014 262 221 271 257
person 0.0014 270 205 282 215
person 0.0012 170 270 180 281
person 0.0011 229 85 237 100
person 0.0010 109 268 118 285
bicycle 0.0010 339 238 375 279
car 0.0012 53 101 76 120
bus 0.0026 330 165 355 177
boat 0.8413 35 351 352 492
boat 0.5822 203 291 376 362
boat 0.4223 202 189 375 362
boat 0.4062 75 163 374 357
boat 0.3472 1 189 139 325
boat 0.2401 48 14 369 369
boat 0.2311 85 245 232 355
boat 0.1527 0 30 151 332
boat 0.1276 0 284 94 331
boat 0.1045 54 109 240 353
boat 0.1027 0 237 104 310
boat 0.0822 145 6 352 275
boat 0.0766 20 166 93 195
boat 0.0712 302 28 373 188
boat 0.0524 0 171 54 227
boat 0.0516 44 184 144 247
boat 0.0467 48 175 136 203
boat 0.0425 0 162 95 215
boat 0.0367 0 30 49 249
boat 0.0342 53 119 101 167
boat 0.0299 102 118 146 165
boat 0.0280 331 132 374 199
boat 0.0274 4 3 78 298
boat 0.0250 159 4 314 168
boat 0.0247 106 130 143 154
boat 0.0233 51 153 127 196
boat 0.0232 49 65 111 172
boat 0.0218 51 166 93 190
boat 0.0210 11 165 54 190
boat 0.0197 43 134 110 192
boat 0.0178 16 95 98 201
boat 0.0167 0 78 39 197
boat 0.0161 60 36 127 188
boat 0.0160 169 164 304 217
boat 0.0146 108 100 166 164
boat 0.0145 276 28 375 300
boat 0.0142 52 96 77 120
boat 0.0141 160 162 241 216
boat 0.0138 61 181 119 201
boat 0.0130 0 169 68 296
boat 0.0126 166 184 299 270
boat 0.0122 153 147 231 202
boat 0.0122 31 241 136 299
boat 0.0109 68 146 102 166
boat 0.0103 0 187 34 228
boat 0.0103 133 170 372 280
boat 0.0103 99 40 151 171
boat 0.0103 5 167 37 187
boat 0.0101 330 165 356 177
boat 0.0101 0 238 45 296
boat 0.0098 325 308 374 331
boat 0.0095 11 177 55 206
boat 0.0094 83 181 125 197
boat 0.0094 0 239 33 278
boat 0.0092 60 174 99 195
boat 0.0087 39 56 77 208
boat 0.0085 111 127 143 140
boat 0.0083 0 216 31 241
boat 0.0082 82 102 133 163
boat 0.0082 55 119 90 148
boat 0.0081 4 157 29 174
boat 0.0080 330 165 361 188
boat 0.0072 -17 37 34 251
boat 0.0071 12 177 39 188
boat 0.0071 11 159 39 182
boat 0.0070 115 110 146 136
boat 0.0070 178 102 247 156
boat 0.0069 88 176 122 190
boat 0.0065 62 110 140 200
boat 0.0065 181 111 270 194
boat 0.0063 92 169 123 185
boat 0.0063 171 202 253 268
boat 0.0063 65 255 353 364
boat 0.0062 162 258 230 299
boat 0.0061 269 191 374 231
boat 0.0061 20 63 68 203
boat 0.0060 337 237 374 281
boat 0.0059 271 185 334 217
boat 0.0059 190 162 229 194
boat 0.0059 158 44 224 149
boat 0.0058 108 116 177 192
boat 0.0057 337 170 372 198
boat 0.0055 271 171 374 255
boat 0.0055 152 143 200 187
boat 0.0054 294 121 369 180
boat 0.0054 107 138 144 163
boat 0.0053 220 182 321 223
boat 0.0052 146 95 189 157
boat 0.0051 50 79 76 117
boat 0.0050 65 189 145 219
boat 0.0049 55 146 88 171
boat 0.0047 128 51 172 168
boat 0.0046 153 79 210 146
boat 0.0044 0 156 30 190
boat 0.0038 179 112 206 149
boat 0.0038 10 141 38 166
boat 0.0037 21 179 54 193
boat 0.0036 62 147 90 162
boat 0.0036 156 163 194 185
boat 0.0036 123 107 154 133
bottle 0.0131 261 223 272 259
bottle 0.0129 239 222 255 264
bottle 0.0027 238 189 268 268
bottle 0.0010 249 221 270 269
