person 0.0012 411 245 419 257
person 0.0011 344 257 350 266
person 0.0011 108 206 121 212
car 0.0266 213 209 262 222
car 0.0129 213 209 239 221
car 0.0026 14 203 29 212
car 0.0022 126 206 141 212
car 0.0019 2 201 30 212
car 0.0018 108 206 121 212
car 0.0015 120 205 139 213
car 0.0011 186 195 225 213
motorbike 0.0011 220 208 262 222
aeroplane 0.9084 20 88 494 217
aeroplane 0.0060 2 201 30 212
aeroplane 0.0046 6 203 61 216
aeroplane 0.0029 197 92 494 183
aeroplane 0.0021 457 199 498 214
aeroplane 0.0019 410 157 495 175
aeroplane 0.0014 1 201 72 223
bus 0.0024 123 205 141 212
