person 0.0079 291 93 354 227
person 0.0030 331 109 411 257
person 0.0023 399 155 452 275
person 0.0013 240 65 318 213
bicycle 0.0051 331 109 410 259
bicycle 0.0014 290 94 354 228
cat 0.1281 210 213 347 331
cat 0.0013 210 231 295 324
dog 0.8454 209 213 349 331
bottle 0.0019 183 212 211 242
chair 0.0497 252 149 301 226
chair 0.0426 332 162 404 260
chair 0.0412 397 200 450 281
chair 0.0159 294 154 348 232
chair 0.0148 168 133 229 227
chair 0.0098 440 185 498 293
chair 0.0026 292 94 352 229
chair 0.0019 432 108 498 287
chair 0.0014 168 59 239 228
chair 0.0011 173 144 218 186
pottedplant 0.8218 399 156 453 226
pottedplant 0.7960 341 112 411 197
pottedplant 0.7794 27 140 102 232
pottedplant 0.7330 292 91 352 169
pottedplant 0.7142 168 63 233 152
pottedplant 0.5418 244 65 316 129
pottedplant 0.3390 249 125 296 184
pottedplant 0.2263 262 30 296 68
pottedplant 0.1915 239 65 316 218
pottedplant 0.1643 10 59 102 229
pottedplant 0.1194 331 109 411 257
pottedplant 0.1172 248 123 305 222
pottedplant 0.1162 477 284 499 321
pottedplant 0.1010 234 0 275 57
pottedplant 0.0679 0 70 47 211
pottedplant 0.0662 264 85 296 127
pottedplant 0.0578 267 96 288 126
pottedplant 0.0478 247 87 309 183
pottedplant 0.0417 183 211 212 242
pottedplant 0.0336 260 0 338 69
pottedplant 0.0247 163 -1 277 57
pottedplant 0.0215 286 129 305 177
pottedplant 0.0187 163 2 275 147
pottedplant 0.0181 292 99 353 230
pottedplant 0.0155 435 168 499 316
pottedplant 0.0132 168 82 201 128
pottedplant 0.0104 236 25 259 58
pottedplant 0.0076 396 168 454 281
pottedplant 0.0066 2 -13 153 236
pottedplant 0.0057 213 61 250 126
pottedplant 0.0053 303 129 348 166
pottedplant 0.0051 219 91 255 180
pottedplant 0.0046 297 162 345 206
pottedplant 0.0042 168 59 239 228
pottedplant 0.0037 228 97 254 136
pottedplant 0.0037 229 -13 311 55
pottedplant 0.0037 266 158 291 185
pottedplant 0.0036 489 267 499 285
pottedplant 0.0033 285 37 303 67
pottedplant 0.0031 0 109 42 147
pottedplant 0.0029 168 84 185 132
pottedplant 0.0027 390 185 408 236
pottedplant 0.0025 417 91 498 291
pottedplant 0.0024 70 9 167 192
pottedplant 0.0024 132 82 169 142
pottedplant 0.0023 301 44 317 67
pottedplant 0.0020 207 61 246 99
pottedplant 0.0019 288 109 311 132
pottedplant 0.0019 287 109 312 152
pottedplant 0.0018 210 20 237 54
pottedplant 0.0018 247 84 270 130
pottedplant 0.0017 170 63 210 106
pottedplant 0.0015 262 54 391 243
pottedplant 0.0015 129 78 173 196
pottedplant 0.0015 276 91 294 123
pottedplant 0.0014 1 -64 53 223
pottedplant 0.0014 390 168 407 213
pottedplant 0.0013 277 115 305 173
pottedplant 0.0013 114 192 168 209
pottedplant 0.0013 346 151 394 192
pottedplant 0.0012 170 83 181 97
pottedplant 0.0012 153 59 323 229
pottedplant 0.0012 280 44 326 101
pottedplant 0.0012 304 174 336 202
pottedplant 0.0011 171 98 230 145
diningtable 0.0046 166 84 233 226
diningtable 0.0039 332 162 404 260
diningtable 0.0013 13 266 494 366
diningtable 0.0012 397 188 451 281
diningtable 0.0010 294 140 349 230
