person 0.7232 15 76 107 138
person 0.6285 15 76 110 226
person 0.0042 73 86 84 103
person 0.0041 71 85 93 114
bicycle 0.8673 108 89 199 238
bicycle 0.0053 108 84 187 144
bicycle 0.0034 130 185 168 236
bicycle 0.0030 109 96 149 137
bicycle 0.0030 0 137 146 234
bicycle 0.0021 144 87 197 180
bicycle 0.0021 167 138 186 171
bicycle 0.0017 162 109 194 179
bicycle 0.0013 147 99 198 140
bicycle 0.0011 166 141 187 200
car 0.0113 293 238 319 246
car 0.0014 487 244 498 251
bird 0.0048 57 198 88 228
cat 0.0046 56 192 92 228
dog 0.0044 56 192 92 228
sheep 0.0010 293 238 319 246
chair 0.0011 1 135 144 231
diningtable 0.0050 1 135 144 231
