person 0.0218 -4 0 493 275
person 0.0097 0 -1 472 121
person 0.0016 6 157 497 331
person 0.0010 249 33 373 125
cat 0.0099 317 117 448 240
cat 0.0047 5 36 412 316
cat 0.0028 1 50 216 329
cat 0.0014 201 139 315 201
dog 0.8245 0 20 473 326
dog 0.4198 315 117 448 240
dog 0.0321 90 35 436 216
dog 0.0083 2 49 219 328
dog 0.0031 205 141 311 201
dog 0.0017 237 48 447 243
cow 0.0010 0 19 484 331
chair 0.0373 13 5 469 311
chair 0.0089 0 -1 110 107
chair 0.0027 41 164 473 330
chair 0.0024 279 -2 498 305
chair 0.0018 89 -1 320 86
chair 0.0011 1 212 96 331
sofa 0.6285 -4 -5 489 317
sofa 0.0298 3 -1 340 92
sofa 0.0265 270 -2 499 321
sofa 0.0190 6 157 497 331
sofa 0.0132 20 -2 492 134
sofa 0.0087 1 -1 109 96
sofa 0.0035 0 214 93 329
sofa 0.0011 0 0 117 212
sofa 0.0011 0 -2 190 328
sofa 0.0010 0 -4 311 181
