person 0.0071 -1 204 481 371
person 0.0055 470 299 499 352
person 0.0049 23 -3 487 371
cat 0.8697 47 0 432 348
bottle 0.0048 479 268 488 300
bottle 0.0016 54 248 63 275
chair 0.1336 469 299 498 373
chair 0.1016 -1 287 258 371
chair 0.0188 23 -3 487 371
chair 0.0077 207 235 468 370
chair 0.0067 470 347 499 374
chair 0.0033 1 256 456 371
chair 0.0015 477 276 493 315
sofa 0.2402 469 300 499 373
sofa 0.2267 0 285 261 372
sofa 0.1800 9 205 480 370
sofa 0.0379 17 13 490 374
sofa 0.0032 470 347 499 374
sofa 0.0030 199 237 462 370
sofa 0.0013 0 286 127 371
diningtable 0.0028 470 347 499 374
