person 0.8502 263 0 292 65
person 0.8500 128 31 164 62
person 0.8149 200 32 232 61
person 0.7831 19 37 46 87
person 0.7212 45 42 79 96
person 0.5869 142 75 216 117
person 0.2502 0 44 22 79
person 0.2208 102 53 128 68
person 0.1675 134 77 182 120
person 0.1187 441 100 480 158
person 0.0527 264 110 320 142
person 0.0477 120 40 131 58
person 0.0438 176 76 216 113
person 0.0257 55 43 72 60
person 0.0255 79 53 98 76
person 0.0221 1 44 15 67
person 0.0192 78 60 91 79
person 0.0185 420 45 428 61
person 0.0178 94 35 118 66
person 0.0176 375 109 424 154
person 0.0173 120 43 135 63
person 0.0136 126 40 140 62
person 0.0130 338 14 371 67
person 0.0126 67 41 79 64
person 0.0122 40 60 55 99
person 0.0118 230 40 238 58
person 0.0099 327 103 430 155
person 0.0077 99 38 129 66
person 0.0075 77 52 125 80
person 0.0058 0 45 12 76
person 0.0056 71 28 94 67
person 0.0051 9 64 22 80
person 0.0050 14 63 25 80
person 0.0044 193 79 209 95
person 0.0039 369 26 396 61
person 0.0038 38 43 54 86
person 0.0036 172 37 182 58
person 0.0036 93 39 108 67
person 0.0035 293 22 304 63
person 0.0034 39 42 52 59
person 0.0033 174 29 209 58
person 0.0031 0 68 45 101
person 0.0029 157 29 177 58
person 0.0028 457 115 480 141
person 0.0027 27 62 47 90
person 0.0025 326 25 348 66
person 0.0025 279 2 292 45
person 0.0023 405 45 427 62
person 0.0023 261 2 275 67
person 0.0023 122 78 203 131
person 0.0023 0 56 9 76
person 0.0022 360 123 408 155
person 0.0018 444 120 476 154
person 0.0018 128 93 161 123
person 0.0017 468 121 481 139
person 0.0016 4 62 18 79
person 0.0016 199 34 235 97
person 0.0016 171 34 195 58
person 0.0016 23 37 34 53
person 0.0015 67 61 95 90
person 0.0015 287 2 303 65
person 0.0015 386 45 429 65
person 0.0013 164 30 183 57
person 0.0013 193 78 215 108
person 0.0011 467 113 482 137
person 0.0011 49 59 244 132
person 0.0011 338 14 412 68
person 0.0010 159 77 175 87
person 0.0010 217 34 234 60
person 0.0010 40 57 72 98
person 0.0010 263 5 290 38
bicycle 0.0010 380 46 497 77
car 0.9208 0 58 285 231
car 0.9120 5 66 498 374
car 0.1179 102 53 128 67
car 0.0865 382 52 498 90
car 0.0436 253 65 320 80
car 0.0319 19 49 489 184
car 0.0229 0 78 94 248
car 0.0178 3 60 111 95
car 0.0147 0 72 45 101
car 0.0129 363 48 502 73
car 0.0106 318 30 499 86
car 0.0096 64 52 133 87
car 0.0085 357 51 499 117
car 0.0083 106 60 283 115
car 0.0080 79 53 99 69
car 0.0073 127 41 143 61
car 0.0036 186 63 329 97
car 0.0034 424 56 501 79
car 0.0029 381 46 449 67
car 0.0025 95 35 119 62
car 0.0024 120 43 135 63
car 0.0022 67 66 85 87
car 0.0021 34 53 134 107
car 0.0021 77 61 90 79
car 0.0020 337 15 450 69
car 0.0019 251 66 346 87
car 0.0017 0 79 76 158
car 0.0017 127 31 164 62
car 0.0017 174 30 209 59
car 0.0017 121 41 132 58
car 0.0016 84 55 189 75
car 0.0016 220 75 462 157
car 0.0015 0 73 65 116
car 0.0014 422 54 498 63
car 0.0014 -7 -43 495 135
car 0.0013 172 60 265 111
car 0.0012 6 66 31 83
car 0.0012 1 222 492 373
car 0.0011 31 106 249 204
car 0.0011 1 43 24 80
car 0.0011 0 131 31 161
car 0.0011 271 4 500 77
car 0.0010 0 151 17 251
motorbike 0.0148 33 55 79 101
motorbike 0.0142 0 73 44 101
motorbike 0.0124 0 62 83 106
motorbike 0.0088 68 62 89 84
motorbike 0.0054 66 66 84 88
motorbike 0.0052 38 52 132 96
motorbike 0.0049 41 62 60 99
motorbike 0.0035 40 75 55 101
motorbike 0.0030 77 61 90 80
motorbike 0.0026 26 62 46 91
motorbike 0.0024 0 44 23 80
motorbike 0.0023 24 69 57 98
motorbike 0.0019 43 68 71 98
motorbike 0.0018 78 55 96 79
motorbike 0.0016 0 73 65 116
motorbike 0.0013 0 60 497 375
motorbike 0.0012 38 78 72 105
bus 0.0242 -2 -125 495 123
bus 0.0119 1 61 488 376
bus 0.0019 8 21 489 188
bus 0.0017 1 0 226 85
bus 0.0014 1 284 142 373
train 0.0022 0 -41 487 122
boat 0.0040 363 48 502 73
boat 0.0025 254 65 321 78
boat 0.0017 416 56 501 77
boat 0.0015 1 284 142 373
boat 0.0015 409 54 505 63
boat 0.0012 337 15 450 69
boat 0.0010 381 45 435 66
dog 0.0015 134 77 182 120
chair 0.0026 254 65 321 78
chair 0.0019 1 319 57 374
diningtable 0.0047 258 65 319 78
