person 0.9258 73 79 238 276
person 0.8805 297 122 415 286
person 0.8512 0 93 61 289
person 0.7344 457 138 499 309
person 0.7202 226 140 288 195
person 0.6532 183 89 227 169
person 0.4083 29 119 88 202
person 0.3316 214 133 240 168
person 0.2710 279 130 308 171
person 0.2053 263 141 281 165
person 0.1828 262 143 290 189
person 0.1765 53 135 87 200
person 0.1667 287 131 312 186
person 0.1525 30 119 61 174
person 0.1123 26 105 90 275
person 0.1117 26 120 49 166
person 0.1018 218 133 238 153
person 0.0922 279 144 304 168
person 0.0753 90 79 195 171
person 0.0732 260 141 274 161
person 0.0661 13 124 51 191
person 0.0645 282 148 307 185
person 0.0636 14 126 31 162
person 0.0627 293 133 309 164
person 0.0548 27 121 43 147
person 0.0461 211 139 242 187
person 0.0367 269 141 304 188
person 0.0291 469 134 498 209
person 0.0289 90 103 135 174
person 0.0266 184 112 213 167
person 0.0247 284 130 307 153
person 0.0217 51 150 88 268
person 0.0198 149 73 189 114
person 0.0196 281 130 298 147
person 0.0190 488 134 499 194
person 0.0187 260 140 270 155
person 0.0144 242 140 263 164
person 0.0141 286 161 302 196
person 0.0104 2 340 47 373
person 0.0102 15 130 36 176
person 0.0085 40 119 57 150
person 0.0083 474 189 499 221
person 0.0076 238 165 256 194
person 0.0073 21 122 66 223
person 0.0064 225 147 256 190
person 0.0055 56 138 77 159
person 0.0054 210 145 251 218
person 0.0054 418 195 477 287
person 0.0053 482 205 499 303
person 0.0052 7 113 52 234
person 0.0048 10 106 30 161
person 0.0046 483 191 499 233
person 0.0039 266 138 278 151
person 0.0036 405 168 416 184
person 0.0029 304 167 313 192
person 0.0024 245 139 261 152
person 0.0021 -7 196 503 369
person 0.0020 410 130 499 297
person 0.0020 90 128 116 175
person 0.0019 68 115 132 242
person 0.0019 0 92 23 252
person 0.0017 213 152 233 167
person 0.0016 53 140 68 162
person 0.0016 78 145 95 172
person 0.0016 0 250 59 289
person 0.0016 307 135 321 191
person 0.0014 212 135 229 159
person 0.0012 233 193 252 240
person 0.0012 246 173 254 198
person 0.0011 178 105 283 225
person 0.0011 278 189 291 210
person 0.0011 181 173 422 274
person 0.0011 301 154 313 190
person 0.0010 225 137 241 167
person 0.0010 423 305 439 340
bicycle 0.0062 385 180 436 236
car 0.0023 491 362 499 373
bottle 0.0800 246 173 254 199
bottle 0.0468 250 182 257 200
bottle 0.0300 423 305 438 337
bottle 0.0145 305 170 313 192
bottle 0.0111 238 182 247 197
bottle 0.0100 238 165 256 194
bottle 0.0092 289 167 298 200
bottle 0.0077 278 189 291 210
bottle 0.0076 207 248 226 290
bottle 0.0075 63 271 83 316
bottle 0.0074 201 238 212 278
bottle 0.0070 246 180 256 208
bottle 0.0066 0 281 15 321
bottle 0.0064 2 340 47 373
bottle 0.0058 291 178 298 200
bottle 0.0050 89 259 169 374
bottle 0.0050 405 169 418 186
bottle 0.0037 257 186 265 199
bottle 0.0037 71 75 81 90
bottle 0.0034 203 240 220 291
bottle 0.0032 93 19 104 41
bottle 0.0026 234 186 247 206
bottle 0.0025 73 273 88 317
bottle 0.0025 81 75 88 90
bottle 0.0023 481 237 499 306
bottle 0.0023 201 238 210 258
bottle 0.0020 248 243 272 302
bottle 0.0020 84 18 93 40
bottle 0.0019 236 181 245 194
bottle 0.0019 88 76 97 90
bottle 0.0018 65 3 76 38
bottle 0.0017 306 260 337 319
bottle 0.0017 35 16 46 41
bottle 0.0017 79 16 89 40
bottle 0.0016 424 304 435 318
bottle 0.0015 73 16 83 40
bottle 0.0015 59 7 70 39
bottle 0.0015 236 191 250 208
bottle 0.0014 75 1 86 40
bottle 0.0013 474 336 493 353
bottle 0.0012 89 1 104 40
bottle 0.0011 81 270 94 317
bottle 0.0011 67 17 77 40
bottle 0.0011 212 142 234 168
bottle 0.0011 59 0 72 27
bottle 0.0010 261 141 272 157
bottle 0.0010 197 267 212 307
bottle 0.0010 381 294 425 357
bottle 0.0010 471 188 481 204
bottle 0.0010 284 148 305 190
bottle 0.0010 55 0 65 37
chair 0.8078 418 197 474 288
chair 0.6510 234 198 251 241
chair 0.3536 384 179 435 238
chair 0.3479 53 172 89 273
chair 0.1946 44 177 65 221
chair 0.1679 250 206 304 258
chair 0.1282 405 169 420 186
chair 0.0498 66 174 88 204
chair 0.0475 457 189 499 306
chair 0.0416 470 187 480 206
chair 0.0409 481 237 499 307
chair 0.0352 62 171 89 236
chair 0.0328 401 186 429 236
chair 0.0216 414 179 434 191
chair 0.0188 287 163 307 191
chair 0.0178 268 164 290 190
chair 0.0176 233 190 248 208
chair 0.0176 417 179 436 236
chair 0.0171 53 177 65 215
chair 0.0124 261 145 291 191
chair 0.0121 304 167 313 192
chair 0.0111 383 182 411 198
chair 0.0093 383 180 410 190
chair 0.0089 396 180 435 192
chair 0.0086 437 195 475 211
chair 0.0081 0 250 59 289
chair 0.0081 214 163 239 186
chair 0.0072 283 148 306 188
chair 0.0068 54 155 87 200
chair 0.0066 411 195 424 257
chair 0.0062 288 164 299 198
chair 0.0059 202 239 210 259
chair 0.0053 382 182 400 193
chair 0.0045 219 240 238 258
chair 0.0044 385 177 411 187
chair 0.0041 212 154 228 168
chair 0.0040 281 146 304 169
chair 0.0039 416 228 424 250
chair 0.0037 384 186 417 274
chair 0.0034 449 187 481 205
chair 0.0034 385 180 434 209
chair 0.0034 47 176 69 261
chair 0.0031 412 246 446 301
chair 0.0030 382 269 421 303
chair 0.0028 411 198 428 284
chair 0.0026 23 152 54 197
chair 0.0026 253 165 286 194
chair 0.0025 274 187 289 212
chair 0.0025 301 154 313 190
chair 0.0025 217 171 232 189
chair 0.0024 214 151 236 167
chair 0.0023 202 240 234 276
chair 0.0020 402 254 412 272
chair 0.0019 432 196 474 221
chair 0.0019 315 255 338 275
chair 0.0019 408 192 423 235
chair 0.0018 213 135 239 168
chair 0.0018 411 172 434 188
chair 0.0017 248 254 270 301
chair 0.0017 56 175 72 200
chair 0.0016 230 240 250 260
chair 0.0015 261 186 272 199
chair 0.0015 287 207 433 276
chair 0.0015 212 146 258 190
chair 0.0015 16 129 54 188
chair 0.0015 50 193 77 271
chair 0.0014 46 174 364 259
chair 0.0014 202 239 218 279
chair 0.0013 291 194 307 207
chair 0.0013 468 191 498 242
chair 0.0013 221 165 311 249
chair 0.0013 236 183 246 197
chair 0.0013 383 185 394 194
chair 0.0012 166 170 444 284
chair 0.0012 87 259 166 373
chair 0.0012 220 241 248 290
chair 0.0012 306 159 316 191
chair 0.0012 412 226 423 267
chair 0.0012 473 147 499 234
chair 0.0011 245 190 263 210
chair 0.0011 264 184 274 198
chair 0.0010 195 162 255 239
chair 0.0010 49 266 82 318
chair 0.0010 278 168 290 207
chair 0.0010 249 237 273 272
chair 0.0010 391 170 413 185
chair 0.0010 212 154 231 179
chair 0.0010 469 190 483 225
sofa 0.0182 250 206 304 258
sofa 0.0055 418 195 477 287
sofa 0.0021 457 191 499 306
sofa 0.0010 51 172 88 274
pottedplant 0.0063 405 168 416 184
pottedplant 0.0038 3 -2 127 42
pottedplant 0.0030 267 273 305 315
pottedplant 0.0012 104 0 126 33
diningtable 0.6276 -2 239 494 369
diningtable 0.1867 384 179 436 236
diningtable 0.1771 232 186 305 212
diningtable 0.1610 233 182 308 255
diningtable 0.0990 0 284 92 372
diningtable 0.0527 385 179 435 199
diningtable 0.0318 263 183 307 211
diningtable 0.0208 397 304 500 369
diningtable 0.0128 214 156 232 168
diningtable 0.0112 250 204 303 258
diningtable 0.0080 405 169 421 187
diningtable 0.0074 212 146 258 190
diningtable 0.0070 232 187 247 204
diningtable 0.0069 46 174 364 259
diningtable 0.0069 205 149 413 282
diningtable 0.0065 213 160 239 185
diningtable 0.0064 322 288 501 371
diningtable 0.0051 406 179 434 191
diningtable 0.0047 256 189 276 210
diningtable 0.0046 245 190 263 210
diningtable 0.0044 0 294 200 372
diningtable 0.0044 211 164 254 237
diningtable 0.0033 6 191 427 328
diningtable 0.0030 383 182 411 198
diningtable 0.0029 324 338 506 374
diningtable 0.0027 233 193 252 240
diningtable 0.0026 204 270 500 370
diningtable 0.0024 385 181 418 190
diningtable 0.0024 213 180 365 267
diningtable 0.0023 1 298 56 336
diningtable 0.0019 274 187 289 212
diningtable 0.0018 475 306 499 327
diningtable 0.0015 457 191 499 306
diningtable 0.0015 447 325 502 379
diningtable 0.0013 188 156 325 243
diningtable 0.0013 1 296 31 329
diningtable 0.0013 385 177 411 187
diningtable 0.0013 264 183 334 255
diningtable 0.0013 21 317 94 372
diningtable 0.0012 291 194 307 207
diningtable 0.0011 212 142 234 168
diningtable 0.0010 471 306 500 348
tvmonitor 0.0011 405 169 419 186
