person 0.9083 27 14 213 295
person 0.0018 155 39 190 127
person 0.0012 157 214 208 334
bottle 0.0026 157 214 208 334
bottle 0.0023 196 118 238 211
bottle 0.0018 158 98 174 124
bottle 0.0017 0 237 40 349
bottle 0.0016 152 105 161 121
bottle 0.0010 204 115 220 166
chair 0.0434 227 230 287 262
chair 0.0218 201 154 238 254
chair 0.0136 188 118 238 211
chair 0.0063 23 110 225 312
chair 0.0058 182 123 209 163
chair 0.0056 222 162 288 261
chair 0.0051 202 158 239 209
chair 0.0048 221 231 287 289
chair 0.0034 53 133 76 182
chair 0.0031 208 203 234 254
chair 0.0027 170 127 242 254
chair 0.0024 65 128 246 257
chair 0.0023 195 247 285 298
chair 0.0021 215 119 287 173
chair 0.0019 182 125 208 134
chair 0.0017 205 112 221 170
chair 0.0013 173 90 206 125
chair 0.0012 211 118 287 242
chair 0.0010 172 91 213 156
sofa 0.0030 12 131 261 299
pottedplant 0.0026 211 120 287 257
pottedplant 0.0017 213 120 287 172
diningtable 0.7200 7 250 282 379
diningtable 0.1078 0 346 78 383
diningtable 0.0147 215 119 287 173
diningtable 0.0122 210 117 287 249
diningtable 0.0057 184 263 284 358
diningtable 0.0038 186 252 284 315
diningtable 0.0037 38 267 177 317
diningtable 0.0035 15 138 268 374
diningtable 0.0033 182 124 210 163
diningtable 0.0026 197 251 282 285
diningtable 0.0021 182 125 208 133
diningtable 0.0016 -1 276 74 381
diningtable 0.0014 180 119 240 212
tvmonitor 0.0013 193 0 280 120
tvmonitor 0.0012 175 2 245 116
