person 0.0476 56 241 65 250
person 0.0024 256 229 287 258
person 0.0022 56 232 66 250
bicycle 0.6574 253 229 294 259
bicycle 0.1325 293 233 303 255
bicycle 0.0264 254 235 274 258
bicycle 0.0182 279 233 302 256
bicycle 0.0025 294 231 315 261
bicycle 0.0014 428 262 483 300
car 0.0272 43 195 85 209
car 0.0025 0 178 14 196
car 0.0015 43 197 68 207
motorbike 0.0014 255 229 287 258
boat 0.0012 95 272 131 302
bird 0.0249 56 241 65 250
bird 0.0013 277 277 310 300
dog 0.0016 278 277 295 297
dog 0.0014 55 241 65 250
horse 0.0012 55 241 65 250
chair 0.0045 256 229 287 258
chair 0.0021 133 254 146 261
chair 0.0012 55 241 65 250
chair 0.0010 428 262 483 300
pottedplant 0.3803 94 260 131 301
pottedplant 0.0801 332 283 350 302
pottedplant 0.0077 122 257 148 293
pottedplant 0.0056 279 272 354 303
pottedplant 0.0054 97 261 119 277
pottedplant 0.0045 39 274 90 312
pottedplant 0.0034 175 280 216 308
pottedplant 0.0027 144 275 164 291
pottedplant 0.0024 96 262 109 275
pottedplant 0.0010 56 241 65 250
