person 0.4259 203 287 231 313
person 0.0409 175 286 228 316
person 0.0328 165 300 188 315
person 0.0325 41 249 80 268
person 0.0285 41 251 64 268
person 0.0273 39 253 53 268
person 0.0180 130 264 145 290
person 0.0162 231 278 243 288
person 0.0133 35 246 53 268
person 0.0110 204 275 286 315
person 0.0094 167 292 199 315
person 0.0089 231 277 262 288
person 0.0045 163 282 190 314
person 0.0044 171 296 192 312
person 0.0042 345 259 356 269
person 0.0033 131 251 145 268
person 0.0030 280 295 291 312
person 0.0022 115 272 127 298
person 0.0021 4 252 34 271
person 0.0019 30 254 42 270
person 0.0018 227 271 251 286
person 0.0017 392 336 403 347
person 0.0016 137 284 147 315
person 0.0015 37 243 52 251
person 0.0015 201 286 256 316
person 0.0014 229 287 283 314
person 0.0013 114 249 143 264
person 0.0012 354 256 365 266
person 0.0011 293 254 303 261
person 0.0011 360 306 375 322
person 0.0010 377 251 384 262
car 0.9177 128 259 391 372
car 0.8814 1 269 36 358
car 0.7350 4 244 93 329
car 0.7124 79 253 106 306
car 0.6985 136 238 268 322
car 0.6749 116 271 137 295
car 0.6614 89 255 120 302
car 0.3197 104 260 126 298
car 0.2870 359 306 376 322
car 0.2186 127 268 144 294
car 0.1766 344 260 357 269
car 0.1210 110 250 146 281
car 0.0504 158 233 262 246
car 0.0405 84 269 100 307
car 0.0295 354 256 365 266
car 0.0284 145 238 266 273
car 0.0233 111 250 137 269
car 0.0178 4 251 33 271
car 0.0160 97 249 114 259
car 0.0148 78 246 99 254
car 0.0139 139 282 158 317
car 0.0136 112 249 135 259
car 0.0135 35 245 52 259
car 0.0135 37 243 52 251
car 0.0122 161 231 248 242
car 0.0109 78 253 100 272
car 0.0105 98 252 115 263
car 0.0089 75 248 100 257
car 0.0085 107 271 121 300
car 0.0084 110 256 130 278
car 0.0076 163 258 266 273
car 0.0072 4 250 19 269
car 0.0071 0 264 11 363
car 0.0071 115 272 127 298
car 0.0070 38 249 81 268
car 0.0068 99 257 118 275
car 0.0057 4 233 36 268
car 0.0056 116 310 142 328
car 0.0053 137 280 147 314
car 0.0043 97 273 112 303
car 0.0042 293 254 304 261
car 0.0035 399 257 410 266
car 0.0035 349 288 411 320
car 0.0033 76 251 97 263
car 0.0027 82 241 97 250
car 0.0025 322 263 337 274
car 0.0025 407 295 437 323
car 0.0021 131 251 145 268
car 0.0021 342 238 351 248
car 0.0021 148 259 358 318
car 0.0019 283 256 313 263
car 0.0019 423 250 440 259
car 0.0019 184 259 335 281
car 0.0015 164 230 201 239
car 0.0015 36 239 50 249
car 0.0014 357 302 404 320
car 0.0014 139 272 175 318
car 0.0014 164 230 175 238
car 0.0014 115 309 145 362
car 0.0013 98 246 138 295
car 0.0013 211 285 284 315
car 0.0013 377 252 384 261
car 0.0013 30 240 51 261
car 0.0012 103 247 117 259
car 0.0011 351 303 379 327
car 0.0011 217 242 266 260
car 0.0010 196 233 250 241
car 0.0010 379 310 391 320
motorbike 0.0011 1 269 35 358
bus 0.0555 111 250 145 275
bus 0.0456 137 236 268 319
bus 0.0168 158 233 262 246
bus 0.0157 3 238 92 327
bus 0.0144 6 233 35 270
bus 0.0081 112 249 135 259
bus 0.0043 150 237 265 271
bus 0.0040 130 264 145 290
bus 0.0037 161 231 248 242
bus 0.0033 81 244 98 251
bus 0.0028 114 249 143 264
bus 0.0024 345 259 357 269
bus 0.0015 351 288 406 320
bus 0.0014 79 246 100 255
bus 0.0013 103 247 117 259
bus 0.0013 354 256 365 266
bus 0.0012 131 251 145 268
bus 0.0010 110 256 130 278
train 0.0015 137 237 266 317
boat 0.0010 111 250 144 276
bird 0.0024 178 44 192 53
bird 0.0015 279 49 287 54
bird 0.0011 0 106 7 119
chair 0.0011 130 264 145 290
