person 0.0079 13 325 29 352
person 0.0025 34 44 43 53
person 0.0023 42 28 378 489
person 0.0019 21 378 135 498
person 0.0014 9 361 37 401
person 0.0013 9 332 26 352
person 0.0013 13 362 31 392
person 0.0011 349 2 374 122
person 0.0010 18 363 31 382
person 0.0010 0 325 14 346
bicycle 0.0989 -4 0 368 478
bicycle 0.0029 195 94 374 477
bicycle 0.0012 -2 0 350 197
car 0.4146 -3 4 384 492
car 0.0030 206 36 375 476
motorbike 0.7440 0 16 376 495
motorbike 0.0559 192 37 375 482
bus 0.0032 -4 3 370 491
train 0.0010 -3 22 239 494
bottle 0.0044 349 2 374 123
chair 0.0050 204 216 374 465
chair 0.0040 190 364 374 497
chair 0.0023 -2 16 379 493
chair 0.0011 11 328 28 351
tvmonitor 0.0010 -2 23 246 494
