person 0.1854 353 12 499 321
person 0.1159 198 8 494 328
person 0.1149 342 -1 493 176
cat 0.0090 199 163 386 319
cat 0.0017 202 165 328 259
dog 0.6325 198 164 382 300
dog 0.0184 168 10 490 327
dog 0.0058 266 178 424 329
dog 0.0045 202 165 328 259
dog 0.0032 340 3 465 174
dog 0.0020 357 16 498 307
dog 0.0010 22 157 447 330
chair 0.0820 313 7 491 326
chair 0.0256 0 0 104 220
chair 0.0079 0 24 69 99
chair 0.0073 339 4 463 173
chair 0.0042 94 -1 499 328
chair 0.0036 206 164 411 329
sofa 0.2314 300 18 497 329
sofa 0.0198 341 5 494 216
sofa 0.0011 213 165 418 330
diningtable 0.4256 0 0 105 222
diningtable 0.0140 0 26 69 99
diningtable 0.0059 -3 28 68 50
diningtable 0.0033 1 0 105 22
diningtable 0.0023 1 0 104 59
diningtable 0.0010 0 -7 476 335
