person 0.1194 245 283 300 341
person 0.0447 298 282 346 330
person 0.0285 326 280 347 332
person 0.0131 256 283 298 320
person 0.0036 300 281 344 304
person 0.0028 194 261 214 302
person 0.0025 243 279 346 343
person 0.0020 80 377 98 384
person 0.0013 245 302 269 335
person 0.0010 199 237 213 265
bicycle 0.0140 303 292 345 336
bicycle 0.0013 294 298 329 334
bicycle 0.0010 243 279 346 343
boat 0.0014 80 376 97 384
bird 0.1939 80 376 96 384
bird 0.0084 88 378 98 385
bird 0.0035 195 236 215 301
bird 0.0033 246 284 300 341
bird 0.0026 198 236 213 267
bird 0.0024 174 248 185 268
bird 0.0020 240 281 343 342
bird 0.0017 196 262 213 279
bird 0.0013 297 279 346 335
cat 0.0056 297 280 345 335
cat 0.0035 245 283 300 341
cat 0.0010 243 279 346 343
dog 0.3637 244 283 301 342
dog 0.2545 243 279 346 343
dog 0.1507 291 280 346 339
dog 0.0101 256 318 298 341
dog 0.0096 257 284 297 316
dog 0.0051 298 285 341 317
dog 0.0030 326 282 346 331
dog 0.0024 300 281 344 304
dog 0.0016 303 295 334 335
dog 0.0010 80 376 95 384
horse 0.3564 244 280 346 342
horse 0.1933 296 280 346 337
horse 0.0101 250 284 300 341
horse 0.0058 257 283 298 318
horse 0.0028 298 285 341 317
horse 0.0021 326 280 347 332
horse 0.0017 300 281 344 304
sheep 0.0085 243 279 346 343
sheep 0.0049 300 282 345 331
sheep 0.0024 257 284 297 316
sheep 0.0020 250 284 300 341
sheep 0.0015 80 376 94 383
cow 0.0677 245 283 300 341
cow 0.0518 297 279 346 335
cow 0.0116 243 279 346 343
cow 0.0053 257 284 297 316
cow 0.0036 195 262 214 299
cow 0.0024 196 262 213 280
bottle 0.0022 80 376 97 384
chair 0.0016 246 284 300 341
