person 0.0019 0 292 70 374
bicycle 0.0078 0 291 71 373
bicycle 0.0020 0 170 94 370
car 0.0117 55 20 99 32
car 0.0069 33 19 98 35
car 0.0037 3 11 100 39
car 0.0018 82 22 100 32
car 0.0016 37 19 78 30
car 0.0011 30 5 99 33
bottle 0.0015 130 197 140 224
chair 0.9304 139 79 434 366
chair 0.1847 1 164 94 361
chair 0.0714 442 136 499 243
chair 0.0297 0 169 183 370
chair 0.0249 0 291 70 373
chair 0.0063 1 273 185 372
chair 0.0033 1 333 58 373
chair 0.0016 0 169 93 251
chair 0.0012 0 336 28 374
chair 0.0011 0 0 30 42
sofa 0.2333 136 75 443 366
sofa 0.0033 -4 244 492 368
sofa 0.0019 63 281 187 370
sofa 0.0011 0 171 186 370
pottedplant 0.0030 411 229 490 292
diningtable 0.1316 0 169 93 369
diningtable 0.0029 0 171 186 370
tvmonitor 0.0012 477 141 498 195
