person 0.8793 10 13 454 367
person 0.0045 275 87 360 310
person 0.0011 320 95 345 146
person 0.0010 276 155 351 276
bottle 0.0015 320 95 345 146
chair 0.0302 341 -1 499 368
chair 0.0102 52 259 441 367
chair 0.0081 286 101 348 154
chair 0.0067 14 0 506 384
chair 0.0048 275 87 360 310
chair 0.0043 287 103 320 141
chair 0.0032 0 140 106 370
chair 0.0026 331 48 431 335
chair 0.0024 8 158 446 367
chair 0.0011 276 155 351 276
chair 0.0011 0 143 71 294
chair 0.0010 2 300 100 372
diningtable 0.0071 72 266 445 368
diningtable 0.0019 341 0 498 369
