person 0.9358 219 124 425 370
person 0.9156 398 132 499 369
person 0.8929 0 135 117 305
person 0.8893 48 299 207 373
person 0.8666 49 79 152 242
person 0.8426 120 78 194 214
person 0.8402 245 62 327 149
person 0.8170 372 86 451 273
person 0.8007 175 72 230 184
person 0.7050 339 70 399 220
person 0.0327 0 137 10 202
person 0.0199 218 196 301 367
person 0.0158 211 49 264 149
person 0.0147 0 138 9 167
person 0.0091 365 70 399 101
person 0.0058 447 133 499 234
person 0.0051 106 78 189 154
person 0.0051 226 107 252 147
person 0.0050 465 131 499 368
person 0.0034 341 69 398 131
person 0.0030 129 129 294 244
person 0.0025 101 111 135 149
person 0.0024 99 106 147 226
person 0.0019 77 62 319 250
person 0.0014 41 124 265 346
person 0.0014 -1 144 21 262
person 0.0012 353 112 393 221
person 0.0012 475 133 499 232
person 0.0011 88 80 101 96
person 0.0010 363 159 391 216
bottle 0.3402 142 218 163 268
bottle 0.0366 0 256 51 364
bottle 0.0076 169 245 196 298
bottle 0.0048 241 158 259 183
bottle 0.0044 270 216 291 257
bottle 0.0042 262 145 275 172
bottle 0.0030 16 326 62 372
bottle 0.0030 169 206 189 247
bottle 0.0024 116 182 136 226
bottle 0.0018 282 233 302 262
bottle 0.0015 394 261 403 274
bottle 0.0013 274 226 297 255
bottle 0.0012 267 216 283 247
bottle 0.0011 0 292 21 371
chair 0.4906 425 323 461 374
chair 0.4514 425 311 499 374
chair 0.1499 101 111 134 149
chair 0.1425 473 310 499 373
chair 0.0912 226 107 252 147
chair 0.0693 211 50 264 148
chair 0.0430 327 116 343 128
chair 0.0281 212 55 367 147
chair 0.0219 299 94 327 121
chair 0.0209 254 54 276 99
chair 0.0163 111 219 130 238
chair 0.0155 366 167 385 200
chair 0.0118 368 175 391 223
chair 0.0118 100 103 198 148
chair 0.0106 402 199 438 255
chair 0.0104 101 93 258 153
chair 0.0090 248 334 262 374
chair 0.0084 327 114 343 122
chair 0.0082 101 107 147 215
chair 0.0075 0 137 9 173
chair 0.0065 92 99 233 183
chair 0.0047 375 191 392 226
chair 0.0047 416 327 439 371
chair 0.0044 431 246 499 370
chair 0.0042 362 167 382 218
chair 0.0042 407 197 436 222
chair 0.0041 220 107 236 140
chair 0.0041 124 113 144 142
chair 0.0039 455 325 489 367
chair 0.0039 280 235 304 269
chair 0.0036 245 103 272 140
chair 0.0032 266 216 302 260
chair 0.0031 414 217 436 253
chair 0.0030 269 109 332 126
chair 0.0030 225 136 242 152
chair 0.0029 309 95 357 121
chair 0.0029 394 259 403 274
chair 0.0025 116 77 194 202
chair 0.0024 427 226 437 253
chair 0.0024 337 112 352 124
chair 0.0023 224 116 244 149
chair 0.0022 59 92 260 228
chair 0.0022 278 228 300 256
chair 0.0021 472 250 500 367
chair 0.0020 116 184 132 200
chair 0.0019 226 78 311 155
chair 0.0019 0 138 9 155
chair 0.0018 0 -1 123 128
chair 0.0018 247 126 262 139
chair 0.0017 12 306 212 371
chair 0.0017 229 128 255 154
chair 0.0016 51 82 148 233
chair 0.0016 427 196 460 264
chair 0.0016 370 168 388 186
chair 0.0015 456 132 498 233
chair 0.0015 149 196 179 218
chair 0.0015 360 147 393 198
chair 0.0014 152 196 486 371
chair 0.0014 285 117 316 130
chair 0.0014 227 127 293 162
chair 0.0013 302 94 325 106
chair 0.0012 323 119 347 134
chair 0.0011 269 93 325 136
chair 0.0010 332 116 347 130
chair 0.0010 309 111 327 124
chair 0.0010 339 110 366 137
chair 0.0010 243 127 261 145
sofa 0.1040 102 111 136 149
sofa 0.0760 211 51 272 144
sofa 0.0656 212 58 353 147
sofa 0.0337 98 76 281 163
sofa 0.0120 155 52 265 148
sofa 0.0115 100 103 198 148
sofa 0.0079 92 99 233 183
sofa 0.0071 77 62 319 250
sofa 0.0044 170 87 397 205
sofa 0.0033 269 109 332 126
sofa 0.0019 99 106 147 226
sofa 0.0013 310 95 354 120
sofa 0.0012 227 106 252 147
sofa 0.0011 302 93 333 121
sofa 0.0011 0 0 122 128
sofa 0.0010 325 114 343 124
sofa 0.0010 50 16 288 160
pottedplant 0.0012 15 324 64 373
diningtable 0.7761 34 137 303 363
diningtable 0.0354 134 128 432 308
diningtable 0.0114 368 166 386 197
diningtable 0.0052 313 96 356 118
diningtable 0.0043 369 167 387 177
diningtable 0.0024 2 226 169 370
diningtable 0.0018 1 243 92 371
diningtable 0.0018 14 302 223 372
diningtable 0.0016 179 207 278 341
diningtable 0.0014 71 255 144 300
diningtable 0.0011 73 174 478 374
diningtable 0.0011 10 323 158 374
diningtable 0.0010 129 129 294 244
diningtable 0.0010 360 147 393 198
tvmonitor 0.0206 285 1 367 100
