person 0.9416 59 119 250 373
person 0.7982 200 109 393 370
person 0.0924 398 195 406 218
person 0.0252 17 104 415 383
person 0.0216 432 319 439 330
person 0.0187 457 324 464 332
person 0.0083 431 287 439 299
person 0.0064 61 365 100 374
person 0.0046 425 288 432 298
person 0.0037 450 303 460 316
person 0.0031 366 190 377 219
person 0.0028 460 270 473 278
person 0.0025 365 189 379 205
person 0.0018 425 318 439 330
person 0.0010 413 213 422 223
person 0.0010 433 321 445 330
car 0.0071 68 229 89 236
car 0.0037 389 300 402 309
car 0.0021 61 365 102 374
car 0.0017 239 269 251 285
car 0.0013 230 264 251 284
car 0.0011 459 270 481 280
car 0.0010 216 261 252 311
car 0.0010 69 231 89 242
motorbike 0.0010 61 365 100 374
bus 0.0016 68 228 89 237
boat 0.0012 18 236 71 248
boat 0.0011 68 229 89 236
cow 0.0023 61 365 105 374
