person 0.0071 6 22 478 373
person 0.0021 0 14 120 221
person 0.0017 69 179 159 264
person 0.0013 0 30 181 368
bicycle 0.0014 446 46 499 92
car 0.0066 -4 -10 501 373
motorbike 0.0010 446 46 498 91
boat 0.0014 4 -6 504 375
cat 0.0131 35 75 352 345
cat 0.0013 38 33 277 217
dog 0.6487 192 103 373 379
dog 0.6296 24 45 375 373
dog 0.0522 31 27 310 247
sheep 0.0067 32 75 356 358
sheep 0.0021 31 27 310 247
sheep 0.0015 197 111 375 376
cow 0.0086 18 26 398 373
chair 0.0128 0 33 213 373
chair 0.0067 20 185 203 370
chair 0.0065 1 37 114 223
chair 0.0042 244 311 336 373
chair 0.0021 4 -6 504 375
chair 0.0015 143 0 250 88
chair 0.0010 2 181 413 371
sofa 0.0235 4 -6 504 375
sofa 0.0189 5 186 210 369
sofa 0.0120 5 31 279 373
sofa 0.0034 2 181 413 371
sofa 0.0033 1 24 115 220
sofa 0.0022 1 33 144 365
tvmonitor 0.0038 106 0 159 82
tvmonitor 0.0030 146 0 248 83
