bottle 0.1607 28 197 46 229
bottle 0.0214 54 188 69 224
bottle 0.0141 55 190 68 210
bottle 0.0109 231 147 248 179
bottle 0.0088 275 163 284 185
bottle 0.0054 232 164 247 180
bottle 0.0044 47 205 66 223
bottle 0.0025 290 168 313 187
bottle 0.0022 12 162 30 205
bottle 0.0018 301 171 315 187
bottle 0.0015 0 341 14 373
bottle 0.0014 196 161 206 177
bottle 0.0012 26 273 44 297
bottle 0.0012 206 169 214 185
bottle 0.0011 41 185 53 203
chair 0.8926 369 170 499 373
chair 0.0145 375 147 455 270
chair 0.0050 0 299 79 352
chair 0.0035 0 261 83 369
chair 0.0023 121 127 165 202
chair 0.0022 233 143 331 185
chair 0.0016 0 342 14 373
chair 0.0016 411 151 453 247
chair 0.0014 88 172 140 220
chair 0.0013 384 175 497 278
chair 0.0011 308 236 351 313
sofa 0.0270 11 167 331 371
sofa 0.0010 370 144 499 342
pottedplant 0.0579 231 147 248 179
pottedplant 0.0196 328 135 390 211
pottedplant 0.0090 336 168 391 209
pottedplant 0.0072 322 138 392 294
pottedplant 0.0020 232 164 247 180
pottedplant 0.0013 329 138 355 205
pottedplant 0.0010 232 146 247 162
diningtable 0.0635 3 146 337 372
tvmonitor 0.3347 151 150 200 211
tvmonitor 0.0431 88 172 140 218
tvmonitor 0.0128 234 142 328 187
tvmonitor 0.0015 235 0 326 32
tvmonitor 0.0011 122 127 165 202
