person 0.1239 176 140 186 165
person 0.1190 152 135 162 149
person 0.0659 435 350 486 374
person 0.0592 138 134 153 151
person 0.0103 112 130 120 150
person 0.0098 185 141 210 173
person 0.0092 488 189 499 224
person 0.0089 246 140 267 169
person 0.0075 126 138 135 151
person 0.0074 67 137 85 152
person 0.0060 118 131 127 149
person 0.0059 416 163 451 183
person 0.0057 386 157 396 169
person 0.0047 248 141 266 156
person 0.0047 273 156 310 178
person 0.0046 146 138 162 153
person 0.0045 185 140 207 160
person 0.0040 138 142 157 153
person 0.0038 121 134 131 150
person 0.0037 381 158 401 184
person 0.0031 70 136 106 153
person 0.0029 118 142 135 154
person 0.0029 467 220 499 287
person 0.0028 479 186 499 220
person 0.0027 295 159 309 177
person 0.0025 203 132 223 176
person 0.0022 123 156 151 203
person 0.0020 131 139 146 152
person 0.0018 109 131 118 149
person 0.0016 207 132 215 158
person 0.0014 112 117 125 150
person 0.0013 355 159 403 185
person 0.0012 274 157 288 177
person 0.0012 72 151 144 209
person 0.0012 359 155 397 173
person 0.0011 204 159 216 175
person 0.0011 89 137 107 150
person 0.0011 120 145 139 164
bicycle 0.0017 198 164 310 234
bicycle 0.0014 181 151 213 189
bicycle 0.0013 121 155 151 204
bicycle 0.0011 245 140 267 170
bicycle 0.0010 435 350 486 374
car 0.0622 273 157 310 178
car 0.0313 67 137 98 153
car 0.0102 66 136 108 160
car 0.0082 66 137 80 153
car 0.0065 273 156 330 201
car 0.0048 67 123 108 153
car 0.0023 467 220 499 287
car 0.0022 128 147 179 197
car 0.0022 85 139 107 151
car 0.0020 73 150 152 209
car 0.0020 343 155 403 185
car 0.0011 138 136 155 151
car 0.0010 295 159 309 177
motorbike 0.8950 102 143 335 336
motorbike 0.0110 181 141 216 183
motorbike 0.0081 132 144 216 218
motorbike 0.0061 435 350 487 374
motorbike 0.0052 129 147 187 197
motorbike 0.0051 158 144 325 220
motorbike 0.0040 195 139 268 187
motorbike 0.0034 198 160 310 233
motorbike 0.0030 156 147 377 259
motorbike 0.0018 315 171 453 258
motorbike 0.0014 244 141 267 170
boat 0.0870 468 221 499 287
boat 0.0505 416 164 450 184
boat 0.0125 307 168 452 260
boat 0.0086 73 150 152 209
boat 0.0080 386 158 452 184
boat 0.0035 479 186 499 219
boat 0.0034 276 157 309 177
boat 0.0030 126 146 179 198
boat 0.0025 304 167 390 228
boat 0.0023 442 169 457 183
boat 0.0014 73 158 111 205
boat 0.0012 67 135 108 153
boat 0.0011 123 156 151 203
boat 0.0010 474 188 499 255
boat 0.0010 457 172 499 278
cow 0.0012 435 350 486 374
chair 0.0310 73 157 128 209
chair 0.0193 435 350 484 374
chair 0.0045 124 159 150 204
chair 0.0028 132 147 181 195
chair 0.0020 274 157 285 178
chair 0.0017 467 221 499 285
chair 0.0013 274 156 309 183
diningtable 0.0202 73 152 138 209
diningtable 0.0016 331 183 451 257
