person 0.0054 392 100 409 125
person 0.0032 375 98 391 113
person 0.0023 374 98 393 124
person 0.0014 394 107 406 123
person 0.0014 373 97 409 126
bicycle 0.0016 218 38 263 84
bottle 0.1156 397 142 409 166
bottle 0.0572 244 230 254 247
bottle 0.0294 255 222 268 245
bottle 0.0161 257 225 266 240
bottle 0.0050 393 151 405 166
bottle 0.0032 378 150 390 163
bottle 0.0016 249 205 268 238
bottle 0.0012 225 160 234 169
chair 0.8446 177 166 222 218
chair 0.7257 232 161 284 240
chair 0.2631 1 211 127 329
chair 0.0458 -28 216 386 334
chair 0.0438 235 119 284 224
chair 0.0398 236 165 279 212
chair 0.0306 133 242 430 332
chair 0.0191 0 165 52 203
chair 0.0136 245 120 281 168
chair 0.0117 179 164 205 174
chair 0.0111 0 212 41 261
chair 0.0083 208 156 281 184
chair 0.0059 203 176 222 213
chair 0.0054 201 162 246 213
chair 0.0051 0 167 96 257
chair 0.0050 48 310 138 333
chair 0.0040 225 192 278 247
chair 0.0037 134 220 292 302
chair 0.0037 179 168 207 195
chair 0.0031 272 162 284 199
chair 0.0028 225 161 254 172
chair 0.0028 245 120 260 159
chair 0.0027 249 205 268 238
chair 0.0026 239 161 282 192
chair 0.0022 26 278 320 332
chair 0.0021 36 215 59 245
chair 0.0020 238 173 270 198
chair 0.0017 268 163 284 242
chair 0.0017 229 119 260 168
chair 0.0015 182 194 220 218
chair 0.0014 448 250 499 291
chair 0.0014 4 243 87 329
chair 0.0013 226 160 236 169
chair 0.0013 66 178 97 266
chair 0.0013 201 162 219 174
chair 0.0011 258 161 282 177
chair 0.0011 229 173 254 209
sofa 0.8512 0 211 135 331
sofa 0.7893 135 243 428 331
sofa 0.0692 -28 216 386 334
sofa 0.0049 0 212 40 262
sofa 0.0024 0 174 97 262
sofa 0.0021 178 166 224 219
sofa 0.0018 26 278 320 332
sofa 0.0014 339 250 499 332
pottedplant 0.0405 244 120 282 168
pottedplant 0.0286 239 120 284 213
pottedplant 0.0039 218 38 263 84
pottedplant 0.0017 224 112 260 167
pottedplant 0.0014 216 32 272 177
pottedplant 0.0011 225 160 237 170
pottedplant 0.0010 218 44 240 65
diningtable 0.3374 184 160 279 219
diningtable 0.3007 139 216 271 284
diningtable 0.2743 186 161 280 188
diningtable 0.0616 1 171 97 267
diningtable 0.0276 146 215 226 236
diningtable 0.0117 207 166 255 178
diningtable 0.0090 0 168 90 220
diningtable 0.0083 177 165 221 216
diningtable 0.0068 179 163 206 173
diningtable 0.0061 200 163 222 175
diningtable 0.0058 -2 187 81 205
diningtable 0.0046 201 162 246 213
diningtable 0.0037 195 162 246 179
diningtable 0.0034 235 163 277 183
diningtable 0.0030 224 165 249 174
diningtable 0.0029 76 223 339 327
diningtable 0.0017 41 182 92 222
tvmonitor 0.8153 353 89 425 144
