person 0.8613 351 64 428 192
person 0.8235 269 84 344 213
person 0.7971 414 67 499 200
person 0.7939 120 73 196 164
person 0.7283 188 68 279 205
person 0.7127 7 60 107 223
person 0.1144 8 64 73 141
person 0.1112 189 70 258 140
person 0.0156 400 88 417 117
person 0.0095 407 70 434 178
person 0.0028 395 75 423 155
person 0.0028 269 84 334 155
person 0.0028 134 138 154 195
person 0.0027 373 70 415 121
person 0.0022 411 84 432 133
person 0.0013 188 71 220 124
bicycle 0.0015 374 94 409 193
car 0.0016 255 140 282 173
motorbike 0.0012 180 128 205 168
dog 0.0012 196 96 286 300
dog 0.0012 425 112 499 309
horse 0.9131 427 117 499 311
horse 0.8817 130 107 224 294
horse 0.8768 199 102 284 306
horse 0.8528 13 99 112 306
horse 0.8074 357 106 447 287
horse 0.7618 280 107 373 280
horse 0.0246 279 122 326 231
horse 0.0154 87 156 142 273
horse 0.0141 407 114 440 209
horse 0.0094 332 149 372 276
horse 0.0075 327 161 365 216
horse 0.0067 254 118 288 306
horse 0.0042 405 132 433 192
horse 0.0028 197 101 268 218
horse 0.0018 377 126 412 189
horse 0.0016 129 109 203 195
horse 0.0015 316 160 340 213
horse 0.0012 337 165 363 203
