person 0.0094 426 3 499 202
person 0.0059 453 115 499 324
person 0.0054 355 181 462 330
person 0.0050 397 111 497 328
person 0.0041 471 42 499 174
person 0.0040 458 11 499 242
person 0.0034 475 116 499 169
person 0.0032 456 2 498 64
person 0.0032 329 1 499 321
person 0.0026 474 47 499 119
person 0.0026 457 5 499 118
person 0.0023 424 1 475 63
person 0.0022 399 52 472 191
person 0.0020 435 102 492 252
person 0.0018 443 213 499 330
person 0.0018 475 111 499 257
person 0.0013 385 224 459 330
person 0.0011 448 184 478 246
person 0.0011 403 97 451 188
person 0.0010 453 260 499 332
bicycle 0.0029 350 180 458 329
train 0.0014 123 133 228 240
train 0.0013 -1 -3 269 296
bird 0.8239 213 160 294 228
bird 0.0082 344 61 463 324
bird 0.0049 207 167 240 233
bird 0.0048 367 183 437 244
bird 0.0037 349 178 453 321
bird 0.0030 406 181 450 220
bird 0.0016 380 147 414 191
bird 0.0012 350 180 413 234
bird 0.0012 475 114 499 199
bird 0.0011 379 206 426 271
cat 0.0049 349 178 453 321
cat 0.0028 341 53 461 326
dog 0.0479 349 179 453 324
dog 0.0083 331 -2 496 321
horse 0.0024 351 179 460 330
horse 0.0012 344 61 463 324
sheep 0.0049 348 179 456 325
sheep 0.0025 341 53 461 326
bottle 0.0119 119 9 225 258
bottle 0.0028 114 131 271 241
bottle 0.0012 208 182 243 232
chair 0.0019 475 113 499 171
