person 0.9551 312 61 468 369
person 0.9428 0 142 152 371
person 0.0254 439 96 465 146
person 0.0026 386 9 412 49
person 0.0018 351 220 361 243
person 0.0017 412 -1 429 52
person 0.0014 455 88 464 113
person 0.0011 451 86 464 147
bottle 0.7928 366 5 385 47
bottle 0.7483 412 0 429 53
bottle 0.7223 386 9 412 49
bottle 0.7158 316 167 346 232
bottle 0.0434 391 9 403 27
bottle 0.0371 339 154 361 200
bottle 0.0268 424 2 433 23
bottle 0.0206 331 205 346 233
bottle 0.0146 320 167 334 186
bottle 0.0142 349 219 360 242
bottle 0.0137 378 164 386 200
bottle 0.0129 326 152 351 211
bottle 0.0122 373 5 382 31
bottle 0.0120 455 86 463 115
bottle 0.0109 425 2 435 38
bottle 0.0097 334 157 346 199
bottle 0.0089 324 265 342 297
bottle 0.0081 84 301 98 333
bottle 0.0073 347 150 356 169
bottle 0.0072 421 3 432 48
bottle 0.0063 380 145 391 196
bottle 0.0060 450 84 462 135
bottle 0.0051 364 97 380 137
bottle 0.0048 273 241 293 254
bottle 0.0047 342 151 355 170
bottle 0.0045 337 152 350 175
bottle 0.0045 321 168 340 194
bottle 0.0043 386 156 395 181
bottle 0.0042 354 219 362 240
bottle 0.0040 444 87 464 148
bottle 0.0037 355 99 372 143
bottle 0.0032 391 25 412 49
bottle 0.0032 325 149 350 170
bottle 0.0028 370 97 381 134
bottle 0.0027 315 203 346 234
bottle 0.0025 322 148 355 181
bottle 0.0024 112 288 125 301
bottle 0.0017 133 290 144 309
bottle 0.0016 87 301 121 335
bottle 0.0016 152 272 163 311
bottle 0.0014 323 272 334 296
bottle 0.0014 324 278 343 319
bottle 0.0014 415 19 429 51
bottle 0.0013 262 315 271 329
bottle 0.0013 376 166 385 210
bottle 0.0012 332 142 375 216
bottle 0.0011 324 260 334 290
bottle 0.0010 293 266 304 280
pottedplant 0.0025 386 9 412 49
tvmonitor 0.0162 355 99 372 143
tvmonitor 0.0097 364 97 380 137
tvmonitor 0.0039 370 97 381 134
