person 0.7380 42 43 368 493
person 0.3982 182 169 375 495
person 0.0714 0 0 161 150
person 0.0325 193 172 323 319
person 0.0137 2 46 115 151
person 0.0095 86 44 137 154
person 0.0093 0 2 146 295
person 0.0080 0 102 209 498
person 0.0071 194 211 289 345
person 0.0045 3 0 306 171
person 0.0022 1 0 375 306
person 0.0020 211 324 300 487
person 0.0018 72 171 322 302
horse 0.0030 88 42 137 152
bottle 0.1346 89 43 137 154
bottle 0.0148 130 1 265 160
bottle 0.0124 109 44 136 113
bottle 0.0038 90 0 159 164
bottle 0.0018 112 45 136 80
chair 0.0207 -1 4 363 499
chair 0.0106 253 166 334 201
chair 0.0089 -1 113 199 487
chair 0.0052 4 292 190 494
chair 0.0016 215 172 375 498
chair 0.0014 245 162 332 267
chair 0.0012 0 143 133 276
chair 0.0012 3 46 114 150
chair 0.0011 265 332 300 404
sofa 0.3365 -1 5 377 504
sofa 0.1333 -1 138 211 494
sofa 0.0196 -1 143 135 277
sofa 0.0165 254 166 329 201
sofa 0.0083 217 166 332 280
sofa 0.0064 0 5 144 426
sofa 0.0058 180 160 371 493
sofa 0.0018 0 3 149 177
sofa 0.0016 -8 236 360 497
sofa 0.0012 5 0 339 184
