person 0.9356 0 59 162 296
person 0.9000 185 30 367 250
person 0.8753 410 137 499 285
person 0.5362 0 246 23 313
person 0.4016 175 160 280 253
person 0.0245 0 171 20 320
person 0.0152 188 160 233 197
person 0.0031 0 149 34 314
person 0.0011 -10 137 456 369
person 0.0011 14 22 415 271
person 0.0011 74 250 125 277
person 0.0011 407 8 501 293
person 0.0010 319 358 362 373
dog 0.0082 173 159 277 254
bottle 0.8297 367 209 401 293
bottle 0.0178 415 319 499 373
bottle 0.0034 96 200 130 221
bottle 0.0028 281 256 317 290
bottle 0.0017 157 245 200 280
bottle 0.0010 365 8 391 106
bottle 0.0010 136 293 192 314
chair 0.8148 130 73 177 195
chair 0.4882 339 4 494 237
chair 0.4028 0 155 28 183
chair 0.2791 462 103 498 159
chair 0.1936 0 156 27 225
chair 0.1076 390 186 434 234
chair 0.1031 457 30 499 159
chair 0.0764 0 164 18 240
chair 0.0671 0 181 10 224
chair 0.0650 433 157 464 193
chair 0.0455 382 41 444 235
chair 0.0308 350 216 379 250
chair 0.0283 408 15 498 195
chair 0.0281 127 76 153 161
chair 0.0264 0 171 15 307
chair 0.0234 351 168 385 251
chair 0.0135 1 165 23 202
chair 0.0129 128 8 503 253
chair 0.0126 427 96 497 196
chair 0.0118 0 149 34 314
chair 0.0116 150 72 172 130
chair 0.0112 0 182 8 202
chair 0.0099 431 144 483 192
chair 0.0079 332 185 361 251
chair 0.0062 135 77 154 138
chair 0.0059 70 250 127 277
chair 0.0059 359 169 385 219
chair 0.0058 410 145 498 281
chair 0.0039 358 24 421 230
chair 0.0037 480 211 499 285
chair 0.0036 0 187 7 247
chair 0.0031 175 221 206 246
chair 0.0026 4 84 177 294
chair 0.0024 174 162 279 255
chair 0.0022 15 69 60 92
chair 0.0020 139 156 153 194
chair 0.0019 397 49 429 211
chair 0.0019 170 59 254 172
chair 0.0019 159 76 181 179
chair 0.0017 150 179 199 248
chair 0.0017 0 68 163 199
chair 0.0017 109 110 132 157
chair 0.0017 275 186 362 250
chair 0.0016 150 71 171 90
chair 0.0016 468 42 499 92
chair 0.0015 232 182 248 192
chair 0.0014 468 104 499 125
chair 0.0014 0 246 22 313
chair 0.0014 102 152 434 250
chair 0.0013 2 101 63 161
chair 0.0010 131 79 149 118
chair 0.0010 346 203 359 248
chair 0.0010 131 79 147 101
sofa 0.0010 174 160 279 253
sofa 0.0010 0 75 62 157
pottedplant 0.0017 159 352 268 373
pottedplant 0.0013 281 255 316 290
diningtable 0.7492 2 236 497 372
diningtable 0.0170 0 78 60 106
diningtable 0.0166 0 66 157 159
diningtable 0.0148 0 258 149 363
diningtable 0.0081 0 77 63 158
diningtable 0.0072 205 265 493 371
diningtable 0.0061 -6 24 481 67
diningtable 0.0058 399 268 499 370
diningtable 0.0046 11 287 337 368
diningtable 0.0034 394 250 494 318
diningtable 0.0024 130 74 165 160
diningtable 0.0021 -13 31 485 169
diningtable 0.0019 467 89 499 117
diningtable 0.0018 1 66 185 253
diningtable 0.0018 -10 -2 489 60
diningtable 0.0017 0 155 27 182
diningtable 0.0017 360 170 385 221
diningtable 0.0017 -2 301 495 383
diningtable 0.0015 7 77 111 187
diningtable 0.0014 144 72 178 182
diningtable 0.0013 352 216 380 248
diningtable 0.0013 389 187 435 234
diningtable 0.0012 407 8 501 293
diningtable 0.0012 0 39 270 72
diningtable 0.0011 433 157 464 192
diningtable 0.0011 150 72 172 128
