person 0.8972 2 72 257 355
person 0.0330 139 96 270 356
person 0.0274 3 109 40 204
person 0.0101 20 109 40 129
person 0.0062 0 104 35 263
person 0.0026 0 124 24 205
person 0.0018 17 85 54 128
chair 0.0129 0 133 24 206
chair 0.0079 7 140 23 164
chair 0.0076 166 238 253 358
chair 0.0034 20 110 40 129
chair 0.0033 0 196 24 248
chair 0.0025 0 129 23 166
chair 0.0022 1 37 263 351
chair 0.0017 0 127 28 261
sofa 0.0025 0 104 35 263
sofa 0.0014 -5 145 261 356
sofa 0.0011 0 193 24 248
tvmonitor 0.0011 0 28 43 78
