person 0.7169 51 58 118 211
person 0.5940 51 68 66 112
person 0.5008 0 60 40 121
person 0.4911 147 71 185 95
person 0.2956 361 245 399 296
person 0.1639 96 72 194 208
person 0.1621 54 60 117 123
person 0.0787 220 43 264 79
person 0.0781 107 52 122 90
person 0.0774 136 76 156 93
person 0.0537 149 68 158 77
person 0.0524 218 40 322 79
person 0.0415 65 72 76 94
person 0.0392 42 66 54 81
person 0.0369 363 245 396 264
person 0.0288 137 70 172 94
person 0.0189 205 44 257 93
person 0.0185 318 232 344 262
person 0.0160 134 84 162 96
person 0.0130 335 246 356 294
person 0.0126 136 74 149 90
person 0.0123 320 232 357 293
person 0.0115 0 47 14 79
person 0.0087 73 18 254 220
person 0.0085 206 40 333 165
person 0.0071 332 235 345 260
person 0.0066 369 11 399 86
person 0.0061 127 69 187 178
person 0.0060 135 77 145 90
person 0.0058 283 51 345 167
person 0.0057 29 74 40 98
person 0.0055 72 128 118 210
person 0.0051 197 66 215 86
person 0.0044 41 71 55 91
person 0.0040 116 66 126 89
person 0.0038 383 286 399 299
person 0.0038 12 61 25 82
person 0.0038 53 69 65 93
person 0.0033 334 233 357 261
person 0.0028 123 79 138 90
person 0.0027 34 81 41 94
person 0.0027 378 11 399 35
person 0.0026 94 67 105 80
person 0.0026 151 70 165 83
person 0.0025 117 66 142 89
person 0.0025 110 69 120 90
person 0.0023 136 69 145 84
person 0.0023 309 93 345 164
person 0.0023 3 59 24 81
person 0.0021 0 50 16 106
person 0.0020 162 66 176 77
person 0.0019 204 67 215 81
person 0.0019 109 77 118 91
person 0.0019 121 73 176 98
person 0.0019 163 65 172 73
person 0.0019 18 64 26 82
person 0.0019 380 266 399 299
person 0.0019 122 88 134 97
person 0.0017 107 79 118 99
person 0.0016 118 69 157 93
person 0.0016 335 249 349 261
person 0.0015 345 251 358 293
person 0.0015 35 85 47 105
person 0.0015 321 243 341 294
person 0.0014 0 61 24 97
person 0.0013 195 0 398 174
person 0.0013 18 81 40 118
person 0.0013 106 51 117 82
person 0.0012 114 62 123 86
person 0.0011 183 39 336 291
person 0.0011 384 248 399 266
person 0.0010 354 250 373 293
person 0.0010 118 69 130 89
person 0.0010 0 69 42 162
person 0.0010 299 93 347 217
bicycle 0.0020 208 40 334 166
bicycle 0.0016 335 248 357 294
bicycle 0.0012 218 0 318 41
car 0.0345 118 67 142 89
car 0.0103 6 -9 365 250
car 0.0091 35 77 55 93
car 0.0087 154 52 214 86
car 0.0078 166 284 252 296
car 0.0051 194 65 214 86
car 0.0033 204 67 215 81
car 0.0031 41 71 55 91
car 0.0025 116 67 128 89
car 0.0019 34 80 55 105
car 0.0018 195 47 249 87
car 0.0015 364 246 399 295
car 0.0015 173 62 210 89
car 0.0015 120 76 138 92
car 0.0015 117 89 132 98
car 0.0012 208 40 334 166
car 0.0012 193 54 226 79
car 0.0011 137 70 172 94
aeroplane 0.0011 6 -9 365 250
bus 0.0186 6 -9 365 250
bus 0.0025 1 -2 393 100
bus 0.0019 73 18 254 220
train 0.0019 12 -8 356 236
boat 0.0022 6 -9 365 250
bird 0.0445 98 82 176 208
bird 0.0294 96 43 319 216
bird 0.0064 186 35 324 172
bird 0.0029 217 41 333 80
bird 0.0022 127 69 187 178
bird 0.0021 258 42 318 82
bird 0.0017 249 42 321 163
bird 0.0013 202 43 265 95
bird 0.0012 221 42 261 79
bird 0.0012 265 43 304 67
cat 0.0067 219 40 330 80
cat 0.0012 259 43 311 78
dog 0.0337 96 43 319 216
dog 0.0143 219 40 330 80
dog 0.0075 205 42 330 168
dog 0.0033 220 46 264 78
dog 0.0031 96 72 200 209
dog 0.0022 183 39 336 291
dog 0.0016 253 44 333 145
horse 0.0084 96 40 322 213
horse 0.0062 96 75 199 209
horse 0.0034 205 42 330 168
horse 0.0020 183 39 336 291
horse 0.0014 319 232 357 294
horse 0.0014 362 246 399 298
sheep 0.4154 87 58 310 219
sheep 0.0984 98 87 196 209
sheep 0.0318 186 35 324 172
sheep 0.0144 203 43 260 95
sheep 0.0031 159 164 275 289
sheep 0.0030 216 41 330 81
sheep 0.0030 35 48 367 294
sheep 0.0019 183 39 336 291
sheep 0.0016 245 182 267 213
sheep 0.0014 221 44 265 79
sheep 0.0012 211 55 310 234
sheep 0.0011 72 127 118 211
sheep 0.0011 176 182 208 200
cow 0.0161 205 42 330 168
cow 0.0156 96 40 322 213
cow 0.0078 309 93 345 164
cow 0.0076 203 43 260 95
cow 0.0058 221 42 261 79
cow 0.0047 291 53 345 165
cow 0.0043 96 75 199 209
cow 0.0032 183 39 336 291
cow 0.0030 218 40 322 79
cow 0.0028 358 246 399 297
cow 0.0017 315 101 397 162
cow 0.0017 204 76 247 95
cow 0.0014 302 80 346 219
cow 0.0012 219 42 382 238
cow 0.0012 196 65 214 86
cow 0.0011 0 161 45 204
cow 0.0010 319 101 345 138
cow 0.0010 161 166 274 279
bottle 0.0011 53 129 66 162
chair 0.0737 10 127 56 163
chair 0.0098 31 133 53 162
chair 0.0091 64 140 87 161
chair 0.0085 52 131 66 162
chair 0.0079 1 104 50 162
chair 0.0076 0 124 56 203
chair 0.0071 38 104 51 119
chair 0.0069 46 128 91 166
chair 0.0050 0 107 35 139
chair 0.0050 343 122 399 213
chair 0.0043 364 245 400 295
chair 0.0040 37 92 53 119
chair 0.0040 0 103 20 122
chair 0.0040 194 65 214 86
chair 0.0038 41 75 55 92
chair 0.0037 0 136 35 163
chair 0.0032 51 62 118 200
chair 0.0024 62 133 116 208
chair 0.0023 204 75 261 97
chair 0.0020 59 133 91 156
chair 0.0019 0 119 34 150
chair 0.0019 35 85 55 106
chair 0.0019 220 46 264 78
chair 0.0019 18 120 84 162
chair 0.0018 50 75 66 116
chair 0.0017 0 60 40 164
chair 0.0017 36 123 69 162
chair 0.0015 23 132 106 209
chair 0.0014 108 58 123 89
chair 0.0014 117 67 141 90
chair 0.0014 44 94 53 107
chair 0.0012 204 67 215 81
chair 0.0011 63 148 83 161
chair 0.0011 116 90 127 99
chair 0.0011 348 122 399 163
chair 0.0011 135 74 165 95
chair 0.0010 136 76 154 90
chair 0.0010 122 88 134 97
chair 0.0010 1 161 80 209
chair 0.0010 147 71 181 94
chair 0.0010 42 101 54 118
chair 0.0010 360 153 398 213
diningtable 0.0367 20 119 87 163
diningtable 0.0268 1 117 64 164
diningtable 0.0170 2 160 87 210
diningtable 0.0141 16 116 96 131
diningtable 0.0117 35 85 55 106
diningtable 0.0114 0 113 39 137
diningtable 0.0043 34 78 55 93
diningtable 0.0037 7 113 69 133
diningtable 0.0036 23 116 68 127
diningtable 0.0033 37 92 53 119
diningtable 0.0021 59 133 91 156
diningtable 0.0020 0 130 41 162
diningtable 0.0016 24 128 55 162
diningtable 0.0015 20 119 75 142
diningtable 0.0010 3 101 125 204
diningtable 0.0010 34 82 80 135
diningtable 0.0010 117 67 141 90
