person 0.9239 190 43 332 315
person 0.0119 369 20 427 85
person 0.0049 214 44 330 192
person 0.0040 412 89 425 116
person 0.0029 406 92 417 115
person 0.0017 294 65 315 81
bird 0.0038 408 90 425 118
bird 0.0022 407 93 418 117
cat 0.0014 407 93 422 119
cat 0.0011 413 90 425 117
horse 0.0014 408 90 425 118
bottle 0.0120 195 92 210 121
bottle 0.0023 408 94 420 119
bottle 0.0017 415 89 425 115
bottle 0.0013 440 85 453 119
chair 0.8741 232 140 376 364
chair 0.1032 359 133 493 314
chair 0.0265 195 92 211 121
chair 0.0158 432 149 492 298
chair 0.0107 229 208 270 263
chair 0.0050 293 65 315 81
chair 0.0045 178 92 209 142
chair 0.0041 232 294 373 367
chair 0.0028 198 191 272 305
chair 0.0025 232 208 269 231
chair 0.0018 231 230 255 255
pottedplant 0.0014 299 15 347 81
diningtable 0.0105 175 112 478 331
diningtable 0.0092 357 144 485 324
diningtable 0.0062 0 263 167 372
diningtable 0.0031 10 126 258 373
diningtable 0.0011 360 142 454 193
diningtable 0.0010 194 153 258 205
tvmonitor 0.2055 193 113 246 160
tvmonitor 0.0174 193 118 223 166
tvmonitor 0.0067 193 94 211 143
tvmonitor 0.0021 193 121 207 153
tvmonitor 0.0020 195 92 211 123
tvmonitor 0.0015 368 18 430 85
tvmonitor 0.0012 287 0 343 9
