person 0.8879 246 154 308 302
person 0.8507 30 169 110 309
person 0.8337 128 154 211 317
person 0.2026 216 233 256 318
person 0.0858 231 214 256 292
person 0.0448 182 228 257 319
person 0.0410 233 224 254 254
person 0.0367 233 235 255 280
person 0.0314 180 188 217 298
person 0.0123 66 192 115 276
person 0.0111 287 197 312 295
person 0.0102 258 168 266 179
person 0.0099 227 208 250 248
person 0.0090 236 175 257 239
person 0.0083 198 204 255 295
person 0.0078 243 179 255 221
person 0.0077 237 211 248 239
person 0.0075 127 206 160 282
person 0.0060 224 177 253 247
person 0.0056 250 166 266 196
person 0.0054 129 155 201 242
person 0.0052 241 213 270 296
person 0.0045 238 213 248 228
person 0.0042 244 179 254 196
person 0.0041 64 195 115 233
person 0.0040 23 184 49 313
person 0.0029 182 229 220 312
person 0.0027 175 192 217 219
person 0.0025 210 245 249 291
person 0.0023 194 191 249 249
person 0.0019 150 199 208 235
person 0.0018 173 251 216 324
person 0.0017 48 181 55 211
person 0.0016 250 238 289 323
person 0.0015 195 236 239 293
person 0.0015 279 28 299 44
person 0.0013 172 177 200 210
person 0.0013 247 207 264 276
person 0.0013 152 156 168 177
person 0.0012 173 303 214 326
person 0.0010 127 165 170 296
person 0.0010 247 205 258 235
bottle 0.0042 195 194 216 207
bottle 0.0028 178 194 217 213
bottle 0.0018 242 301 248 315
bottle 0.0016 90 198 112 208
bottle 0.0012 168 184 216 219
bottle 0.0011 235 211 250 245
chair 0.7602 116 234 146 284
chair 0.0251 182 237 252 318
chair 0.0189 182 229 220 312
chair 0.0101 116 234 133 261
chair 0.0057 76 257 117 283
chair 0.0056 199 231 221 258
chair 0.0049 74 212 113 260
chair 0.0045 211 247 251 289
chair 0.0042 193 233 233 292
chair 0.0031 176 178 217 313
chair 0.0029 191 230 220 280
chair 0.0028 229 215 248 245
chair 0.0026 238 211 247 226
chair 0.0021 69 189 114 284
chair 0.0020 223 230 258 304
chair 0.0018 253 233 266 295
chair 0.0017 220 223 246 249
chair 0.0017 192 231 214 256
chair 0.0017 204 232 222 249
chair 0.0016 233 223 253 252
chair 0.0016 185 225 205 284
chair 0.0015 236 242 254 276
chair 0.0013 186 215 215 257
chair 0.0012 237 211 248 239
chair 0.0011 198 204 255 295
chair 0.0010 173 251 216 324
chair 0.0010 129 207 159 243
chair 0.0010 190 227 203 264
chair 0.0010 207 228 233 248
sofa 0.0011 142 233 256 313
pottedplant 0.0017 200 223 257 319
