person 0.0211 191 154 200 167
person 0.0153 227 159 238 169
person 0.0055 214 180 225 200
person 0.0048 186 182 196 203
person 0.0033 207 156 215 168
person 0.0031 189 180 201 196
person 0.0026 187 192 201 213
person 0.0024 111 234 120 245
person 0.0024 226 161 240 194
person 0.0023 259 210 272 230
person 0.0023 215 192 224 203
person 0.0016 159 176 182 208
person 0.0016 215 181 233 203
person 0.0015 202 157 214 172
person 0.0015 192 179 202 191
person 0.0014 228 177 246 207
person 0.0012 237 189 249 209
person 0.0010 186 203 200 220
boat 0.8929 109 38 408 291
boat 0.0093 299 169 334 180
boat 0.0032 100 199 408 291
boat 0.0028 263 34 307 246
boat 0.0010 404 181 412 195
bird 0.0043 111 234 120 246
