person 0.7501 343 165 498 371
person 0.7273 190 155 271 291
person 0.4557 295 149 307 169
person 0.0153 0 186 23 205
person 0.0045 303 168 318 184
person 0.0041 -1 200 122 277
person 0.0028 0 186 22 263
person 0.0022 160 161 367 366
person 0.0016 317 163 485 270
person 0.0013 348 171 375 181
person 0.0012 1 186 55 275
person 0.0011 55 211 119 273
person 0.0011 29 179 508 372
person 0.0010 261 164 317 201
bicycle 0.0241 479 171 499 213
bicycle 0.0094 487 178 499 212
bicycle 0.0023 480 163 499 188
car 0.0288 480 162 499 187
car 0.0059 76 150 111 158
car 0.0026 480 112 499 192
car 0.0021 0 264 300 372
car 0.0019 482 110 499 135
car 0.0019 348 169 496 344
car 0.0017 477 163 499 214
bus 0.0084 0 -7 500 350
bus 0.0014 1 34 150 282
bus 0.0010 479 111 499 191
train 0.0338 -7 -28 515 387
chair 0.6767 260 164 317 200
chair 0.6113 285 172 497 372
chair 0.3724 -9 265 301 372
chair 0.2355 0 201 119 279
chair 0.1563 150 160 297 326
chair 0.1482 158 161 221 276
chair 0.1160 66 158 388 371
chair 0.0944 44 155 174 266
chair 0.0852 62 157 306 285
chair 0.0850 0 240 49 281
chair 0.0746 175 162 303 261
chair 0.0396 74 149 111 159
chair 0.0345 388 173 408 187
chair 0.0335 366 173 406 187
chair 0.0324 252 187 326 373
chair 0.0317 231 161 322 276
chair 0.0292 475 228 499 303
chair 0.0277 450 217 489 298
chair 0.0241 295 176 399 363
chair 0.0238 44 157 126 218
chair 0.0218 371 176 397 226
chair 0.0207 306 175 398 242
chair 0.0163 186 173 329 380
chair 0.0121 255 165 321 236
chair 0.0105 56 213 120 271
chair 0.0065 142 176 180 267
chair 0.0057 308 170 317 179
chair 0.0055 251 171 272 222
chair 0.0054 282 164 316 186
chair 0.0052 0 186 23 205
chair 0.0049 387 165 444 179
chair 0.0046 365 173 418 230
chair 0.0044 348 171 367 178
chair 0.0037 106 173 182 271
chair 0.0034 351 176 398 240
chair 0.0032 348 171 389 180
chair 0.0028 311 171 486 267
chair 0.0026 355 166 469 240
chair 0.0025 446 225 499 351
chair 0.0023 362 173 397 183
chair 0.0023 479 171 499 213
chair 0.0020 335 171 369 180
chair 0.0018 335 173 399 186
chair 0.0017 371 173 413 200
chair 0.0017 154 161 185 184
chair 0.0016 131 155 166 163
chair 0.0016 400 167 414 175
chair 0.0016 215 170 278 230
chair 0.0015 303 168 318 184
chair 0.0015 377 166 399 175
chair 0.0014 0 194 50 282
chair 0.0014 385 171 413 194
chair 0.0013 6 185 45 202
chair 0.0013 414 164 444 174
chair 0.0012 191 154 314 217
chair 0.0011 487 301 499 339
chair 0.0011 380 166 406 178
chair 0.0011 376 167 388 175
chair 0.0010 404 165 435 175
chair 0.0010 260 165 286 196
sofa 0.3665 0 200 119 281
sofa 0.2984 69 162 494 372
sofa 0.1981 0 264 301 372
sofa 0.1513 283 173 494 372
sofa 0.0753 47 156 237 276
sofa 0.0331 159 161 221 278
sofa 0.0245 8 154 297 363
sofa 0.0063 299 175 397 245
sofa 0.0061 260 163 319 200
sofa 0.0060 160 161 367 366
sofa 0.0060 170 165 318 274
sofa 0.0047 252 187 326 373
sofa 0.0043 44 158 124 216
sofa 0.0021 47 210 121 272
sofa 0.0017 294 178 399 317
sofa 0.0011 46 137 383 292
pottedplant 0.0199 479 162 499 188
pottedplant 0.0015 479 166 499 213
diningtable 0.0131 0 264 301 371
diningtable 0.0057 6 264 242 298
diningtable 0.0021 368 175 399 187
diningtable 0.0018 -1 200 122 277
diningtable 0.0012 302 175 499 374
diningtable 0.0011 1 167 48 184
tvmonitor 0.0020 244 136 290 167
