person 0.8999 98 96 261 401
person 0.3214 285 149 299 179
person 0.0039 285 156 326 244
person 0.0039 214 199 260 243
person 0.0035 0 251 37 357
person 0.0010 0 261 27 322
person 0.0010 270 107 292 165
bicycle 0.0646 0 250 37 367
bicycle 0.0206 111 202 230 457
bicycle 0.0034 214 199 260 244
bicycle 0.0020 1 251 36 309
car 0.0030 0 251 37 321
motorbike 0.7674 100 188 237 461
motorbike 0.1769 0 251 37 368
motorbike 0.0038 285 151 300 180
motorbike 0.0020 215 199 260 241
train 0.0015 111 202 230 457
boat 0.0092 0 250 37 367
bird 0.0011 285 151 300 180
dog 0.0361 285 150 299 180
horse 0.0010 111 202 230 457
bottle 0.0025 285 150 299 180
bottle 0.0020 213 200 260 234
chair 0.3123 0 252 36 369
chair 0.0041 0 261 27 322
pottedplant 0.0396 223 175 255 208
pottedplant 0.0047 219 0 277 58
pottedplant 0.0040 213 183 260 243
pottedplant 0.0027 284 149 299 180
pottedplant 0.0020 270 107 292 165
diningtable 0.0306 0 250 37 367
