person 0.8931 150 89 353 327
person 0.8751 371 102 499 267
person 0.7868 204 35 262 92
person 0.6688 0 30 58 193
person 0.6457 227 13 265 63
person 0.5856 189 13 217 70
person 0.4868 162 13 205 85
person 0.3129 64 72 137 155
person 0.1924 144 30 172 86
person 0.1885 103 20 164 100
person 0.1868 3 29 137 199
person 0.0929 134 10 160 57
person 0.0825 252 1 288 69
person 0.0761 47 3 135 158
person 0.0546 132 13 170 91
person 0.0535 165 14 190 58
person 0.0497 32 25 95 196
person 0.0444 191 13 215 42
person 0.0341 141 11 161 35
person 0.0300 107 19 137 63
person 0.0192 251 1 279 40
person 0.0185 165 13 185 41
person 0.0180 129 42 166 99
person 0.0145 228 13 248 41
person 0.0134 254 54 275 88
person 0.0129 41 309 148 331
person 0.0128 -3 283 150 329
person 0.0128 38 78 171 203
person 0.0126 248 50 290 91
person 0.0112 87 158 176 201
person 0.0103 129 16 153 64
person 0.0097 259 54 272 75
person 0.0091 60 69 106 117
person 0.0076 145 11 165 49
person 0.0074 349 57 361 70
person 0.0073 155 30 172 67
person 0.0068 148 13 160 30
person 0.0064 0 236 149 332
person 0.0062 47 1 109 83
person 0.0057 268 12 288 70
person 0.0052 102 23 132 82
person 0.0041 123 22 138 47
person 0.0041 277 5 301 74
person 0.0039 106 51 147 100
person 0.0037 106 19 129 49
person 0.0036 341 58 365 104
person 0.0030 369 256 499 331
person 0.0029 244 57 271 90
person 0.0029 164 11 178 30
person 0.0027 -1 183 230 330
person 0.0027 482 163 499 202
person 0.0027 369 141 380 155
person 0.0026 204 40 216 74
person 0.0024 103 25 118 61
person 0.0024 -15 63 370 331
person 0.0024 233 13 250 32
person 0.0023 46 2 82 73
person 0.0022 128 42 149 71
person 0.0021 277 18 287 33
person 0.0019 170 53 206 90
person 0.0016 153 86 187 103
person 0.0016 157 12 172 33
person 0.0016 278 7 298 45
person 0.0016 227 32 240 46
person 0.0015 155 14 170 48
person 0.0015 204 36 226 72
person 0.0014 250 102 267 142
person 0.0013 483 165 498 186
person 0.0013 146 187 177 198
person 0.0012 0 31 185 289
person 0.0012 116 21 129 42
person 0.0012 0 29 54 343
person 0.0012 228 34 245 58
person 0.0012 139 69 164 89
person 0.0011 140 36 199 98
person 0.0010 92 114 182 204
person 0.0010 254 113 268 144
person 0.0010 373 141 386 155
person 0.0010 69 93 102 118
person 0.0010 186 35 209 79
person 0.0010 144 177 178 198
car 0.0017 305 159 361 200
car 0.0015 336 58 398 127
bottle 0.0042 252 106 267 141
bottle 0.0031 339 59 366 108
bottle 0.0014 41 73 89 193
bottle 0.0012 344 272 378 328
bottle 0.0012 146 185 177 198
chair 0.5887 365 257 500 330
chair 0.1986 343 272 379 329
chair 0.0680 464 262 500 331
chair 0.0377 324 219 383 275
chair 0.0259 318 218 382 328
chair 0.0174 308 299 382 326
chair 0.0059 40 309 145 332
chair 0.0052 339 60 367 108
chair 0.0052 41 67 91 192
chair 0.0051 24 69 169 204
chair 0.0050 343 275 360 320
chair 0.0042 340 262 433 331
chair 0.0034 483 164 498 202
chair 0.0031 129 54 165 93
chair 0.0021 487 274 499 330
chair 0.0020 167 53 205 90
chair 0.0018 86 99 169 184
chair 0.0016 321 178 494 330
chair 0.0015 387 187 414 208
chair 0.0015 145 38 171 85
chair 0.0014 139 71 164 90
chair 0.0014 183 80 203 91
chair 0.0013 60 69 106 117
chair 0.0013 371 218 386 272
chair 0.0012 128 66 159 100
chair 0.0011 373 243 384 273
chair 0.0010 250 229 453 329
chair 0.0010 307 308 376 321
chair 0.0010 297 6 322 29
chair 0.0010 52 76 62 108
chair 0.0010 307 269 383 326
sofa 0.0107 368 258 499 330
sofa 0.0043 323 217 382 275
sofa 0.0025 87 98 172 185
sofa 0.0021 9 62 180 196
sofa 0.0014 88 147 165 182
sofa 0.0013 38 84 418 268
pottedplant 0.0091 0 0 48 57
pottedplant 0.0019 45 4 136 173
pottedplant 0.0015 6 22 112 194
pottedplant 0.0015 0 1 48 140
diningtable 0.0078 86 150 162 183
diningtable 0.0072 367 258 499 330
diningtable 0.0060 86 99 169 184
diningtable 0.0051 0 188 231 329
diningtable 0.0032 323 213 387 275
diningtable 0.0029 308 299 382 326
diningtable 0.0029 342 272 379 327
diningtable 0.0028 1 190 98 204
diningtable 0.0023 4 188 181 221
diningtable 0.0020 38 84 418 268
diningtable 0.0019 87 155 176 201
diningtable 0.0015 282 194 332 218
diningtable 0.0010 119 99 166 141
diningtable 0.0010 6 193 195 259
tvmonitor 0.0741 0 29 176 202
tvmonitor 0.0046 339 60 367 108
tvmonitor 0.0013 -2 24 215 316
tvmonitor 0.0012 16 84 361 198
tvmonitor 0.0011 366 257 497 330
tvmonitor 0.0010 44 3 143 173
