person 0.9475 75 101 227 315
person 0.8941 249 123 355 324
person 0.0262 0 249 11 345
person 0.0161 11 179 104 229
person 0.0037 37 123 425 322
person 0.0033 1 219 90 289
person 0.0033 230 242 258 329
person 0.0021 1 252 32 348
person 0.0014 0 200 18 232
person 0.0013 488 332 499 373
person 0.0011 242 274 268 366
person 0.0010 146 -62 175 -6
cat 0.0014 242 274 268 366
bottle 0.9065 1 252 32 348
bottle 0.8837 242 279 268 370
bottle 0.7337 156 273 183 337
bottle 0.4473 108 257 135 326
bottle 0.2448 231 245 256 328
bottle 0.1138 0 249 11 345
bottle 0.0069 74 288 92 306
bottle 0.0067 227 317 242 346
bottle 0.0066 210 285 234 344
bottle 0.0064 143 366 161 374
bottle 0.0058 0 256 8 315
bottle 0.0057 490 334 499 366
bottle 0.0049 301 355 349 374
bottle 0.0041 4 255 22 290
bottle 0.0036 456 329 477 373
bottle 0.0035 363 347 400 374
bottle 0.0033 155 281 167 310
bottle 0.0032 43 290 65 338
bottle 0.0032 32 316 50 336
bottle 0.0026 84 281 101 305
bottle 0.0024 244 278 266 313
bottle 0.0021 163 280 181 318
bottle 0.0020 12 262 26 297
bottle 0.0016 458 289 492 372
bottle 0.0015 111 274 132 311
bottle 0.0014 302 294 321 314
bottle 0.0013 423 323 445 361
bottle 0.0010 134 364 163 374
bottle 0.0010 141 356 171 374
chair 0.9209 375 244 485 319
chair 0.8249 0 217 89 292
chair 0.7856 389 196 469 256
chair 0.7057 43 164 97 191
chair 0.6370 336 253 365 318
chair 0.5543 0 151 26 199
chair 0.1805 239 248 366 315
chair 0.0875 84 282 94 305
chair 0.0747 10 179 105 232
chair 0.0515 230 242 258 329
chair 0.0353 0 200 18 232
chair 0.0330 85 278 109 306
chair 0.0237 39 287 89 308
chair 0.0219 491 230 499 286
chair 0.0137 2 152 51 237
chair 0.0121 71 282 91 305
chair 0.0108 253 183 353 317
chair 0.0106 73 233 108 305
chair 0.0104 192 219 359 312
chair 0.0087 81 239 434 351
chair 0.0083 233 244 252 261
chair 0.0078 310 205 356 314
chair 0.0054 231 240 277 317
chair 0.0051 65 298 88 306
chair 0.0050 23 155 42 180
chair 0.0048 0 186 14 200
chair 0.0045 107 181 120 192
chair 0.0040 87 270 108 285
chair 0.0037 364 281 377 318
chair 0.0035 77 221 134 306
chair 0.0034 39 191 431 315
chair 0.0029 72 292 93 306
chair 0.0028 230 216 258 280
chair 0.0026 42 212 247 309
chair 0.0026 0 153 49 192
chair 0.0025 229 246 252 279
chair 0.0025 247 232 256 244
chair 0.0025 64 290 88 305
chair 0.0021 38 182 101 203
chair 0.0020 451 0 499 105
chair 0.0020 90 171 121 192
chair 0.0019 93 185 107 195
chair 0.0018 260 294 297 315
chair 0.0016 233 234 256 253
chair 0.0015 87 208 99 232
chair 0.0012 465 288 495 322
chair 0.0012 12 154 59 180
chair 0.0012 161 129 358 320
chair 0.0012 18 153 32 180
chair 0.0011 43 290 65 338
chair 0.0011 476 320 499 366
chair 0.0011 304 291 322 314
chair 0.0011 75 166 94 186
chair 0.0011 223 231 256 300
chair 0.0011 112 238 120 254
chair 0.0010 244 215 261 252
chair 0.0010 330 364 350 374
sofa 0.0327 9 178 103 231
sofa 0.0089 0 216 89 290
sofa 0.0058 43 165 96 188
sofa 0.0058 389 196 468 255
sofa 0.0033 2 153 44 232
sofa 0.0025 0 151 26 194
sofa 0.0017 39 186 231 298
sofa 0.0013 451 0 499 103
sofa 0.0010 341 252 365 318
diningtable 0.5953 1 295 500 370
diningtable 0.1832 2 287 168 372
diningtable 0.1183 1 175 105 232
diningtable 0.0939 251 312 498 371
diningtable 0.0476 -17 229 514 370
diningtable 0.0083 0 201 100 296
diningtable 0.0064 420 322 499 373
diningtable 0.0032 56 299 125 335
diningtable 0.0027 0 200 17 231
diningtable 0.0027 329 319 462 366
diningtable 0.0025 2 153 44 232
diningtable 0.0025 39 186 231 298
diningtable 0.0021 158 312 282 372
diningtable 0.0016 377 236 486 318
diningtable 0.0015 44 164 102 192
diningtable 0.0014 -23 349 515 453
diningtable 0.0014 54 220 331 323
diningtable 0.0013 313 250 475 321
diningtable 0.0013 209 283 234 312
diningtable 0.0011 25 324 133 372
diningtable 0.0010 0 151 26 197
diningtable 0.0010 39 287 89 308
tvmonitor 0.0100 0 151 26 194
tvmonitor 0.0074 389 196 468 255
tvmonitor 0.0070 210 -2 420 166
tvmonitor 0.0026 115 0 174 97
tvmonitor 0.0021 265 312 323 373
