person 0.9320 326 105 486 373
person 0.9306 7 59 300 367
person 0.0359 2 223 88 373
person 0.0023 329 236 467 371
person 0.0013 269 0 311 34
person 0.0012 29 87 519 374
person 0.0012 1 82 68 373
person 0.0011 0 297 89 373
bird 0.0508 345 234 390 332
bird 0.0038 0 240 44 302
bird 0.0011 337 234 442 343
dog 0.0027 345 234 389 330
sheep 0.0044 345 235 390 332
sheep 0.0037 0 231 90 373
sheep 0.0010 0 240 44 302
bottle 0.0101 345 235 390 331
bottle 0.0010 1 238 43 300
diningtable 0.0012 0 222 88 372
