person 0.9030 217 175 371 494
person 0.8737 157 179 224 429
person 0.1693 217 179 291 491
person 0.1654 324 196 350 231
person 0.1376 355 215 375 423
person 0.1296 337 214 377 486
person 0.0908 324 195 360 257
person 0.0515 359 226 374 284
person 0.0077 314 187 331 213
person 0.0058 320 191 333 210
person 0.0038 162 168 314 470
person 0.0032 238 191 252 217
person 0.0031 230 190 276 373
person 0.0026 228 215 269 464
person 0.0025 316 189 371 354
person 0.0025 363 255 374 377
person 0.0024 346 254 373 407
person 0.0023 311 186 326 207
person 0.0023 364 227 374 254
person 0.0023 316 186 329 203
person 0.0020 324 194 339 211
person 0.0020 236 200 250 216
person 0.0018 302 188 358 262
person 0.0016 339 350 374 496
person 0.0015 358 198 373 245
person 0.0013 332 214 363 261
person 0.0011 231 208 248 218
person 0.0010 360 241 374 310
person 0.0010 46 175 70 253
car 0.0187 360 227 374 284
car 0.0031 358 225 375 357
car 0.0016 331 168 374 240
car 0.0012 217 210 250 242
train 0.8773 1 106 251 370
train 0.0030 164 173 252 232
train 0.0015 74 141 374 457
