person 0.9452 69 2 345 328
person 0.9066 269 0 391 327
person 0.8329 22 0 146 328
person 0.4092 0 2 28 110
person 0.3632 0 60 29 328
person 0.2673 148 0 208 100
person 0.1477 148 38 197 100
person 0.0914 181 0 209 40
person 0.0323 171 0 209 58
person 0.0215 109 0 209 62
person 0.0188 34 7 139 122
person 0.0184 0 0 31 241
person 0.0146 4 43 52 325
person 0.0090 143 173 180 330
person 0.0082 5 0 66 57
person 0.0071 16 0 70 125
person 0.0048 105 3 182 100
person 0.0043 20 31 32 57
person 0.0038 0 45 25 151
person 0.0037 148 0 308 101
person 0.0033 181 0 270 39
person 0.0031 370 99 393 286
person 0.0025 23 51 66 124
person 0.0023 19 37 64 171
person 0.0022 274 1 384 148
person 0.0016 241 43 267 100
person 0.0015 60 1 118 55
person 0.0013 1 0 74 227
person 0.0012 85 27 199 181
person 0.0012 179 0 197 33
person 0.0011 41 10 66 53
person 0.0011 10 12 88 326
car 0.0011 217 -3 495 317
train 0.0025 217 -3 495 317
boat 0.0018 217 -3 495 317
bottle 0.0615 112 26 124 56
bottle 0.0123 230 170 254 200
bottle 0.0054 40 65 67 116
bottle 0.0031 78 66 85 85
bottle 0.0023 223 167 261 209
bottle 0.0021 40 93 57 114
bottle 0.0017 227 189 250 202
bottle 0.0017 77 63 89 82
bottle 0.0014 249 185 265 200
bottle 0.0012 226 189 263 206
bottle 0.0011 154 158 201 198
bottle 0.0010 172 170 197 197
chair 0.0060 263 184 288 326
chair 0.0053 262 183 284 250
chair 0.0020 134 -1 303 106
chair 0.0019 103 -7 446 323
chair 0.0018 107 13 173 99
chair 0.0013 108 0 203 60
sofa 0.0115 47 -6 443 312
sofa 0.0097 102 0 318 107
sofa 0.0068 106 0 204 98
sofa 0.0026 132 0 453 138
sofa 0.0013 66 3 349 207
pottedplant 0.0016 4 0 65 57
diningtable 0.0012 107 0 193 60
