person 0.9134 324 156 499 370
person 0.8467 234 156 341 370
person 0.8313 0 131 93 371
person 0.8009 165 103 260 369
person 0.6390 72 145 181 371
person 0.0104 0 132 91 231
person 0.0088 94 145 175 242
person 0.0085 323 188 411 365
person 0.0039 172 105 257 246
person 0.0028 411 321 440 373
person 0.0019 414 211 499 371
person 0.0018 327 193 387 277
bottle 0.0032 411 321 440 372
chair 0.0020 318 207 331 222
chair 0.0014 61 329 88 373
chair 0.0014 69 223 180 371
sofa 0.0040 10 168 494 371
tvmonitor 0.0025 35 74 98 129
tvmonitor 0.0014 403 142 465 187
