person 0.6598 484 198 499 268
person 0.1992 383 207 414 253
person 0.0655 259 178 272 224
person 0.0262 485 231 499 266
person 0.0260 385 214 407 244
person 0.0183 431 173 469 264
person 0.0126 385 190 414 240
person 0.0119 301 213 310 230
person 0.0072 291 138 324 234
person 0.0065 300 200 314 231
person 0.0057 297 146 309 172
person 0.0053 386 172 472 263
person 0.0051 280 179 290 228
person 0.0043 299 182 317 232
person 0.0035 449 181 486 264
person 0.0032 408 137 417 159
person 0.0027 489 197 499 235
person 0.0027 4 177 11 193
person 0.0022 299 141 308 165
person 0.0022 298 136 325 166
person 0.0017 280 174 318 232
person 0.0017 16 166 24 192
person 0.0015 431 114 489 273
person 0.0015 293 144 311 217
person 0.0014 462 200 479 260
person 0.0014 220 201 227 215
person 0.0014 1 176 9 190
person 0.0012 263 174 290 229
person 0.0012 349 182 366 238
person 0.0011 146 139 156 148
person 0.0011 309 215 322 231
train 0.9186 33 11 495 325
dog 0.0015 383 214 407 250
