person 0.9175 299 54 352 176
person 0.8900 272 55 306 157
person 0.1523 491 77 499 95
person 0.0606 0 76 15 148
person 0.0504 117 65 129 76
person 0.0256 101 138 298 209
person 0.0243 147 191 165 209
person 0.0184 302 76 313 117
person 0.0183 131 64 140 74
person 0.0181 157 64 166 73
person 0.0178 141 64 148 73
person 0.0109 152 60 166 73
person 0.0104 159 62 172 74
person 0.0062 150 62 159 72
person 0.0037 0 72 37 179
person 0.0035 0 82 12 114
person 0.0031 138 96 152 113
person 0.0029 0 110 14 150
person 0.0025 335 95 351 132
person 0.0025 317 205 338 223
person 0.0022 250 182 265 195
person 0.0019 127 184 161 208
person 0.0018 0 75 21 202
person 0.0017 310 248 335 265
person 0.0016 87 100 95 107
person 0.0015 476 78 499 95
person 0.0015 114 67 125 76
person 0.0015 317 203 345 216
person 0.0010 381 263 397 279
bicycle 0.0015 108 139 317 203
car 0.0033 491 77 499 94
car 0.0031 0 82 12 114
car 0.0020 0 79 15 148
motorbike 0.0013 92 138 315 212
aeroplane 0.8913 1 42 222 120
aeroplane 0.5929 94 138 316 212
aeroplane 0.0321 4 51 88 69
aeroplane 0.0132 18 59 88 69
aeroplane 0.0018 -2 65 328 373
aeroplane 0.0011 56 60 89 68
aeroplane 0.0011 19 48 167 70
aeroplane 0.0010 2 53 92 98
boat 0.0126 97 137 314 211
boat 0.0046 375 262 458 313
boat 0.0044 491 77 499 94
boat 0.0037 371 277 394 288
boat 0.0024 276 218 343 254
boat 0.0022 372 266 394 287
boat 0.0019 276 217 429 252
boat 0.0018 335 223 460 313
bird 0.0014 92 138 313 212
horse 0.0016 92 138 315 212
bottle 0.0113 395 262 403 275
bottle 0.0083 376 266 393 279
bottle 0.0076 372 266 394 287
bottle 0.0067 403 265 443 283
bottle 0.0042 381 263 397 279
bottle 0.0029 387 262 401 278
chair 0.0046 387 262 458 313
chair 0.0035 311 246 338 265
chair 0.0021 128 184 160 208
chair 0.0017 146 191 165 209
chair 0.0016 131 64 140 74
diningtable 0.0011 96 138 314 212
