person 0.8510 85 -4 386 320
person 0.0043 -3 -2 397 114
person 0.0019 74 292 270 333
person 0.0016 4 247 324 331
person 0.0013 154 111 226 237
person 0.0012 346 2 389 176
car 0.0020 92 29 175 64
car 0.0014 0 -6 408 295
motorbike 0.0010 5 -3 398 336
bottle 0.0052 88 236 305 330
bottle 0.0028 291 9 360 141
bottle 0.0020 354 17 389 171
bottle 0.0017 186 0 288 63
chair 0.0729 56 214 303 330
chair 0.0390 0 68 392 325
chair 0.0147 283 0 380 152
chair 0.0137 1 68 133 317
chair 0.0071 127 254 302 331
chair 0.0068 341 1 389 176
chair 0.0060 76 293 269 332
chair 0.0043 60 117 162 212
chair 0.0038 9 19 354 228
chair 0.0031 7 -2 185 65
chair 0.0023 12 52 203 208
chair 0.0018 0 73 73 208
chair 0.0017 291 52 347 138
chair 0.0013 287 1 361 87
chair 0.0013 104 117 234 254
chair 0.0011 376 204 389 332
sofa 0.0169 0 72 132 326
sofa 0.0118 49 88 389 328
sofa 0.0067 1 0 192 84
sofa 0.0044 3 60 258 319
sofa 0.0034 9 19 354 228
sofa 0.0021 74 292 270 333
sofa 0.0017 15 235 316 331
sofa 0.0013 1 -1 372 111
sofa 0.0011 0 67 89 238
sofa 0.0010 12 52 203 208
diningtable 0.0105 287 0 361 132
diningtable 0.0030 -5 85 391 329
diningtable 0.0017 0 84 125 330
diningtable 0.0016 34 247 348 331
diningtable 0.0016 5 2 360 229
tvmonitor 0.0145 3 -2 392 251
tvmonitor 0.0011 8 25 226 214
