person 0.0265 298 149 308 157
person 0.0242 251 148 263 157
person 0.0036 267 91 274 99
person 0.0035 459 199 467 207
person 0.0030 484 212 493 224
person 0.0028 481 204 493 224
person 0.0013 341 274 354 294
person 0.0012 460 199 471 211
person 0.0012 300 146 315 158
person 0.0012 257 148 278 157
person 0.0010 485 213 497 238
car 0.4188 19 190 42 204
car 0.0063 18 188 63 205
car 0.0011 69 178 82 185
aeroplane 0.9510 -2 -1 490 307
aeroplane 0.0116 400 164 412 170
aeroplane 0.0090 69 178 83 187
aeroplane 0.0012 19 190 42 204
bird 0.0011 69 178 83 187
