person 0.0019 252 438 323 498
person 0.0017 21 -5 449 473
person 0.0016 0 275 140 493
car 0.0021 -20 -3 462 475
boat 0.0018 -20 -3 462 475
bird 0.0020 271 7 447 416
cat 0.0023 270 9 441 422
cat 0.0019 1 276 133 466
dog 0.9629 2 55 342 491
dog 0.0279 3 266 334 492
dog 0.0100 2 275 136 431
bottle 0.0025 112 415 178 498
bottle 0.0024 253 438 323 498
bottle 0.0014 436 267 459 313
bottle 0.0010 168 436 323 498
chair 0.0067 21 -5 449 473
chair 0.0050 246 7 444 430
sofa 0.0840 1 -8 463 489
sofa 0.0104 -3 260 459 499
sofa 0.0043 0 0 453 162
sofa 0.0027 4 380 463 496
sofa 0.0022 0 4 159 322
sofa 0.0020 0 1 296 370
sofa 0.0019 246 7 444 430
sofa 0.0018 0 281 140 494
sofa 0.0013 305 382 459 497
pottedplant 0.0448 271 7 447 416
pottedplant 0.0041 285 213 426 400
pottedplant 0.0036 275 184 304 230
pottedplant 0.0035 -1 3 143 317
pottedplant 0.0024 415 164 459 326
pottedplant 0.0011 405 28 463 353
pottedplant 0.0011 0 0 454 150
pottedplant 0.0010 305 374 458 497
diningtable 0.0055 4 380 463 496
tvmonitor 0.0015 436 267 459 313
