person 0.0015 195 121 349 239
car 0.0116 139 60 165 76
car 0.0015 89 18 119 39
car 0.0010 85 78 94 89
bottle 0.0030 343 141 349 200
bottle 0.0013 260 248 307 261
chair 0.0164 188 121 348 236
chair 0.0028 0 197 35 259
chair 0.0026 138 60 165 75
chair 0.0019 158 189 278 260
chair 0.0016 258 248 307 261
chair 0.0012 133 60 166 91
sofa 0.0064 195 121 349 239
pottedplant 0.0854 221 0 274 127
pottedplant 0.0053 224 0 274 59
diningtable 0.0310 155 128 352 261
diningtable 0.0049 158 191 351 258
tvmonitor 0.9408 58 0 223 136
tvmonitor 0.0069 197 113 350 245
tvmonitor 0.0029 276 123 348 217
tvmonitor 0.0016 138 60 165 76
tvmonitor 0.0015 343 138 349 199
