person 0.5492 282 217 319 253
person 0.0153 265 214 336 322
person 0.0105 295 217 317 246
person 0.0043 105 7 120 32
person 0.0031 33 192 492 340
person 0.0020 252 208 288 248
person 0.0013 95 6 133 39
person 0.0013 311 212 337 247
person 0.0012 187 211 346 255
bicycle 0.0190 92 4 139 52
bicycle 0.0080 96 6 130 37
bicycle 0.0025 95 20 111 33
car 0.8513 30 189 494 349
car 0.0218 11 133 498 290
car 0.0024 94 193 454 254
aeroplane 0.0022 11 133 498 290
bus 0.0341 21 191 490 346
bus 0.0187 11 133 498 290
bus 0.0014 36 140 497 220
horse 0.0022 94 10 136 43
diningtable 0.0010 25 193 489 351
