person 0.0023 230 269 242 279
car 0.8671 244 263 268 281
car 0.7964 284 259 302 274
car 0.0705 118 270 140 278
car 0.0417 231 269 242 278
car 0.0272 267 267 285 279
car 0.0053 289 251 301 259
car 0.0048 224 272 234 280
car 0.0048 6 246 449 370
car 0.0028 286 255 301 268
car 0.0011 4 284 303 371
motorbike 0.0037 284 259 302 274
motorbike 0.0017 231 270 242 278
motorbike 0.0015 243 263 269 281
aeroplane 0.0013 118 269 139 277
aeroplane 0.0011 138 358 168 374
aeroplane 0.0010 243 263 269 281
bus 0.0022 284 260 302 276
bus 0.0014 118 269 139 277
boat 0.0055 118 269 139 277
horse 0.0039 118 269 139 277
horse 0.0015 354 257 368 272
sheep 0.0045 118 269 138 277
sheep 0.0031 353 257 369 272
cow 0.0067 118 269 138 277
cow 0.0034 354 257 368 272
cow 0.0015 231 270 242 278
