person 0.1507 177 112 209 142
person 0.1456 32 168 42 189
person 0.0641 179 100 204 134
person 0.0322 264 114 292 144
person 0.0213 234 115 266 144
person 0.0210 185 97 218 133
person 0.0112 203 96 242 140
person 0.0075 489 172 499 247
person 0.0059 8 165 26 187
person 0.0056 266 127 295 145
person 0.0052 164 111 193 145
person 0.0052 176 111 198 128
person 0.0043 198 98 229 129
person 0.0032 216 109 243 139
person 0.0031 219 122 244 141
person 0.0030 287 104 315 144
person 0.0026 17 163 28 184
person 0.0024 232 98 267 139
person 0.0024 490 217 499 248
person 0.0024 109 144 127 160
person 0.0021 199 111 219 141
person 0.0020 174 113 189 127
person 0.0019 210 98 238 127
person 0.0013 267 114 284 132
person 0.0012 25 167 44 189
person 0.0011 361 168 372 240
bicycle 0.0023 487 207 499 248
car 0.6706 0 163 26 188
car 0.1050 112 69 371 323
car 0.0978 13 165 27 185
car 0.0270 19 168 41 187
car 0.0113 33 168 42 190
car 0.0062 106 144 127 161
car 0.0040 413 162 496 233
car 0.0035 490 217 499 248
car 0.0032 0 169 13 190
car 0.0016 489 172 499 247
car 0.0013 409 169 461 220
car 0.0012 369 173 411 246
car 0.0011 342 151 364 221
car 0.0010 103 142 129 186
car 0.0010 361 173 371 223
motorbike 0.0021 33 168 42 190
motorbike 0.0016 490 217 499 248
bus 0.3589 111 69 371 317
bus 0.0100 356 101 437 246
bus 0.0072 106 144 127 161
bus 0.0026 343 152 366 228
bus 0.0021 357 103 439 166
bus 0.0014 360 104 416 122
bus 0.0013 103 142 129 186
bus 0.0010 361 173 371 223
bus 0.0010 362 165 411 244
train 0.0011 410 156 497 240
chair 0.0026 182 112 218 142
chair 0.0024 265 123 296 145
tvmonitor 0.0013 105 143 127 161
