person 0.0012 1 315 120 373
person 0.0010 1 5 76 256
bicycle 0.0010 307 186 498 371
car 0.0710 56 -27 499 371
car 0.0234 12 159 505 370
car 0.0169 143 50 377 365
bus 0.0017 28 -49 505 374
cat 0.0104 146 41 381 362
dog 0.8719 144 42 381 364
dog 0.0014 175 43 384 227
sheep 0.0026 145 45 377 363
cow 0.0046 145 45 377 363
bottle 0.0109 21 22 47 195
bottle 0.0084 42 22 77 179
bottle 0.0072 0 3 44 209
bottle 0.0032 44 61 74 99
bottle 0.0028 0 12 74 269
bottle 0.0017 46 62 59 77
bottle 0.0015 45 64 60 97
bottle 0.0011 46 61 67 78
bottle 0.0010 44 96 73 144
bottle 0.0010 58 63 74 79
chair 0.0249 0 4 76 281
chair 0.0038 31 232 449 370
chair 0.0032 0 262 118 371
chair 0.0026 0 3 44 209
chair 0.0022 53 259 168 370
chair 0.0013 1 315 120 373
chair 0.0012 24 27 48 184
sofa 0.0138 11 -62 485 369
sofa 0.0035 0 312 120 373
sofa 0.0017 2 194 494 371
diningtable 0.1377 0 313 120 372
diningtable 0.0039 2 226 497 370
diningtable 0.0017 5 189 203 294
tvmonitor 0.0032 0 21 74 263
tvmonitor 0.0012 7 -39 500 343
