person 0.8651 9 11 324 475
person 0.8640 0 236 140 477
person 0.0681 13 235 314 477
person 0.0016 298 113 318 212
person 0.0010 142 55 160 102
person 0.0010 0 356 80 478
bottle 0.0151 96 8 145 200
bottle 0.0020 135 36 165 192
bottle 0.0015 0 433 42 479
chair 0.0267 238 335 319 477
chair 0.0127 1 158 243 473
chair 0.0044 0 0 325 478
chair 0.0025 142 55 160 102
chair 0.0019 4 165 159 299
chair 0.0019 77 329 320 477
chair 0.0018 139 39 166 190
chair 0.0016 97 10 145 200
chair 0.0015 87 2 318 220
chair 0.0015 111 20 170 208
chair 0.0013 304 189 319 214
sofa 0.1248 -3 150 327 470
sofa 0.0210 3 150 176 334
sofa 0.0031 0 170 167 472
sofa 0.0022 -6 87 265 350
sofa 0.0019 239 334 318 476
sofa 0.0016 -6 301 312 476
sofa 0.0010 0 357 63 477
diningtable 0.0033 0 357 66 478
diningtable 0.0018 1 438 108 478
