person 0.9318 132 28 497 370
person 0.0063 288 199 342 250
person 0.0045 252 181 394 326
person 0.0038 266 187 351 293
person 0.0027 134 199 494 373
person 0.0022 287 206 367 332
person 0.0013 323 217 378 290
bicycle 0.6285 80 234 326 372
bicycle 0.4538 92 261 497 372
bicycle 0.1713 46 170 497 372
bicycle 0.0072 108 334 304 373
bicycle 0.0025 103 364 175 374
bicycle 0.0015 109 350 251 374
bicycle 0.0015 81 235 174 339
bicycle 0.0012 162 279 321 373
car 0.0010 31 131 501 366
motorbike 0.0663 31 131 501 366
motorbike 0.0025 105 235 493 373
train 0.0016 41 167 488 366
boat 0.0048 31 131 501 366
dog 0.0027 203 107 505 364
bottle 0.0028 139 241 164 301
chair 0.0021 105 363 174 374
