bird 0.3941 38 78 353 256
bird 0.0107 250 204 295 244
bird 0.0034 40 81 151 216
bird 0.0033 269 204 295 239
bird 0.0028 41 85 97 213
bird 0.0026 223 197 308 244
bird 0.0024 389 202 406 216
bird 0.0016 211 140 335 247
cat 0.0285 56 82 347 260
dog 0.5311 60 78 345 257
sheep 0.0306 42 81 354 260
sheep 0.0030 389 147 499 233
sheep 0.0012 443 147 499 221
sheep 0.0010 313 0 498 227
cow 0.0082 30 81 345 254
cow 0.0033 237 0 392 114
cow 0.0027 313 0 495 224
cow 0.0021 390 147 498 229
bottle 0.0013 270 204 296 240
chair 0.0022 0 28 45 193
