person 0.0344 168 -1 334 144
person 0.0092 412 66 421 85
person 0.0082 405 67 421 99
person 0.0044 287 44 400 148
person 0.0042 171 0 220 21
person 0.0041 348 60 379 107
person 0.0039 169 -1 221 45
person 0.0036 208 0 337 89
person 0.0032 66 0 110 67
person 0.0030 177 0 306 21
person 0.0020 440 87 467 119
person 0.0019 176 0 320 38
person 0.0017 66 0 185 118
person 0.0014 392 77 433 130
person 0.0013 400 80 419 99
bicycle 0.0224 -2 -21 501 379
car 0.0027 350 51 389 93
car 0.0022 484 56 499 69
car 0.0014 -5 -16 499 369
car 0.0014 341 54 431 124
car 0.0010 440 88 467 118
boat 0.0073 -6 213 497 372
boat 0.0032 -13 -3 506 369
bird 0.0344 56 89 128 189
bird 0.0029 404 69 421 99
bird 0.0026 440 87 467 117
bird 0.0025 348 60 379 107
bird 0.0022 0 133 65 204
bird 0.0017 6 110 127 190
cat 0.0105 34 145 326 296
cat 0.0088 68 89 115 131
cat 0.0037 59 122 125 188
cat 0.0015 440 87 467 116
dog 0.8605 46 134 338 301
dog 0.0261 57 87 129 189
dog 0.0021 10 100 120 188
dog 0.0021 23 160 227 293
dog 0.0018 46 84 175 227
dog 0.0013 68 88 115 131
dog 0.0011 419 0 498 188
sheep 0.0259 55 88 129 189
sheep 0.0055 68 88 115 131
sheep 0.0015 440 88 467 116
sheep 0.0013 63 87 162 165
bottle 0.0024 440 87 468 120
chair 0.4220 1 -2 173 178
chair 0.4210 0 0 88 157
chair 0.3418 100 0 184 116
chair 0.3175 262 -2 482 195
chair 0.2686 168 0 334 148
chair 0.2576 104 0 224 150
chair 0.1605 214 -5 491 372
chair 0.1324 65 0 160 116
chair 0.1121 134 1 185 71
chair 0.0904 254 2 372 155
chair 0.0246 282 48 386 145
chair 0.0204 108 -1 147 110
chair 0.0187 180 27 240 148
chair 0.0181 409 1 499 198
chair 0.0179 60 85 162 181
chair 0.0127 300 2 443 148
chair 0.0123 168 2 223 141
chair 0.0104 51 0 107 93
chair 0.0094 281 42 429 187
chair 0.0086 208 0 336 93
chair 0.0079 56 -1 419 234
chair 0.0074 170 0 221 53
chair 0.0049 263 76 337 151
chair 0.0044 172 0 219 23
chair 0.0042 33 0 87 95
chair 0.0029 0 36 33 136
chair 0.0029 422 79 484 201
chair 0.0028 112 118 163 160
chair 0.0026 483 7 499 50
chair 0.0023 297 66 384 198
chair 0.0020 0 6 23 52
chair 0.0016 301 67 372 136
chair 0.0016 239 78 283 140
chair 0.0014 254 65 312 137
chair 0.0013 314 0 429 52
chair 0.0013 134 7 176 42
chair 0.0012 463 2 499 113
chair 0.0011 232 82 257 140
chair 0.0011 485 1 499 34
chair 0.0010 186 71 259 145
chair 0.0010 325 53 433 126
sofa 0.0039 -12 53 501 377
diningtable 0.0938 268 0 435 154
diningtable 0.0900 67 0 183 125
diningtable 0.0647 174 0 332 148
diningtable 0.0238 261 0 494 239
diningtable 0.0111 0 0 89 157
diningtable 0.0078 58 -10 365 149
diningtable 0.0053 312 0 432 50
diningtable 0.0051 99 -5 434 278
diningtable 0.0046 402 0 499 200
diningtable 0.0037 -8 6 502 372
diningtable 0.0024 117 0 185 67
diningtable 0.0020 263 75 357 149
diningtable 0.0014 173 0 219 20
diningtable 0.0014 168 3 218 45
