person 0.4563 7 152 18 177
person 0.3167 60 146 70 174
person 0.2658 1 154 9 176
person 0.2517 28 154 35 166
person 0.1592 39 150 49 159
person 0.1252 19 154 26 168
person 0.1059 73 150 81 175
person 0.0911 80 150 88 174
person 0.0574 47 151 55 159
person 0.0564 56 148 67 171
person 0.0500 60 146 69 161
person 0.0423 52 151 58 161
person 0.0326 48 152 56 169
person 0.0306 68 151 78 176
person 0.0304 63 149 73 175
person 0.0281 12 154 22 174
person 0.0257 88 152 102 174
person 0.0240 42 151 52 167
person 0.0234 85 151 94 174
person 0.0130 91 150 103 159
person 0.0128 38 151 47 165
person 0.0107 44 151 54 175
person 0.0084 51 151 61 174
person 0.0055 118 147 128 157
person 0.0045 86 143 108 160
person 0.0039 107 145 114 157
person 0.0023 113 147 125 158
person 0.0017 111 147 119 158
person 0.0012 47 152 59 180
car 0.0010 212 137 235 147
car 0.0010 223 137 246 146
bus 0.0204 128 136 245 153
bus 0.0177 67 133 248 163
bus 0.0086 76 138 110 159
bus 0.0019 0 135 16 173
bus 0.0014 -7 133 245 184
bus 0.0012 74 138 142 161
train 0.5348 51 133 248 174
train 0.0468 129 135 241 152
train 0.0065 -2 132 251 226
train 0.0013 75 138 123 160
train 0.0010 37 142 130 181
train 0.0010 32 114 499 215
boat 0.0010 67 133 248 163
bird 0.0045 407 310 421 322
bird 0.0026 254 254 261 266
bird 0.0011 106 269 123 285
sheep 0.0016 462 201 499 267
sheep 0.0010 106 269 123 285
