person 0.8105 182 104 290 349
person 0.5454 16 22 99 222
person 0.3937 259 83 306 133
person 0.0686 145 81 192 142
person 0.0653 28 21 98 139
person 0.0263 110 86 167 151
person 0.0190 198 11 233 38
person 0.0126 143 13 163 38
person 0.0100 216 11 234 37
person 0.0097 126 10 163 38
person 0.0056 175 91 284 222
person 0.0054 105 37 138 57
person 0.0036 82 53 103 73
person 0.0035 233 102 290 315
person 0.0030 9 93 45 274
person 0.0029 43 21 93 74
person 0.0025 125 82 331 364
person 0.0025 0 49 33 196
person 0.0021 114 87 149 135
person 0.0019 272 84 323 143
person 0.0019 326 85 374 141
person 0.0018 81 35 114 72
person 0.0017 126 22 153 37
person 0.0015 86 37 106 52
person 0.0013 12 108 45 202
person 0.0013 9 138 29 254
person 0.0010 46 34 71 64
bicycle 0.8599 187 206 293 437
bicycle 0.0032 10 96 56 280
bicycle 0.0023 258 11 309 54
bicycle 0.0014 175 13 307 55
bicycle 0.0010 12 87 88 300
bicycle 0.0010 93 35 183 57
car 0.8905 36 51 407 339
car 0.4052 313 75 411 258
car 0.0723 91 28 296 61
car 0.0331 13 105 80 287
car 0.0317 12 136 44 269
car 0.0296 93 34 223 58
car 0.0237 13 191 37 267
car 0.0224 388 125 420 170
car 0.0221 140 11 309 59
car 0.0214 195 11 234 38
car 0.0122 259 11 309 53
car 0.0115 85 36 171 61
car 0.0092 237 45 415 255
car 0.0073 105 37 137 57
car 0.0062 193 24 219 37
car 0.0059 320 80 405 165
car 0.0059 143 40 295 60
car 0.0048 78 51 286 82
car 0.0047 125 82 331 364
car 0.0046 361 109 410 256
car 0.0046 12 21 101 259
car 0.0037 75 163 206 324
car 0.0034 215 12 308 55
car 0.0028 164 35 228 52
car 0.0024 85 34 115 52
car 0.0018 156 11 239 39
car 0.0018 117 40 172 56
car 0.0017 167 47 270 58
car 0.0011 155 33 274 56
car 0.0010 81 53 104 73
car 0.0010 81 38 107 73
motorbike 0.0065 12 96 96 281
motorbike 0.0056 183 195 296 433
motorbike 0.0037 13 195 33 270
motorbike 0.0032 86 17 311 62
motorbike 0.0022 179 7 311 58
motorbike 0.0021 12 136 44 269
motorbike 0.0018 319 73 408 267
motorbike 0.0015 260 11 308 53
motorbike 0.0015 180 97 291 368
motorbike 0.0014 93 35 183 57
motorbike 0.0014 171 104 384 327
motorbike 0.0013 194 11 235 38
bus 0.0012 31 50 387 334
boat 0.0026 154 29 304 56
bird 0.0014 225 211 247 247
chair 0.0024 105 37 138 56
chair 0.0014 85 34 111 52
chair 0.0012 98 35 175 58
