person 0.0216 317 249 335 277
person 0.0086 322 247 341 271
person 0.0061 318 268 328 277
person 0.0054 330 247 343 267
person 0.0034 123 354 140 375
person 0.0027 145 366 157 376
person 0.0025 158 458 180 482
person 0.0019 82 440 108 466
person 0.0013 128 362 142 376
person 0.0011 150 458 169 480
person 0.0010 142 458 158 479
car 0.9077 83 348 221 406
car 0.8891 47 426 287 496
car 0.0511 330 247 343 266
car 0.0109 317 225 331 232
car 0.0097 322 247 343 271
car 0.0022 207 444 287 498
car 0.0012 310 247 341 277
aeroplane 0.0026 330 247 343 267
bus 0.0015 330 247 343 266
boat 0.0140 330 247 343 267
boat 0.0086 143 314 181 330
boat 0.0023 322 247 343 271
boat 0.0012 310 247 341 277
bird 0.0016 252 20 260 28
bird 0.0013 163 72 170 79
dog 0.0022 318 269 328 277
horse 0.0012 312 250 334 277
cow 0.0010 332 249 343 267
chair 0.0097 330 247 343 267
chair 0.0016 318 247 341 277
