person 0.0018 222 30 390 379
bird 0.0011 222 30 390 379
cat 0.0052 222 29 389 382
cat 0.0029 234 34 355 234
dog 0.9636 222 31 389 378
dog 0.0045 231 32 354 258
dog 0.0014 145 295 314 368
sheep 0.0010 222 29 388 378
cow 0.0040 222 30 388 378
bottle 0.0050 224 221 245 240
bottle 0.0027 224 180 249 242
pottedplant 0.2857 432 71 458 92
pottedplant 0.2826 392 148 499 223
pottedplant 0.0208 432 44 461 93
pottedplant 0.0176 370 147 499 344
pottedplant 0.0106 183 2 425 72
pottedplant 0.0094 452 72 462 89
pottedplant 0.0076 354 186 410 210
pottedplant 0.0062 351 185 416 230
pottedplant 0.0056 347 182 483 237
pottedplant 0.0051 300 0 427 75
pottedplant 0.0047 122 -2 426 187
pottedplant 0.0031 434 78 454 92
pottedplant 0.0019 258 122 496 360
pottedplant 0.0010 340 -14 424 184
pottedplant 0.0010 273 4 421 186
