bird 0.0239 29 115 94 209
bird 0.0027 454 112 482 140
cat 0.0061 30 115 94 207
dog 0.2963 29 115 93 209
horse 0.0248 28 114 93 209
sheep 0.8950 372 103 422 237
sheep 0.8934 301 58 379 262
sheep 0.8898 416 62 493 253
sheep 0.1027 31 116 95 205
sheep 0.0465 423 59 472 109
sheep 0.0441 453 112 482 139
sheep 0.0352 422 60 484 139
sheep 0.0182 334 102 373 134
sheep 0.0085 307 67 359 104
sheep 0.0059 370 106 418 142
sheep 0.0057 370 113 392 141
sheep 0.0052 301 67 361 180
sheep 0.0027 407 129 421 148
sheep 0.0018 330 69 358 103
sheep 0.0015 311 69 373 130
sheep 0.0011 439 64 497 125
cow 0.5867 29 115 94 209
cow 0.0011 375 105 420 236
chair 0.0105 247 105 281 181
chair 0.0012 258 130 279 178
