person 0.0826 349 109 373 154
person 0.0252 406 59 449 192
person 0.0085 346 108 380 181
person 0.0052 402 66 451 307
person 0.0026 338 108 387 217
person 0.0019 357 114 376 159
person 0.0012 307 99 336 143
person 0.0012 340 122 350 145
car 0.0149 310 50 451 187
car 0.0034 382 135 406 180
car 0.0028 349 109 374 154
car 0.0023 342 105 421 182
car 0.0022 368 69 450 300
car 0.0018 393 78 449 189
car 0.0013 407 155 445 193
car 0.0011 303 51 452 317
car 0.0011 406 112 447 192
car 0.0010 311 104 342 144
motorbike 0.9146 56 56 380 333
motorbike 0.0022 252 66 312 173
bus 0.0043 309 50 453 187
bus 0.0012 31 45 483 205
bottle 0.1461 351 109 371 150
bottle 0.0578 406 61 449 189
bottle 0.0088 383 134 405 179
bottle 0.0047 340 124 350 144
bottle 0.0011 357 114 376 159
chair 0.0023 383 134 405 179
pottedplant 0.0022 325 99 451 317
