person 0.9336 132 82 298 491
person 0.8932 54 154 170 495
person 0.0328 0 298 66 403
person 0.0180 6 235 72 298
person 0.0172 7 237 74 367
person 0.0066 62 155 160 309
person 0.0053 53 227 80 266
person 0.0040 18 290 73 363
person 0.0038 342 226 370 319
person 0.0037 144 136 165 174
person 0.0030 141 122 176 178
person 0.0023 9 179 20 198
person 0.0021 0 234 79 489
person 0.0020 146 138 163 159
person 0.0018 50 178 96 237
person 0.0012 3 229 229 497
bird 0.0010 9 179 20 198
dog 0.0044 51 179 82 211
bottle 0.0274 122 267 161 301
bottle 0.0053 122 273 161 326
bottle 0.0035 125 282 162 300
bottle 0.0032 312 340 332 369
bottle 0.0022 302 340 310 363
bottle 0.0015 57 229 80 261
bottle 0.0013 148 278 160 292
bottle 0.0012 122 300 161 326
bottle 0.0012 327 346 336 371
bottle 0.0010 292 336 329 373
chair 0.1116 0 297 77 495
chair 0.0676 284 250 369 459
chair 0.0475 7 238 74 366
chair 0.0459 6 237 58 300
chair 0.0228 8 251 42 298
chair 0.0218 24 293 74 369
chair 0.0208 316 421 370 475
chair 0.0124 289 254 366 345
chair 0.0100 3 229 229 497
chair 0.0091 123 299 162 326
chair 0.0089 284 332 366 424
chair 0.0065 0 294 68 407
chair 0.0052 9 252 38 277
chair 0.0028 27 236 58 274
chair 0.0023 284 354 370 469
chair 0.0022 344 224 369 320
chair 0.0021 288 334 341 382
chair 0.0021 161 420 223 498
chair 0.0019 349 227 368 240
chair 0.0015 32 188 170 456
chair 0.0014 18 266 41 295
chair 0.0011 287 315 358 388
chair 0.0010 39 308 70 364
sofa 0.5350 0 291 72 501
sofa 0.2871 0 286 219 495
sofa 0.1131 7 237 60 300
sofa 0.0750 285 251 368 448
sofa 0.0744 7 237 74 365
sofa 0.0284 0 298 61 402
sofa 0.0267 288 253 366 356
sofa 0.0106 -6 374 352 495
sofa 0.0105 32 188 170 456
sofa 0.0076 25 296 72 360
sofa 0.0060 -6 227 360 495
sofa 0.0039 8 251 42 298
sofa 0.0036 0 399 83 497
sofa 0.0021 161 420 223 498
sofa 0.0012 206 422 229 496
sofa 0.0011 27 236 58 274
pottedplant 0.0616 1 121 52 163
pottedplant 0.0134 345 226 370 318
pottedplant 0.0087 1 121 32 154
pottedplant 0.0053 349 226 369 246
pottedplant 0.0049 121 278 161 327
pottedplant 0.0028 317 225 370 339
pottedplant 0.0012 347 226 369 266
pottedplant 0.0010 122 273 162 305
diningtable 0.0095 -3 279 367 497
tvmonitor 0.0088 328 156 369 243
tvmonitor 0.0078 144 121 173 161
tvmonitor 0.0044 288 253 366 356
tvmonitor 0.0011 284 259 370 437
