person 0.9290 165 49 352 371
person 0.0164 148 129 161 151
person 0.0152 164 130 177 151
person 0.0100 0 115 8 151
person 0.0081 264 269 329 370
person 0.0066 1 114 25 151
person 0.0047 147 129 173 153
person 0.0034 165 124 198 151
person 0.0028 283 93 323 148
person 0.0028 0 115 7 131
person 0.0025 372 100 409 149
person 0.0024 284 93 330 209
person 0.0013 265 97 315 155
person 0.0012 450 102 488 145
bicycle 0.0943 63 233 237 371
bicycle 0.0059 65 229 121 308
bicycle 0.0047 62 232 133 367
bicycle 0.0017 45 205 363 372
bicycle 0.0014 319 112 411 203
bicycle 0.0013 0 204 119 371
bicycle 0.0013 147 129 173 153
car 0.6116 12 133 94 169
car 0.3607 0 165 114 240
car 0.0752 165 117 201 151
car 0.0295 0 175 122 369
car 0.0172 148 130 162 150
car 0.0159 125 131 166 154
car 0.0121 147 129 173 153
car 0.0120 165 132 175 150
car 0.0105 320 115 358 150
car 0.0092 16 120 88 145
car 0.0089 320 113 406 174
car 0.0081 319 115 373 194
car 0.0069 15 122 56 149
car 0.0067 19 134 46 149
car 0.0067 63 125 101 147
car 0.0066 72 137 441 369
car 0.0065 4 187 117 290
car 0.0062 84 126 99 147
car 0.0057 151 73 350 167
car 0.0043 65 126 91 142
car 0.0041 122 136 150 154
car 0.0038 1 116 28 151
car 0.0037 20 133 82 148
car 0.0029 302 107 440 210
car 0.0022 165 130 184 152
car 0.0021 14 123 150 171
car 0.0021 322 141 358 172
car 0.0020 26 189 114 220
car 0.0019 279 89 467 352
car 0.0018 126 146 145 155
car 0.0018 29 189 113 205
car 0.0016 83 128 130 154
car 0.0016 134 117 243 155
car 0.0013 64 234 232 370
car 0.0012 100 135 147 156
car 0.0012 16 137 33 150
car 0.0011 89 106 172 155
car 0.0010 160 133 176 156
car 0.0010 3 132 29 150
motorbike 0.7791 279 104 467 372
motorbike 0.2795 58 130 451 370
motorbike 0.0841 63 234 238 371
motorbike 0.0044 165 50 353 370
motorbike 0.0036 5 213 162 370
motorbike 0.0030 147 129 173 153
motorbike 0.0013 148 129 161 151
aeroplane 0.0052 51 144 457 370
bus 0.1697 13 119 99 162
bus 0.0120 19 119 84 141
bus 0.0063 53 123 89 141
bus 0.0062 64 124 99 146
bus 0.0049 43 120 98 150
bus 0.0027 29 118 74 129
bus 0.0026 17 122 56 148
bus 0.0026 84 124 99 147
bus 0.0016 68 126 87 140
bus 0.0013 78 101 160 155
train 0.0018 72 137 441 369
boat 0.0388 56 161 457 370
boat 0.0019 76 260 377 370
boat 0.0012 3 126 96 169
horse 0.0043 72 137 441 369
bottle 0.1272 352 308 383 372
bottle 0.0010 381 99 401 127
bottle 0.0010 372 100 409 149
chair 0.0894 64 234 232 370
chair 0.0787 92 271 222 350
chair 0.0292 69 311 239 372
chair 0.0108 450 56 488 117
chair 0.0064 45 205 363 372
chair 0.0032 64 230 121 308
chair 0.0014 65 231 146 366
chair 0.0012 457 67 484 84
chair 0.0012 0 204 121 370
sofa 0.0288 95 272 219 346
sofa 0.0098 62 201 469 371
sofa 0.0057 66 258 235 369
pottedplant 0.0611 372 120 409 149
pottedplant 0.0015 365 115 409 191
pottedplant 0.0014 322 113 408 161
diningtable 0.0039 69 298 237 373
