person 0.9183 182 114 276 305
person 0.0291 199 147 208 173
person 0.0076 301 87 321 156
person 0.0047 289 96 318 145
person 0.0042 288 99 309 123
person 0.0018 180 114 211 173
person 0.0017 295 99 306 112
person 0.0015 0 97 7 124
bicycle 0.0080 287 115 309 143
bicycle 0.0051 287 128 306 143
bicycle 0.0048 268 110 308 143
bicycle 0.0038 286 96 313 145
bicycle 0.0031 301 123 332 163
bicycle 0.0018 288 86 330 157
car 0.5737 2 97 45 133
car 0.2682 40 110 55 119
car 0.0066 0 97 7 124
car 0.0027 0 97 16 121
car 0.0022 1 97 29 127
car 0.0013 0 72 8 81
car 0.0010 287 130 305 143
motorbike 0.0022 287 115 309 143
motorbike 0.0019 286 96 313 145
motorbike 0.0016 268 110 308 143
bus 0.0015 0 97 46 133
bird 0.0013 199 147 208 173
bottle 0.0601 199 147 208 173
bottle 0.0133 188 280 200 288
bottle 0.0085 155 300 165 307
bottle 0.0047 208 282 222 291
bottle 0.0022 61 259 70 267
chair 0.0026 199 147 208 174
chair 0.0010 94 227 117 268
pottedplant 0.0020 287 130 306 143
