person 0.4756 0 32 115 133
person 0.3048 254 0 276 39
person 0.1864 42 0 115 72
person 0.1747 89 53 274 138
person 0.1664 233 0 264 37
person 0.0553 1 28 282 186
person 0.0498 43 0 111 39
person 0.0387 0 17 18 49
person 0.0127 78 0 111 38
person 0.0122 253 1 265 38
person 0.0108 188 0 230 36
person 0.0107 2 77 77 131
person 0.0061 22 11 272 79
person 0.0053 0 1 49 55
person 0.0050 230 -76 290 54
person 0.0045 1 79 45 102
person 0.0045 0 115 284 189
person 0.0045 159 50 188 76
person 0.0033 76 0 115 66
person 0.0033 0 23 53 102
person 0.0030 161 33 288 186
person 0.0029 151 0 193 31
person 0.0022 0 34 51 59
person 0.0022 2 31 103 72
person 0.0021 36 37 116 71
person 0.0021 100 53 200 132
person 0.0019 228 1 243 35
person 0.0018 279 1 287 37
person 0.0017 254 14 270 39
person 0.0017 1 0 92 42
person 0.0016 269 1 285 36
person 0.0015 67 0 87 42
person 0.0014 255 15 264 36
person 0.0011 28 61 108 132
person 0.0011 26 31 220 114
person 0.0011 2 35 32 54
car 0.0134 45 33 281 86
car 0.0100 1 26 285 181
car 0.0098 103 35 249 74
car 0.0042 114 39 183 67
car 0.0036 0 34 50 59
car 0.0031 95 37 286 146
car 0.0011 5 -1 283 82
bird 0.0067 98 50 259 135
bird 0.0035 99 58 187 126
bird 0.0029 17 61 108 132
bird 0.0011 126 119 220 177
cat 0.0496 98 55 273 136
cat 0.0491 17 61 108 132
cat 0.0047 76 47 252 180
cat 0.0042 -6 29 117 135
cat 0.0022 99 57 189 127
cat 0.0015 40 63 102 108
cat 0.0013 184 64 269 126
cat 0.0010 137 120 222 181
dog 0.2661 89 54 274 146
dog 0.0519 16 60 108 132
dog 0.0087 100 58 195 128
dog 0.0054 0 28 285 188
dog 0.0043 163 64 270 128
dog 0.0016 -5 31 120 120
horse 0.0121 96 53 263 135
horse 0.0080 11 61 108 132
horse 0.0077 100 57 192 127
horse 0.0026 0 29 286 188
sheep 0.0051 17 60 108 132
sheep 0.0021 100 58 195 128
sheep 0.0010 185 64 269 125
cow 0.0376 92 53 271 134
cow 0.0071 99 57 189 127
cow 0.0051 165 63 270 127
cow 0.0048 17 61 108 132
cow 0.0021 41 46 277 185
bottle 0.0160 188 0 230 37
bottle 0.0029 44 32 65 71
bottle 0.0014 42 34 113 71
chair 0.0045 113 42 175 66
chair 0.0037 151 0 194 35
chair 0.0030 4 34 50 55
chair 0.0023 189 0 229 37
chair 0.0016 108 7 145 25
chair 0.0015 38 0 114 72
chair 0.0015 106 0 196 37
chair 0.0014 144 0 233 37
chair 0.0012 0 33 52 102
chair 0.0010 151 2 176 26
sofa 0.0398 -3 40 286 188
sofa 0.0107 97 40 286 153
sofa 0.0039 45 33 281 86
sofa 0.0032 0 114 286 189
sofa 0.0017 176 123 285 187
sofa 0.0012 1 35 116 133
pottedplant 0.0119 188 0 230 37
pottedplant 0.0046 0 0 47 34
diningtable 0.0108 0 29 286 188
diningtable 0.0012 176 123 285 187
