person 0.8819 109 50 384 368
person 0.8484 0 21 75 186
person 0.3086 0 52 18 96
person 0.0185 9 52 24 79
person 0.0108 7 26 72 112
person 0.0102 12 49 32 76
person 0.0090 22 52 33 74
person 0.0077 1 50 59 127
person 0.0075 3 55 25 86
person 0.0069 13 64 27 84
person 0.0066 0 63 27 110
person 0.0051 1 49 28 76
person 0.0048 20 42 35 71
person 0.0042 354 302 398 397
person 0.0040 2 79 18 97
person 0.0040 1 50 15 67
person 0.0036 56 6 75 53
person 0.0023 37 0 70 21
person 0.0020 356 347 399 398
person 0.0019 9 74 23 87
person 0.0014 110 209 194 300
person 0.0013 0 137 9 189
person 0.0013 61 9 71 23
person 0.0012 20 0 74 57
person 0.0012 47 27 70 66
person 0.0011 2 80 24 107
person 0.0011 371 0 397 37
person 0.0011 0 104 16 187
car 0.0124 0 0 74 60
car 0.0118 0 51 16 80
car 0.0097 1 49 28 76
car 0.0076 12 49 32 76
car 0.0071 1 50 15 67
car 0.0016 13 64 27 84
car 0.0015 -2 0 76 115
car 0.0010 9 73 27 86
boat 0.0014 0 0 72 78
bottle 0.0109 21 103 36 121
bottle 0.0019 23 55 33 75
bottle 0.0013 3 80 19 96
bottle 0.0010 0 51 17 88
chair 0.8152 111 45 176 206
chair 0.7873 173 66 224 183
chair 0.6914 9 47 110 213
chair 0.2150 173 67 226 107
chair 0.1542 179 109 204 178
chair 0.1250 80 45 120 213
chair 0.0689 109 43 125 96
chair 0.0686 350 303 398 394
chair 0.0518 359 304 394 365
chair 0.0468 112 45 124 79
chair 0.0407 355 345 399 398
chair 0.0390 0 138 10 190
chair 0.0289 151 40 170 93
chair 0.0264 112 147 398 387
chair 0.0239 331 163 399 383
chair 0.0239 1 90 77 191
chair 0.0206 165 99 181 190
chair 0.0205 110 42 168 93
chair 0.0191 151 41 167 71
chair 0.0176 3 47 167 292
chair 0.0123 1 132 62 191
chair 0.0104 260 166 396 390
chair 0.0092 169 110 197 206
chair 0.0091 117 143 172 209
chair 0.0073 0 104 16 187
chair 0.0056 101 43 125 146
chair 0.0049 13 64 27 84
chair 0.0047 101 44 119 96
chair 0.0044 339 303 368 380
chair 0.0043 12 52 28 78
chair 0.0041 1 78 18 99
chair 0.0041 0 130 78 164
chair 0.0039 9 73 27 86
chair 0.0036 178 89 211 127
chair 0.0035 377 300 399 349
chair 0.0029 174 67 225 82
chair 0.0028 145 41 177 125
chair 0.0028 108 45 137 176
chair 0.0026 23 53 33 74
chair 0.0026 0 55 20 99
chair 0.0024 169 125 186 190
chair 0.0021 336 333 365 380
chair 0.0021 180 105 206 128
chair 0.0017 14 151 105 217
chair 0.0016 0 102 34 120
chair 0.0016 114 44 133 73
chair 0.0016 182 115 204 129
chair 0.0013 9 137 137 288
chair 0.0013 -27 84 409 428
chair 0.0013 181 115 204 144
chair 0.0012 177 126 195 183
chair 0.0011 163 87 174 159
chair 0.0010 0 127 26 183
chair 0.0010 1 98 20 110
sofa 0.0075 331 160 399 291
sofa 0.0044 9 45 114 211
sofa 0.0019 133 85 397 359
sofa 0.0012 172 66 225 108
pottedplant 0.0017 362 0 397 38
diningtable 0.8695 0 259 397 497
diningtable 0.0968 0 102 34 120
diningtable 0.0156 179 108 205 175
diningtable 0.0137 108 55 180 204
diningtable 0.0058 1 98 25 114
diningtable 0.0056 182 117 204 130
diningtable 0.0044 -1 89 25 188
diningtable 0.0044 0 98 17 108
diningtable 0.0039 1 74 60 181
diningtable 0.0032 326 161 400 382
diningtable 0.0032 0 137 10 190
diningtable 0.0027 182 101 208 123
diningtable 0.0027 0 111 47 144
diningtable 0.0024 9 73 27 86
diningtable 0.0020 377 300 399 349
diningtable 0.0017 3 91 36 115
diningtable 0.0016 172 67 225 106
diningtable 0.0014 1 78 18 99
diningtable 0.0014 -27 84 409 428
diningtable 0.0013 13 45 172 216
diningtable 0.0013 13 64 27 84
diningtable 0.0012 185 118 203 150
diningtable 0.0012 12 49 32 76
diningtable 0.0010 258 345 394 406
diningtable 0.0010 64 3 330 185
tvmonitor 0.0019 254 0 300 7
