person 0.0069 441 307 499 375
person 0.0063 459 343 499 375
person 0.0046 485 322 499 350
car 0.0012 44 205 72 223
bottle 0.0139 447 312 465 334
bottle 0.0062 314 264 325 284
bottle 0.0022 486 317 499 351
bottle 0.0016 451 364 467 375
bottle 0.0014 44 205 72 222
bottle 0.0010 24 214 85 232
chair 0.9095 208 290 314 374
chair 0.4327 445 290 499 321
chair 0.1728 432 289 498 375
chair 0.0153 457 348 498 375
chair 0.0082 174 344 213 375
chair 0.0076 313 296 360 371
chair 0.0072 486 324 499 351
chair 0.0063 172 319 214 374
chair 0.0049 440 328 489 374
chair 0.0041 451 364 467 375
chair 0.0041 456 320 499 376
chair 0.0024 327 321 358 375
chair 0.0022 242 285 257 302
chair 0.0019 376 313 415 375
chair 0.0014 133 342 153 375
chair 0.0013 255 247 267 259
chair 0.0010 422 344 439 369
chair 0.0010 461 316 500 351
chair 0.0010 317 250 329 265
chair 0.0010 435 315 450 331
sofa 0.1610 433 291 500 375
sofa 0.1188 445 290 499 323
sofa 0.0128 459 341 499 375
sofa 0.0024 423 289 497 338
diningtable 0.1425 428 301 496 375
diningtable 0.0084 437 341 487 373
diningtable 0.0065 242 275 362 370
diningtable 0.0049 461 348 499 375
diningtable 0.0028 446 333 482 351
diningtable 0.0026 167 330 242 375
diningtable 0.0019 456 320 499 376
diningtable 0.0014 486 320 499 351
tvmonitor 0.6061 270 233 318 267
tvmonitor 0.0137 329 322 357 373
tvmonitor 0.0089 328 280 374 303
tvmonitor 0.0063 255 247 267 259
tvmonitor 0.0021 271 233 290 263
tvmonitor 0.0012 59 195 111 227
