person 0.0048 16 2 471 292
person 0.0012 0 101 42 174
car 0.0013 5 0 500 293
car 0.0010 269 0 500 248
bird 0.0639 24 11 338 241
bird 0.0122 80 36 465 274
bird 0.0074 310 156 433 282
cat 0.1526 34 9 442 278
cat 0.0370 -4 9 267 224
dog 0.2140 39 11 447 276
dog 0.0103 3 5 306 226
dog 0.0015 107 57 364 248
dog 0.0013 0 101 42 174
dog 0.0011 309 155 433 282
horse 0.0035 66 15 449 278
sheep 0.0222 56 33 461 278
cow 0.0075 38 9 448 278
chair 0.0049 10 0 487 293
chair 0.0028 0 153 42 173
chair 0.0023 271 0 499 241
chair 0.0021 4 126 410 308
chair 0.0014 0 101 43 173
sofa 0.0277 1 5 489 307
sofa 0.0026 3 120 392 307
sofa 0.0011 271 0 499 241
diningtable 0.0210 2 16 462 308
diningtable 0.0041 4 131 378 307
