person 0.9213 353 147 449 343
person 0.4700 470 135 499 233
person 0.0195 471 182 499 231
person 0.0184 477 133 499 181
person 0.0178 480 154 499 224
person 0.0035 378 117 389 131
person 0.0033 478 132 490 151
person 0.0024 491 213 499 233
person 0.0020 487 180 499 225
person 0.0015 489 138 499 194
person 0.0011 467 193 495 221
person 0.0010 467 168 500 313
bicycle 0.0029 476 132 499 190
bicycle 0.0012 272 70 336 167
motorbike 0.0020 477 132 499 177
cat 0.0013 477 132 499 177
dog 0.0012 477 132 499 177
bottle 0.0282 224 150 234 173
bottle 0.0260 365 252 379 277
bottle 0.0123 481 265 499 330
bottle 0.0096 353 254 367 276
bottle 0.0057 94 345 119 370
bottle 0.0052 408 287 422 302
bottle 0.0034 348 228 357 267
bottle 0.0033 309 273 328 291
bottle 0.0027 425 184 436 200
bottle 0.0026 378 117 389 131
bottle 0.0026 478 132 490 152
bottle 0.0021 356 241 380 278
bottle 0.0019 491 255 499 270
bottle 0.0015 309 260 337 287
bottle 0.0014 419 283 434 299
bottle 0.0012 273 271 332 298
bottle 0.0012 491 213 499 233
bottle 0.0010 414 178 437 200
chair 0.8791 229 134 324 283
chair 0.7057 334 121 399 274
chair 0.4379 252 126 273 139
chair 0.4201 389 128 407 152
chair 0.4053 217 127 257 174
chair 0.2225 331 122 377 185
chair 0.2036 0 162 154 373
chair 0.1887 356 129 403 247
chair 0.1036 209 134 286 265
chair 0.0937 377 118 390 132
chair 0.0818 290 124 370 277
chair 0.0754 386 128 407 167
chair 0.0619 363 116 386 128
chair 0.0435 391 125 408 141
chair 0.0422 291 172 347 272
chair 0.0401 202 124 249 269
chair 0.0324 242 136 322 220
chair 0.0258 362 122 378 132
chair 0.0206 353 118 373 129
chair 0.0199 388 119 406 131
chair 0.0188 230 125 298 173
chair 0.0180 380 128 408 200
chair 0.0171 217 129 231 170
chair 0.0169 219 127 256 152
chair 0.0152 357 117 374 125
chair 0.0127 332 123 377 148
chair 0.0108 348 117 366 125
chair 0.0095 417 153 489 220
chair 0.0091 281 117 303 157
chair 0.0084 277 92 305 160
chair 0.0078 413 113 497 208
chair 0.0066 472 133 499 229
chair 0.0065 226 153 240 172
chair 0.0058 333 121 378 132
chair 0.0057 289 188 315 211
chair 0.0057 478 132 499 166
chair 0.0055 468 187 498 229
chair 0.0053 474 208 498 229
chair 0.0052 375 129 391 143
chair 0.0049 241 122 270 142
chair 0.0048 284 125 298 165
chair 0.0047 289 134 301 177
chair 0.0046 317 221 339 266
chair 0.0041 375 123 389 135
chair 0.0038 355 123 377 135
chair 0.0037 288 179 334 221
chair 0.0037 243 127 256 138
chair 0.0036 385 148 417 193
chair 0.0034 272 142 314 218
chair 0.0033 361 126 402 159
chair 0.0033 291 153 305 177
chair 0.0032 288 130 303 158
chair 0.0029 386 149 404 184
chair 0.0029 302 110 332 160
chair 0.0027 486 217 499 235
chair 0.0027 464 199 485 223
chair 0.0026 289 183 327 261
chair 0.0024 272 184 311 222
chair 0.0024 316 182 342 270
chair 0.0024 491 213 499 233
chair 0.0024 417 115 446 151
chair 0.0024 329 107 346 122
chair 0.0024 290 188 314 201
chair 0.0022 478 150 497 183
chair 0.0021 322 187 341 210
chair 0.0020 292 157 315 177
chair 0.0020 487 180 499 225
chair 0.0020 341 176 498 266
chair 0.0019 484 134 499 153
chair 0.0019 286 174 334 194
chair 0.0018 281 159 322 202
chair 0.0018 478 132 490 150
chair 0.0017 411 178 496 235
chair 0.0017 401 147 435 197
chair 0.0017 269 95 410 161
chair 0.0016 485 135 499 177
chair 0.0016 414 112 499 158
chair 0.0016 291 162 301 178
chair 0.0015 347 108 357 123
chair 0.0015 467 163 496 217
chair 0.0015 491 201 499 228
chair 0.0014 343 114 361 124
chair 0.0013 318 191 339 235
chair 0.0013 304 160 326 177
chair 0.0013 281 90 303 132
chair 0.0013 231 140 259 221
chair 0.0013 464 257 493 268
chair 0.0013 288 135 328 193
chair 0.0012 243 140 276 215
chair 0.0011 272 75 326 165
chair 0.0011 492 255 499 269
chair 0.0011 285 161 301 196
chair 0.0011 384 155 400 192
chair 0.0011 345 130 361 230
chair 0.0011 276 145 291 215
chair 0.0010 286 133 309 173
chair 0.0010 352 123 377 154
chair 0.0010 223 166 242 267
chair 0.0010 321 193 338 217
sofa 0.9328 0 170 151 369
sofa 0.0122 408 111 498 207
sofa 0.0087 416 152 489 221
sofa 0.0075 414 112 499 158
sofa 0.0072 470 137 499 231
sofa 0.0014 355 151 499 235
sofa 0.0013 411 178 496 235
sofa 0.0010 344 186 500 251
sofa 0.0010 99 349 248 371
pottedplant 0.3950 272 69 336 168
pottedplant 0.0282 395 80 438 152
pottedplant 0.0219 472 133 499 229
pottedplant 0.0182 378 117 389 131
pottedplant 0.0179 388 118 407 131
pottedplant 0.0172 476 132 499 190
pottedplant 0.0152 407 281 463 324
pottedplant 0.0100 277 92 305 160
pottedplant 0.0090 417 179 437 199
pottedplant 0.0064 367 116 390 132
pottedplant 0.0053 94 346 118 370
pottedplant 0.0049 296 66 334 152
pottedplant 0.0045 451 265 491 320
pottedplant 0.0036 281 117 303 157
pottedplant 0.0035 316 71 336 132
pottedplant 0.0034 426 183 436 200
pottedplant 0.0030 397 82 435 118
pottedplant 0.0030 416 83 436 114
pottedplant 0.0030 414 160 440 203
pottedplant 0.0029 353 118 373 129
pottedplant 0.0019 482 257 498 329
pottedplant 0.0018 392 128 408 144
pottedplant 0.0017 269 95 410 161
pottedplant 0.0015 230 85 345 173
pottedplant 0.0015 478 132 490 151
pottedplant 0.0010 412 117 499 211
pottedplant 0.0010 306 46 344 125
pottedplant 0.0010 401 147 435 197
diningtable 0.3401 287 155 352 271
diningtable 0.3342 210 142 354 276
diningtable 0.0353 287 175 345 194
diningtable 0.0262 213 134 288 220
diningtable 0.0177 99 349 247 371
diningtable 0.0166 287 177 344 216
diningtable 0.0116 338 130 400 178
diningtable 0.0089 290 129 399 269
diningtable 0.0086 202 124 249 269
diningtable 0.0073 192 131 411 226
diningtable 0.0070 205 168 236 179
diningtable 0.0069 271 122 398 194
diningtable 0.0056 332 123 377 148
diningtable 0.0054 389 127 408 152
diningtable 0.0047 330 123 377 179
diningtable 0.0044 302 163 327 178
diningtable 0.0044 290 139 337 198
diningtable 0.0042 269 95 410 161
diningtable 0.0036 260 132 345 220
diningtable 0.0036 332 139 401 253
diningtable 0.0036 217 126 280 173
diningtable 0.0035 290 184 321 210
diningtable 0.0035 391 125 408 141
diningtable 0.0027 474 208 498 229
diningtable 0.0026 219 160 235 176
diningtable 0.0023 290 186 318 198
diningtable 0.0022 440 220 495 233
diningtable 0.0021 353 118 373 129
diningtable 0.0019 298 165 340 181
diningtable 0.0018 418 148 480 158
diningtable 0.0018 333 121 377 131
diningtable 0.0014 355 123 378 133
diningtable 0.0014 363 116 386 128
diningtable 0.0014 388 119 406 131
diningtable 0.0013 344 186 500 251
diningtable 0.0012 361 126 402 159
diningtable 0.0012 230 85 345 173
diningtable 0.0011 377 118 390 132
diningtable 0.0010 471 182 499 231
tvmonitor 0.0015 414 112 499 158
