person 0.9049 276 115 400 371
person 0.8925 125 27 322 371
person 0.1301 394 302 417 349
person 0.1284 446 310 469 348
person 0.0165 436 308 472 362
person 0.0137 456 310 468 331
person 0.0112 398 302 415 328
person 0.0033 328 125 365 192
person 0.0023 452 309 481 349
person 0.0021 342 138 366 193
person 0.0017 415 297 428 349
dog 0.0032 438 309 469 359
dog 0.0019 394 302 417 350
bottle 0.0011 366 347 384 373
chair 0.0284 1 212 150 373
chair 0.0014 4 291 148 373
chair 0.0011 7 349 151 372
sofa 0.4143 -1 192 514 372
sofa 0.1593 0 213 151 371
sofa 0.0210 -3 284 501 372
sofa 0.0102 7 348 148 373
sofa 0.0011 4 291 148 373
pottedplant 0.6792 304 63 398 162
pottedplant 0.0187 295 62 398 259
pottedplant 0.0018 328 125 365 192
diningtable 0.0039 -8 219 506 371
