person 0.0608 0 4 491 451
person 0.0123 237 4 498 424
bicycle 0.0042 222 9 496 465
bird 0.0015 201 9 476 449
bottle 0.0510 252 21 397 420
bottle 0.0142 283 8 404 246
bottle 0.0015 240 179 366 418
bottle 0.0011 201 9 476 449
chair 0.0120 334 245 487 479
chair 0.0042 463 312 499 462
chair 0.0024 240 5 499 468
chair 0.0023 344 265 427 471
chair 0.0022 457 215 499 366
chair 0.0018 0 270 8 314
chair 0.0014 413 53 499 391
chair 0.0010 446 73 499 220
pottedplant 0.0194 0 4 491 451
pottedplant 0.0107 241 8 498 477
diningtable 0.1418 0 178 500 476
diningtable 0.0011 0 -9 305 486
