person 0.8514 0 -2 485 372
person 0.1445 0 6 169 365
person 0.0029 21 253 500 373
person 0.0015 345 179 500 361
cat 0.8295 95 122 416 371
cat 0.0026 238 135 415 283
cat 0.0024 236 167 419 368
dog 0.0062 94 127 427 375
chair 0.0975 345 179 500 361
chair 0.0285 -7 -20 505 373
chair 0.0050 185 176 496 365
chair 0.0013 443 187 498 208
sofa 0.1110 346 180 499 357
sofa 0.0203 0 42 516 372
sofa 0.0042 55 180 496 371
sofa 0.0014 1 91 273 368
diningtable 0.3920 392 303 499 370
diningtable 0.0039 349 179 499 365
diningtable 0.0020 112 169 492 370
diningtable 0.0012 20 264 496 371
