person 0.0349 0 91 70 207
person 0.0151 284 0 301 58
person 0.0098 285 -5 326 62
person 0.0087 288 23 299 58
person 0.0066 0 0 77 50
person 0.0061 0 140 30 186
person 0.0051 0 92 27 192
person 0.0036 276 1 305 69
person 0.0033 275 0 300 42
person 0.0031 280 0 297 17
person 0.0031 290 26 310 62
person 0.0028 46 89 346 250
person 0.0027 2 91 91 274
person 0.0027 284 23 322 84
person 0.0026 296 36 315 59
person 0.0021 288 0 300 19
person 0.0018 258 0 284 48
person 0.0012 256 0 296 69
person 0.0010 278 0 291 15
bicycle 0.0686 0 94 104 279
car 0.0026 5 -6 462 136
car 0.0013 294 33 318 59
car 0.0013 290 26 324 86
car 0.0011 294 49 322 84
bus 0.0077 5 -6 462 136
bus 0.0016 176 -3 407 131
train 0.0114 -1 -5 487 143
train 0.0020 149 -4 409 133
boat 0.0022 0 90 70 247
boat 0.0010 -3 -1 486 183
bird 0.0177 42 86 352 264
cat 0.2719 48 86 353 265
dog 0.2274 42 80 352 259
dog 0.0010 0 90 72 261
horse 0.0014 39 87 367 253
sheep 0.1646 40 86 350 265
cow 0.0971 43 86 363 253
bottle 0.0079 231 2 249 47
bottle 0.0022 240 66 259 91
bottle 0.0020 66 245 104 276
bottle 0.0015 303 0 322 28
bottle 0.0013 207 0 252 49
bottle 0.0013 75 246 95 263
bottle 0.0010 317 4 327 32
chair 0.3122 0 91 104 280
chair 0.0046 0 139 30 185
chair 0.0028 1 0 73 50
chair 0.0022 2 122 70 218
chair 0.0013 0 95 28 191
chair 0.0011 2 0 55 25
chair 0.0011 46 89 346 250
chair 0.0010 0 90 68 150
diningtable 0.1770 2 91 100 277
diningtable 0.0678 0 91 70 228
diningtable 0.0223 0 90 69 150
tvmonitor 0.1215 198 -3 397 131
tvmonitor 0.0221 7 -5 464 133
tvmonitor 0.0011 328 0 374 17
