person 0.0148 -10 -4 493 335
person 0.0061 380 0 499 269
person 0.0019 1 0 178 109
person 0.0016 377 0 498 44
bicycle 0.0031 1 -5 482 304
bicycle 0.0021 9 -1 464 144
car 0.2482 1 -1 497 337
car 0.0080 0 0 483 147
cat 0.8600 10 57 257 321
cat 0.7532 220 111 493 334
cat 0.2607 -9 51 495 304
cat 0.0015 41 54 457 176
dog 0.0976 221 113 493 334
dog 0.0110 24 57 482 318
dog 0.0016 9 50 261 294
chair 0.2991 0 -4 491 335
chair 0.0509 9 -1 464 144
chair 0.0050 67 222 309 334
chair 0.0017 244 0 439 141
chair 0.0014 1 68 306 333
sofa 0.0487 -16 -1 499 335
sofa 0.0149 0 0 487 150
sofa 0.0124 0 225 310 333
sofa 0.0033 386 -1 499 283
sofa 0.0019 1 0 178 109
sofa 0.0013 1 68 306 333
sofa 0.0012 38 213 502 335
tvmonitor 0.0012 67 220 308 334
