person 0.6927 34 33 145 260
person 0.0028 118 218 165 296
car 0.0032 411 60 424 92
bird 0.0016 144 39 160 58
bird 0.0015 43 96 53 105
bird 0.0011 248 37 265 55
bottle 0.0042 210 106 225 139
bottle 0.0027 43 99 63 127
bottle 0.0015 188 98 227 139
bottle 0.0013 52 105 64 128
bottle 0.0011 42 96 57 119
bottle 0.0010 43 96 53 105
chair 0.8526 55 107 160 259
chair 0.1562 119 219 165 296
chair 0.0359 0 244 110 295
chair 0.0308 129 166 399 295
chair 0.0244 193 27 217 36
chair 0.0215 0 154 111 293
chair 0.0148 188 98 227 139
chair 0.0092 69 179 153 258
chair 0.0055 95 106 151 177
chair 0.0052 104 106 163 224
chair 0.0047 104 224 139 261
chair 0.0039 8 221 165 296
chair 0.0037 179 108 212 131
chair 0.0030 189 97 227 112
chair 0.0024 251 57 301 84
chair 0.0021 1 106 67 228
chair 0.0015 145 33 218 57
chair 0.0014 101 119 117 166
chair 0.0014 125 257 163 296
chair 0.0013 158 35 253 139
sofa 0.0019 185 97 228 134
sofa 0.0012 0 104 110 304
sofa 0.0011 129 166 399 295
pottedplant 0.8297 225 76 324 139
pottedplant 0.7671 330 -1 403 143
pottedplant 0.0517 187 99 228 138
pottedplant 0.0395 235 35 306 109
pottedplant 0.0370 247 36 301 84
pottedplant 0.0361 327 89 350 133
pottedplant 0.0359 223 79 269 136
pottedplant 0.0335 344 95 388 138
pottedplant 0.0266 318 87 339 132
pottedplant 0.0256 336 66 392 138
pottedplant 0.0252 158 34 260 141
pottedplant 0.0191 319 67 350 133
pottedplant 0.0155 210 106 225 139
pottedplant 0.0129 245 36 270 82
pottedplant 0.0113 306 48 342 131
pottedplant 0.0093 411 59 424 91
pottedplant 0.0076 254 59 300 84
pottedplant 0.0043 179 108 212 131
pottedplant 0.0043 214 33 265 71
pottedplant 0.0039 247 37 265 57
pottedplant 0.0034 222 108 238 134
pottedplant 0.0033 381 105 420 234
pottedplant 0.0025 222 80 246 133
pottedplant 0.0024 190 28 219 36
pottedplant 0.0021 331 71 359 117
pottedplant 0.0021 337 0 401 71
pottedplant 0.0018 244 79 281 121
pottedplant 0.0018 158 16 303 96
pottedplant 0.0017 161 21 269 66
pottedplant 0.0012 327 5 405 260
pottedplant 0.0011 282 80 317 119
pottedplant 0.0010 189 98 227 112
diningtable 0.0122 54 170 155 258
diningtable 0.0109 0 246 107 296
diningtable 0.0050 38 86 161 244
diningtable 0.0022 185 97 228 134
diningtable 0.0021 144 79 399 294
diningtable 0.0011 1 228 163 295
diningtable 0.0010 95 108 150 173
