person 0.1895 227 127 242 140
person 0.0797 269 128 287 143
person 0.0364 279 128 291 143
person 0.0161 228 125 246 149
person 0.0092 247 128 260 139
person 0.0069 235 127 250 138
person 0.0068 217 127 232 142
person 0.0055 263 127 281 142
person 0.0052 283 125 296 143
person 0.0020 256 127 293 180
person 0.0017 297 127 307 141
person 0.0012 293 126 305 144
car 0.8433 200 115 311 202
car 0.0186 153 184 198 201
car 0.0039 201 137 212 146
car 0.0026 299 127 310 138
car 0.0013 146 188 176 200
motorbike 0.0010 199 114 307 205
bus 0.0013 203 116 309 195
train 0.0023 199 114 307 205
boat 0.0011 196 116 311 207
boat 0.0010 147 184 199 201
bird 0.0029 467 263 475 271
pottedplant 0.0269 0 130 67 199
pottedplant 0.0074 1 128 68 314
