person 0.8852 1 -6 234 318
person 0.8239 170 17 469 327
person 0.0548 0 222 34 299
person 0.0057 0 0 48 63
person 0.0043 3 225 57 310
person 0.0031 61 284 122 332
person 0.0026 341 -4 500 260
person 0.0025 0 157 44 298
person 0.0021 0 9 46 302
person 0.0016 1 181 284 330
person 0.0016 0 224 157 330
person 0.0013 0 0 153 66
person 0.0013 92 295 133 332
person 0.0012 1 4 89 303
boat 0.0017 -8 35 507 327
bird 0.2752 327 137 494 328
cat 0.0594 323 141 497 330
cat 0.0019 189 76 493 329
dog 0.4799 327 131 488 330
dog 0.0146 189 76 493 329
sheep 0.0049 328 127 488 330
cow 0.0030 329 136 491 327
bottle 0.0133 18 263 152 332
bottle 0.0020 324 273 343 306
chair 0.0231 -1 297 100 332
chair 0.0135 71 19 504 330
chair 0.0033 431 -1 480 16
chair 0.0027 1 244 161 329
chair 0.0022 1 113 260 329
chair 0.0019 339 -4 498 261
chair 0.0012 22 232 47 279
chair 0.0011 446 282 498 330
chair 0.0011 0 0 47 63
chair 0.0010 357 -3 460 15
sofa 0.5577 14 -6 498 326
sofa 0.0154 101 -2 487 204
sofa 0.0103 286 -4 497 276
sofa 0.0059 127 -2 468 91
sofa 0.0043 381 0 497 249
sofa 0.0038 446 284 499 331
sofa 0.0034 445 225 500 331
sofa 0.0033 238 -2 494 52
sofa 0.0015 135 0 245 93
sofa 0.0010 -10 156 501 338
diningtable 0.0011 1 298 100 332
