person 0.5856 131 172 143 187
person 0.4354 158 175 171 189
person 0.4161 198 178 212 192
person 0.3692 115 173 125 203
person 0.3234 115 172 124 185
person 0.3005 130 171 144 212
person 0.2202 174 175 182 191
person 0.2147 234 179 248 195
person 0.2124 216 178 228 193
person 0.1832 124 173 143 231
person 0.1549 252 180 266 196
person 0.1190 118 174 128 225
person 0.0619 128 170 154 223
person 0.0543 189 166 244 213
person 0.0505 118 173 133 236
person 0.0495 158 174 176 205
person 0.0450 158 176 184 227
person 0.0348 233 180 250 217
person 0.0232 171 175 182 207
person 0.0181 250 180 268 219
person 0.0137 74 186 89 240
person 0.0131 178 174 192 191
person 0.0130 151 168 174 188
person 0.0130 296 192 320 221
person 0.0113 237 172 261 204
person 0.0093 319 179 341 230
person 0.0088 164 199 184 226
person 0.0082 169 175 180 189
person 0.0077 69 134 345 249
person 0.0067 166 214 183 227
person 0.0067 100 128 112 141
person 0.0058 298 192 317 210
person 0.0057 123 177 184 223
person 0.0053 302 190 315 200
person 0.0049 54 181 84 227
person 0.0047 129 177 168 209
person 0.0045 75 184 86 217
person 0.0044 317 182 328 198
person 0.0040 119 177 129 205
person 0.0039 74 182 85 197
person 0.0039 295 199 320 235
person 0.0036 88 181 99 198
person 0.0031 258 143 280 154
person 0.0030 49 202 65 243
person 0.0030 239 187 251 220
person 0.0030 50 203 60 214
person 0.0028 82 187 106 238
person 0.0027 318 181 340 202
person 0.0027 178 173 208 193
person 0.0025 272 177 294 224
person 0.0023 87 182 106 208
person 0.0022 225 181 239 194
person 0.0019 231 181 257 231
person 0.0019 47 192 61 213
person 0.0018 147 183 179 208
person 0.0015 315 236 343 271
person 0.0015 122 199 130 231
person 0.0015 307 183 327 199
person 0.0014 59 180 88 207
person 0.0013 197 177 212 219
person 0.0013 53 193 78 221
person 0.0012 0 284 19 326
person 0.0012 50 204 61 223
person 0.0012 327 190 341 229
person 0.0012 91 179 125 236
person 0.0012 32 87 45 95
person 0.0011 60 185 91 240
person 0.0010 370 267 397 288
person 0.0010 335 191 342 226
bicycle 0.0029 65 181 90 239
bicycle 0.0014 7 197 95 240
bicycle 0.0010 26 192 94 222
car 0.0429 258 143 283 154
car 0.0194 186 77 220 90
car 0.0087 203 80 239 89
car 0.0081 238 81 256 89
car 0.0056 185 82 196 90
car 0.0035 185 80 202 89
car 0.0031 0 283 19 328
car 0.0024 185 76 261 90
car 0.0020 241 80 265 88
car 0.0017 316 141 330 146
car 0.0013 366 222 493 276
car 0.0010 61 180 90 197
car 0.0010 368 221 455 260
aeroplane 0.0743 186 75 246 90
aeroplane 0.0272 186 77 220 89
aeroplane 0.0145 185 64 273 89
aeroplane 0.0108 204 80 239 89
aeroplane 0.0037 192 67 229 77
aeroplane 0.0020 75 132 351 258
aeroplane 0.0019 185 80 202 89
aeroplane 0.0015 197 67 269 77
aeroplane 0.0014 185 82 196 90
aeroplane 0.0013 100 128 112 141
bus 0.3288 70 128 356 256
bus 0.0397 189 166 244 213
bus 0.0279 203 80 239 89
bus 0.0093 234 177 247 199
bus 0.0061 185 75 266 90
bus 0.0060 237 172 261 204
bus 0.0046 186 77 220 90
bus 0.0036 222 66 270 77
bus 0.0029 186 62 273 85
bus 0.0017 214 59 275 72
bus 0.0014 219 71 266 86
bus 0.0014 240 82 254 89
bus 0.0011 177 119 260 144
train 0.1195 67 134 350 249
train 0.0360 185 75 266 90
train 0.0193 186 62 273 85
train 0.0045 203 80 239 89
train 0.0042 62 133 464 312
train 0.0020 241 80 265 88
train 0.0011 190 54 273 73
train 0.0010 169 72 332 90
boat 0.0948 367 222 493 270
boat 0.0274 100 128 112 141
boat 0.0205 70 128 356 256
boat 0.0153 68 71 88 92
boat 0.0135 68 81 87 92
boat 0.0112 367 222 396 259
boat 0.0109 100 82 120 90
boat 0.0091 365 113 497 267
boat 0.0076 185 76 262 90
boat 0.0060 417 202 498 271
boat 0.0047 117 82 132 89
boat 0.0042 83 98 499 282
boat 0.0041 194 79 232 89
boat 0.0041 13 204 54 220
boat 0.0034 186 76 220 90
boat 0.0032 184 62 274 88
boat 0.0026 137 82 159 89
boat 0.0025 88 81 104 91
boat 0.0023 44 172 59 186
boat 0.0022 185 80 202 89
boat 0.0022 73 82 101 93
boat 0.0022 342 24 491 279
boat 0.0021 472 199 497 270
boat 0.0020 121 81 141 89
boat 0.0017 142 164 181 186
boat 0.0015 325 222 390 260
boat 0.0014 69 75 109 93
boat 0.0013 1 52 76 229
boat 0.0012 238 81 256 89
boat 0.0012 30 204 53 217
boat 0.0012 142 163 184 175
boat 0.0011 416 232 447 252
boat 0.0010 2 85 47 95
bird 0.0880 127 247 141 260
bird 0.0877 100 128 112 141
bird 0.0134 414 267 425 281
bird 0.0043 295 196 320 236
bird 0.0030 394 271 406 285
bird 0.0027 166 214 183 227
bird 0.0026 302 190 315 200
bird 0.0026 84 254 98 268
bird 0.0022 95 244 153 268
bird 0.0015 296 202 320 220
cat 0.0055 166 215 183 227
cat 0.0016 127 247 141 259
cat 0.0011 296 192 320 221
dog 0.0259 166 215 183 227
dog 0.0047 127 247 141 260
dog 0.0039 100 128 112 141
dog 0.0013 295 202 320 233
horse 0.0016 67 181 89 239
horse 0.0013 295 202 320 235
sheep 0.0070 394 271 406 285
sheep 0.0039 368 276 439 327
sheep 0.0036 414 267 426 282
sheep 0.0035 100 128 112 141
sheep 0.0034 127 247 140 259
cow 0.0025 368 276 439 327
cow 0.0012 67 181 89 239
bottle 0.0021 415 267 425 282
bottle 0.0020 394 271 406 285
chair 0.0649 295 202 320 235
chair 0.0080 0 284 19 328
chair 0.0046 394 271 406 285
chair 0.0041 72 192 96 239
chair 0.0033 60 185 91 240
chair 0.0032 166 214 183 227
chair 0.0030 250 180 268 219
chair 0.0029 367 273 438 330
chair 0.0022 46 187 61 203
chair 0.0022 473 199 483 240
chair 0.0021 273 195 294 223
chair 0.0021 48 195 83 243
chair 0.0021 70 181 86 196
chair 0.0018 252 179 267 196
chair 0.0018 272 203 294 235
chair 0.0016 42 188 61 213
chair 0.0016 59 182 106 256
chair 0.0016 83 222 96 239
chair 0.0015 30 204 53 217
chair 0.0015 408 273 439 305
chair 0.0014 81 191 107 238
chair 0.0014 100 128 112 141
chair 0.0013 75 194 129 238
chair 0.0013 86 181 98 196
chair 0.0012 95 213 125 233
chair 0.0012 311 236 341 272
chair 0.0011 98 188 131 234
chair 0.0010 -5 325 181 397
chair 0.0010 29 202 62 250
sofa 0.0072 368 273 438 328
sofa 0.0021 0 327 191 396
pottedplant 0.6113 320 305 379 382
pottedplant 0.3577 429 323 499 399
pottedplant 0.1555 205 319 353 398
pottedplant 0.0648 0 220 57 323
pottedplant 0.0576 377 312 430 398
pottedplant 0.0234 276 246 340 328
pottedplant 0.0197 375 311 498 417
pottedplant 0.0181 364 56 392 68
pottedplant 0.0168 363 307 396 344
pottedplant 0.0162 216 243 313 337
pottedplant 0.0162 364 268 442 393
pottedplant 0.0140 368 277 438 329
pottedplant 0.0124 361 306 403 383
pottedplant 0.0099 9 243 225 394
pottedplant 0.0098 279 264 309 322
pottedplant 0.0093 272 340 366 398
pottedplant 0.0068 378 338 464 399
pottedplant 0.0066 206 320 274 397
pottedplant 0.0063 413 51 446 66
pottedplant 0.0057 223 244 297 304
pottedplant 0.0056 0 283 19 328
pottedplant 0.0052 129 237 349 389
pottedplant 0.0050 322 306 356 334
pottedplant 0.0049 271 242 439 384
pottedplant 0.0048 319 254 350 304
pottedplant 0.0045 338 307 356 329
pottedplant 0.0041 3 242 90 319
pottedplant 0.0039 386 334 400 351
pottedplant 0.0038 414 267 425 281
pottedplant 0.0037 256 265 330 342
pottedplant 0.0034 324 264 350 286
pottedplant 0.0031 386 318 418 356
pottedplant 0.0031 286 363 364 397
pottedplant 0.0027 258 298 310 342
pottedplant 0.0025 339 281 428 344
pottedplant 0.0025 281 264 307 297
pottedplant 0.0024 472 200 498 268
pottedplant 0.0023 362 308 383 327
pottedplant 0.0021 207 242 403 357
pottedplant 0.0021 202 279 270 367
pottedplant 0.0020 0 223 40 282
pottedplant 0.0020 303 272 334 305
pottedplant 0.0019 394 271 407 285
pottedplant 0.0018 3 217 120 365
pottedplant 0.0018 341 296 367 329
pottedplant 0.0016 385 316 398 344
pottedplant 0.0015 489 248 499 274
pottedplant 0.0014 385 270 437 307
pottedplant 0.0014 8 233 417 399
pottedplant 0.0013 150 258 225 383
pottedplant 0.0013 296 202 320 220
pottedplant 0.0012 432 212 497 268
pottedplant 0.0012 456 325 499 368
pottedplant 0.0011 18 246 56 290
pottedplant 0.0011 298 259 317 287
pottedplant 0.0010 300 262 326 292
diningtable 0.0368 0 284 19 326
diningtable 0.0129 368 273 438 328
diningtable 0.0098 0 327 189 396
diningtable 0.0058 13 204 54 220
diningtable 0.0014 123 204 183 229
diningtable 0.0012 318 325 379 371
