person 0.0130 5 55 20 74
person 0.0115 0 56 28 83
person 0.0039 24 56 47 80
person 0.0039 25 57 34 77
person 0.0022 26 38 52 81
person 0.0018 205 19 241 83
person 0.0015 39 38 52 77
person 0.0014 13 57 36 82
person 0.0014 159 48 186 83
person 0.0012 66 56 99 115
person 0.0011 42 60 51 78
person 0.0010 248 34 264 46
bicycle 0.0109 65 102 216 268
bicycle 0.0019 1 -6 487 300
bicycle 0.0018 157 144 223 253
bicycle 0.0012 194 189 210 221
car 0.0429 0 52 44 84
car 0.0121 0 52 94 84
car 0.0049 0 51 103 150
car 0.0046 25 55 52 80
car 0.0040 0 55 52 160
car 0.0032 0 61 30 87
car 0.0016 43 60 52 76
car 0.0012 6 55 21 75
car 0.0011 13 57 36 82
car 0.0010 3 36 41 47
motorbike 0.8332 65 112 218 269
bird 0.0014 213 219 342 314
bird 0.0012 215 220 312 270
cat 0.0076 213 219 342 314
cat 0.0070 215 220 312 270
dog 0.0427 214 219 342 314
dog 0.0231 215 220 313 270
sheep 0.0058 222 218 314 268
chair 0.0073 298 171 471 314
chair 0.0029 323 172 379 308
chair 0.0024 381 166 417 295
chair 0.0016 386 167 457 304
chair 0.0010 311 -3 472 307
pottedplant 0.0010 274 52 318 78
diningtable 0.0142 256 269 500 329
diningtable 0.0050 20 242 494 330
