person 0.0022 446 -1 469 36
person 0.0019 414 22 477 44
person 0.0017 373 18 414 38
person 0.0012 428 0 458 35
person 0.0012 421 0 476 44
bicycle 0.0011 480 27 499 46
car 0.0064 480 27 499 47
car 0.0038 287 12 348 32
car 0.0033 414 22 477 44
car 0.0028 374 19 414 38
car 0.0013 468 0 499 46
car 0.0013 306 11 373 34
bus 0.0011 144 54 353 263
horse 0.0022 37 0 104 66
bottle 0.0599 36 0 105 66
bottle 0.0064 103 0 234 56
chair 0.0034 0 24 55 178
chair 0.0019 268 3 497 83
chair 0.0010 469 0 499 46
sofa 0.0023 268 2 497 87
diningtable 0.0079 36 51 483 344
diningtable 0.0056 117 53 381 269
diningtable 0.0017 29 270 495 371
tvmonitor 0.8444 135 51 362 264
tvmonitor 0.0060 0 21 55 181
tvmonitor 0.0034 49 46 138 156
tvmonitor 0.0017 53 -19 494 299
tvmonitor 0.0015 268 3 497 83
