person 0.7984 0 -3 261 362
person 0.0084 178 159 333 262
person 0.0047 125 111 231 204
person 0.0038 122 94 277 224
person 0.0017 1 0 215 203
person 0.0011 55 100 277 284
bird 0.0010 174 71 295 231
cat 0.1588 179 74 292 222
cat 0.0100 178 169 225 215
cat 0.0046 172 161 283 220
cat 0.0021 120 102 236 204
cat 0.0013 130 116 199 198
dog 0.6611 175 75 292 224
dog 0.0456 177 169 226 215
dog 0.0104 177 159 290 223
dog 0.0079 123 104 272 224
dog 0.0050 124 112 213 203
dog 0.0049 173 166 250 258
dog 0.0038 22 137 313 338
dog 0.0019 171 156 330 263
dog 0.0016 72 154 258 258
dog 0.0014 55 100 277 284
cow 0.0010 178 73 294 222
bottle 0.0015 28 345 48 373
chair 0.0270 358 -1 499 265
chair 0.0069 -1 36 325 365
chair 0.0029 114 98 153 120
chair 0.0028 462 57 499 257
chair 0.0027 178 156 332 262
chair 0.0018 97 119 335 273
chair 0.0018 130 118 199 195
chair 0.0014 486 186 499 251
sofa 0.0329 1 56 337 369
sofa 0.0211 145 144 332 266
sofa 0.0167 359 -5 500 262
sofa 0.0144 6 225 478 370
pottedplant 0.1742 455 239 499 337
pottedplant 0.0046 434 237 497 369
pottedplant 0.0024 455 238 499 286
diningtable 0.0013 359 0 499 265
