person 0.9260 110 75 359 328
person 0.8354 405 150 500 327
person 0.0929 422 166 485 298
person 0.0116 404 250 498 329
person 0.0103 445 84 484 168
person 0.0065 456 91 480 124
person 0.0042 454 148 498 315
person 0.0040 256 149 363 230
person 0.0038 274 181 356 229
person 0.0019 274 221 299 265
person 0.0016 189 147 357 323
person 0.0014 433 48 492 302
person 0.0012 473 249 499 287
bicycle 0.0015 113 1 141 15
bird 0.0074 115 2 140 13
cat 0.0018 102 182 166 209
dog 0.0036 190 171 259 257
dog 0.0015 102 176 172 209
dog 0.0012 419 167 485 298
horse 0.0027 260 149 366 205
bottle 0.3353 262 149 365 203
bottle 0.0024 190 171 259 257
bottle 0.0019 189 148 340 192
bottle 0.0017 264 152 303 166
bottle 0.0012 394 253 421 263
chair 0.2997 424 166 483 298
chair 0.0286 408 149 500 329
chair 0.0046 404 250 499 330
chair 0.0044 443 166 484 210
chair 0.0024 85 206 157 266
chair 0.0023 389 159 427 237
chair 0.0019 455 161 477 171
chair 0.0018 451 148 498 320
chair 0.0018 103 171 171 208
chair 0.0016 71 154 417 329
sofa 0.4543 405 158 500 329
sofa 0.1917 424 165 485 295
sofa 0.0108 406 251 499 329
sofa 0.0049 48 180 408 327
sofa 0.0030 443 166 484 210
sofa 0.0017 279 189 362 234
sofa 0.0015 145 129 365 323
pottedplant 0.0063 422 187 447 219
tvmonitor 0.0010 390 160 426 237
