person 0.9134 223 104 499 369
person 0.9085 154 203 324 371
person 0.8839 1 40 239 372
person 0.0375 1 63 511 369
person 0.0053 226 101 376 278
person 0.0024 431 0 499 136
car 0.0054 221 302 268 330
bottle 0.0018 220 302 268 330
bottle 0.0011 174 330 206 372
chair 0.3203 322 0 499 134
chair 0.2242 428 -1 499 136
chair 0.0848 228 103 499 367
chair 0.0508 144 75 276 206
chair 0.0416 89 15 495 376
chair 0.0152 0 89 48 226
chair 0.0132 429 274 499 372
chair 0.0116 481 35 499 133
chair 0.0041 25 41 496 236
chair 0.0039 315 271 499 372
chair 0.0037 3 46 263 226
chair 0.0027 290 319 336 373
chair 0.0026 37 187 513 372
chair 0.0025 392 13 496 330
sofa 0.5001 7 63 519 377
sofa 0.1406 148 77 270 205
sofa 0.0802 241 121 498 369
sofa 0.0263 10 62 280 218
sofa 0.0237 0 81 48 226
sofa 0.0159 56 73 467 218
sofa 0.0138 1 40 240 371
sofa 0.0128 13 210 486 370
sofa 0.0052 402 273 499 372
sofa 0.0032 5 77 92 227
sofa 0.0029 0 68 50 371
sofa 0.0010 6 272 320 372
diningtable 0.0150 324 0 497 134
diningtable 0.0082 426 3 499 134
diningtable 0.0049 436 275 499 371
diningtable 0.0018 175 323 296 372
diningtable 0.0018 370 275 501 371
diningtable 0.0010 0 82 49 225
