person 0.9012 135 1 432 246
bicycle 0.0011 211 212 497 302
bottle 0.0467 383 171 410 204
bottle 0.0019 321 235 342 258
bottle 0.0014 295 204 361 253
bottle 0.0012 167 90 179 118
bottle 0.0012 309 226 322 242
bottle 0.0011 356 142 437 204
bottle 0.0011 385 227 403 244
chair 0.0110 43 228 120 330
chair 0.0066 309 83 371 182
chair 0.0065 69 236 377 329
chair 0.0053 358 149 498 234
chair 0.0032 51 235 88 284
chair 0.0026 82 253 150 330
chair 0.0021 202 230 220 242
chair 0.0017 60 54 443 244
chair 0.0013 354 142 440 202
chair 0.0012 84 47 128 92
chair 0.0011 312 64 436 184
sofa 0.0015 382 149 499 232
pottedplant 0.0015 172 2 207 24
diningtable 0.4874 94 206 496 328
diningtable 0.0016 156 256 499 327
tvmonitor 0.0045 162 4 233 89
tvmonitor 0.0022 382 149 499 232
tvmonitor 0.0013 44 227 147 330
tvmonitor 0.0010 0 116 49 327
