person 0.7825 78 -1 489 435
person 0.0337 0 1 34 102
person 0.0177 0 0 238 399
person 0.0115 0 2 39 296
person 0.0073 251 0 498 329
person 0.0034 98 0 497 229
person 0.0021 0 3 147 324
person 0.0012 327 61 372 192
person 0.0010 273 39 384 194
motorbike 0.0017 25 6 489 444
boat 0.0014 25 6 489 444
cat 0.0054 89 161 453 434
dog 0.9289 98 156 470 433
chair 0.0239 0 7 34 296
chair 0.0135 0 215 15 294
chair 0.0114 60 -4 481 441
chair 0.0052 0 -2 197 408
chair 0.0038 0 2 68 332
chair 0.0017 0 -1 35 103
sofa 0.0661 38 13 495 444
sofa 0.0161 0 0 35 103
sofa 0.0118 0 -1 295 413
sofa 0.0037 0 0 142 371
sofa 0.0029 0 2 39 296
sofa 0.0020 251 0 498 329
sofa 0.0013 407 5 499 316
diningtable 0.0012 4 208 491 452
