person 0.9059 0 167 36 314
person 0.9017 52 185 92 294
person 0.8459 304 194 333 256
person 0.8342 379 212 474 377
person 0.7107 350 191 408 316
person 0.4327 473 206 499 331
person 0.0232 435 207 448 241
person 0.0164 411 197 424 215
person 0.0084 31 134 38 147
person 0.0079 0 151 11 170
person 0.0076 408 199 419 216
person 0.0076 0 178 17 315
person 0.0064 304 215 313 249
person 0.0063 474 269 499 329
person 0.0062 316 201 332 254
person 0.0048 486 205 499 329
person 0.0044 0 160 12 205
person 0.0040 435 207 459 272
person 0.0038 0 179 9 211
person 0.0035 0 187 14 241
person 0.0035 384 266 394 293
person 0.0034 467 200 498 244
person 0.0033 302 201 317 250
person 0.0033 321 188 413 370
person 0.0029 457 275 477 331
person 0.0028 316 195 331 218
person 0.0025 449 225 460 240
person 0.0025 59 177 70 201
person 0.0024 4 169 34 229
person 0.0023 432 248 474 335
person 0.0023 426 251 459 276
person 0.0020 0 151 17 186
person 0.0018 302 226 311 247
person 0.0017 83 194 93 216
person 0.0015 2 168 21 223
person 0.0012 61 186 77 202
person 0.0012 338 257 413 373
person 0.0011 381 254 402 307
person 0.0011 4 168 19 191
person 0.0011 425 272 473 371
person 0.0011 472 212 497 277
person 0.0010 336 316 398 373
bicycle 0.2012 307 206 330 256
bicycle 0.0464 319 213 331 250
bicycle 0.0215 303 228 311 248
bicycle 0.0078 304 215 313 249
bicycle 0.0026 389 340 451 373
bicycle 0.0025 471 266 486 320
bicycle 0.0022 337 319 451 372
bicycle 0.0020 457 277 475 331
bicycle 0.0013 238 230 259 251
bicycle 0.0010 310 223 322 256
car 0.0271 0 152 15 167
car 0.0130 1 135 156 190
car 0.0068 0 151 17 186
car 0.0063 328 206 357 231
car 0.0032 110 134 361 262
car 0.0022 394 192 428 220
car 0.0018 409 195 425 215
car 0.0016 467 207 497 241
car 0.0013 467 196 499 337
motorbike 0.0019 303 196 331 257
motorbike 0.0010 457 277 475 331
bus 0.0321 345 169 389 227
bus 0.0210 279 164 364 232
bus 0.0191 320 162 377 232
bus 0.0183 349 185 373 220
bus 0.0073 1 134 162 238
bus 0.0043 89 136 374 261
bus 0.0041 367 194 380 218
bus 0.0032 349 172 378 213
bus 0.0029 408 194 425 215
bus 0.0026 394 192 428 220
bus 0.0020 359 185 433 223
bus 0.0012 351 196 370 218
bus 0.0010 340 172 355 227
train 0.8805 100 136 375 262
train 0.5940 0 135 164 230
train 0.0030 202 147 403 246
train 0.0017 357 174 442 228
train 0.0015 273 151 419 232
horse 0.0035 304 193 332 255
bottle 0.3542 384 268 395 289
bottle 0.0177 385 258 401 287
bottle 0.0031 382 257 394 281
bottle 0.0023 381 254 402 307
tvmonitor 0.0010 320 67 339 87
