person 0.9025 390 7 434 101
person 0.8824 62 132 331 328
person 0.0197 4 289 56 316
person 0.0069 40 303 102 332
person 0.0033 11 324 32 332
person 0.0031 270 142 334 327
person 0.0023 1 316 58 332
person 0.0022 50 314 100 332
person 0.0017 2 306 68 331
person 0.0010 37 300 158 332
person 0.0010 83 299 247 332
motorbike 0.0012 42 289 337 331
aeroplane 0.0014 68 92 162 104
boat 0.0161 69 91 161 104
boat 0.0015 4 289 56 316
sheep 0.0012 381 41 395 56
bottle 0.0469 6 289 57 315
bottle 0.0344 312 290 330 315
bottle 0.0017 24 289 55 310
bottle 0.0015 11 325 28 332
chair 0.0113 40 302 74 331
chair 0.0067 2 294 77 328
chair 0.0049 53 320 99 332
chair 0.0033 47 307 100 332
chair 0.0028 3 289 56 317
chair 0.0022 3 310 74 330
chair 0.0011 1 316 58 332
