person 0.8882 97 146 177 366
person 0.8551 184 122 249 314
person 0.2716 280 132 362 371
person 0.1388 80 231 115 399
person 0.0529 293 252 362 368
person 0.0190 83 253 96 339
person 0.0095 80 220 116 322
person 0.0086 82 248 109 306
person 0.0081 262 125 324 327
person 0.0079 263 133 296 325
person 0.0075 137 157 186 350
person 0.0069 82 250 91 282
person 0.0050 262 175 283 310
person 0.0036 293 172 356 262
person 0.0036 266 286 277 310
person 0.0034 258 116 351 190
person 0.0024 265 238 279 308
person 0.0021 290 377 337 402
person 0.0015 151 173 185 220
person 0.0013 8 106 452 419
person 0.0011 152 217 172 320
person 0.0011 81 259 99 306
person 0.0010 150 281 168 320
bicycle 0.0012 154 170 185 294
car 0.0011 418 236 441 300
bus 0.0010 -7 14 507 372
train 0.0120 30 18 475 362
bird 0.0556 291 377 337 400
bird 0.0104 336 383 383 410
bird 0.0065 127 391 162 409
bird 0.0061 315 378 329 390
bird 0.0057 314 377 335 395
bird 0.0044 333 386 357 402
bird 0.0021 332 390 347 402
bird 0.0017 126 392 146 408
bird 0.0013 314 383 339 400
bird 0.0010 378 400 399 410
cat 0.0222 291 377 337 400
cat 0.0077 332 383 401 411
dog 0.8597 193 345 293 399
dog 0.0428 290 377 337 402
dog 0.0404 332 383 402 411
dog 0.0067 293 252 360 367
dog 0.0036 170 345 253 398
dog 0.0030 127 390 162 409
dog 0.0018 332 380 457 411
dog 0.0017 158 364 402 402
dog 0.0016 335 385 367 403
horse 0.0029 332 383 402 411
sheep 0.0165 338 383 402 411
sheep 0.0022 291 377 338 401
cow 0.0065 332 383 401 411
bottle 0.0034 82 250 91 281
bottle 0.0033 157 404 170 413
bottle 0.0032 127 391 162 409
bottle 0.0025 97 290 114 306
bottle 0.0014 140 396 164 408
bottle 0.0011 126 392 147 408
chair 0.1523 293 254 360 369
chair 0.0301 9 362 34 425
chair 0.0059 150 282 168 320
chair 0.0052 154 206 172 320
chair 0.0045 315 278 380 391
chair 0.0045 9 362 59 426
chair 0.0040 301 280 342 357
chair 0.0026 149 212 167 319
chair 0.0018 317 289 351 383
chair 0.0012 159 213 170 309
chair 0.0010 158 177 179 322
sofa 0.0017 293 252 361 366
diningtable 0.0070 316 277 381 395
diningtable 0.0017 291 253 360 376
diningtable 0.0016 300 279 338 352
