person 0.9020 3 113 339 370
person 0.7990 256 151 381 369
person 0.0059 117 281 315 373
person 0.0013 373 358 384 374
person 0.0013 234 271 323 372
person 0.0012 380 360 390 374
bottle 0.0442 329 300 370 367
bottle 0.0088 267 272 319 367
bottle 0.0046 320 359 375 374
bottle 0.0011 380 359 390 373
bottle 0.0010 373 358 384 374
chair 0.0017 4 250 333 370
chair 0.0011 417 233 499 373
sofa 0.0026 4 250 333 370
pottedplant 0.5941 313 35 499 230
pottedplant 0.0217 439 67 499 216
pottedplant 0.0082 339 65 497 370
pottedplant 0.0042 338 32 443 167
pottedplant 0.0012 425 203 499 261
pottedplant 0.0011 446 134 499 226
pottedplant 0.0011 380 39 442 144
pottedplant 0.0010 475 181 499 213
diningtable 0.0203 417 237 499 371
diningtable 0.0014 426 227 500 259
