person 0.9415 193 94 364 498
person 0.9064 55 8 250 499
person 0.0054 327 206 362 318
person 0.0045 5 0 130 469
person 0.0027 331 205 354 246
person 0.0024 391 267 400 314
person 0.0018 1 88 50 210
person 0.0017 56 174 110 489
person 0.0011 260 253 292 366
person 0.0011 198 86 362 308
person 0.0011 66 320 104 484
person 0.0010 39 384 55 419
bottle 0.0190 259 255 291 372
bottle 0.0039 260 205 325 375
bottle 0.0020 240 242 283 379
bottle 0.0017 391 267 400 314
bottle 0.0016 230 235 346 477
bottle 0.0014 269 289 291 365
bottle 0.0013 21 202 29 211
chair 0.0276 334 320 401 496
chair 0.0034 345 309 401 347
chair 0.0033 389 345 400 382
chair 0.0023 335 446 400 499
chair 0.0016 386 341 401 413
chair 0.0012 34 107 78 386
chair 0.0012 61 65 114 79
chair 0.0011 0 210 51 372
chair 0.0011 39 80 80 95
diningtable 0.3832 336 318 401 493
diningtable 0.0595 344 317 400 347
diningtable 0.0096 339 307 401 366
diningtable 0.0023 349 324 397 411
