person 0.0435 226 205 240 222
person 0.0140 228 233 238 255
person 0.0019 483 216 498 288
person 0.0012 246 227 253 251
person 0.0011 477 179 499 198
car 0.8981 388 172 499 271
car 0.5830 0 215 29 237
car 0.4841 0 233 55 275
car 0.0601 23 200 98 265
car 0.0571 279 199 314 228
car 0.0499 18 188 159 267
car 0.0438 57 198 97 240
car 0.0203 27 204 55 214
car 0.0183 26 198 97 225
car 0.0123 277 196 358 230
car 0.0085 24 206 83 240
car 0.0083 60 198 97 218
car 0.0077 32 232 67 269
car 0.0069 226 205 241 223
car 0.0062 325 205 356 214
car 0.0060 63 215 93 238
car 0.0058 249 198 314 230
car 0.0057 96 185 149 220
car 0.0048 23 206 58 235
car 0.0045 34 238 55 272
car 0.0039 0 238 26 273
car 0.0037 26 203 76 216
car 0.0031 323 205 357 225
car 0.0029 118 183 155 211
car 0.0027 1 226 101 275
car 0.0020 321 192 358 214
car 0.0018 0 225 10 240
car 0.0018 22 190 279 262
car 0.0017 387 220 407 247
car 0.0017 24 180 129 214
car 0.0016 40 200 91 215
car 0.0016 62 184 118 198
car 0.0016 46 169 156 231
car 0.0015 133 178 158 209
car 0.0014 46 223 94 266
car 0.0013 388 220 429 278
car 0.0012 64 188 122 219
car 0.0011 91 168 156 214
car 0.0010 120 187 143 205
car 0.0010 55 171 135 199
motorbike 0.0013 398 243 425 279
motorbike 0.0012 388 170 499 281
motorbike 0.0011 226 205 240 222
aeroplane 0.0050 11 68 345 264
aeroplane 0.0040 18 173 307 262
aeroplane 0.0039 172 198 255 243
aeroplane 0.0019 108 194 273 256
aeroplane 0.0014 70 151 449 248
bus 0.0092 159 194 254 260
bus 0.0050 0 215 29 238
bus 0.0013 19 164 153 224
bus 0.0010 225 202 240 225
train 0.0016 11 189 278 264
train 0.0013 172 198 255 243
boat 0.0127 226 205 240 222
boat 0.0015 159 195 254 260
boat 0.0011 206 194 260 256
boat 0.0010 279 199 314 226
bird 0.0050 93 347 104 354
bird 0.0021 226 205 240 222
chair 0.0015 226 205 240 222
pottedplant 0.0038 226 205 240 222
tvmonitor 0.0033 226 205 239 224
tvmonitor 0.0012 160 195 258 260
