person 0.0028 334 219 468 281
person 0.0015 399 235 467 270
person 0.0014 168 115 177 126
person 0.0014 176 113 187 123
person 0.0013 334 219 401 269
person 0.0010 163 113 174 126
bicycle 0.0018 333 218 471 282
motorbike 0.0098 333 218 471 282
aeroplane 0.9006 47 31 309 185
aeroplane 0.1206 332 217 472 282
aeroplane 0.0020 50 124 187 182
boat 0.0384 332 218 471 281
boat 0.0303 391 235 467 271
boat 0.0032 334 219 398 267
boat 0.0023 392 246 497 298
boat 0.0013 368 241 403 272
bird 0.2170 332 220 466 277
bird 0.2040 334 219 399 267
bird 0.0620 378 233 466 274
bird 0.0107 367 233 403 271
bird 0.0093 372 260 384 271
bird 0.0060 383 205 406 213
bird 0.0054 400 235 431 252
bird 0.0032 378 232 495 298
bird 0.0027 402 235 448 259
bird 0.0022 368 245 393 271
bird 0.0017 366 220 399 255
bird 0.0015 354 272 368 281
bird 0.0012 272 266 326 293
bird 0.0012 371 253 403 272
cat 0.0039 334 219 401 269
dog 0.0085 333 218 399 268
dog 0.0038 399 235 466 270
dog 0.0022 333 220 466 280
horse 0.0276 333 218 470 281
sheep 0.0721 333 218 398 268
sheep 0.0191 272 265 326 289
cow 0.0169 333 218 470 281
cow 0.0116 334 219 398 267
cow 0.0091 383 205 406 213
cow 0.0027 349 241 423 281
chair 0.0030 333 220 466 280
