person 0.9387 249 167 367 476
person 0.9159 97 136 226 486
person 0.8646 293 454 371 498
person 0.5389 0 331 45 501
person 0.2722 227 476 288 499
person 0.2573 0 332 44 396
person 0.1583 169 481 222 499
person 0.0348 102 461 174 499
person 0.0271 164 475 292 499
person 0.0113 40 437 123 499
person 0.0074 225 458 363 499
person 0.0073 3 369 121 496
person 0.0041 0 332 20 390
person 0.0038 311 189 371 466
person 0.0037 13 341 43 373
person 0.0037 362 261 374 303
person 0.0037 266 454 308 498
person 0.0021 100 474 131 499
person 0.0021 357 454 374 499
person 0.0020 33 445 238 497
person 0.0018 104 143 220 316
person 0.0013 256 277 299 342
person 0.0012 54 466 298 497
person 0.0010 367 486 375 499
car 0.0034 58 182 386 372
car 0.0031 186 208 283 371
car 0.0017 211 209 278 259
car 0.0014 306 108 344 178
bird 0.0133 125 212 173 289
bird 0.0093 127 211 164 258
bird 0.0032 226 476 287 499
bird 0.0014 148 206 198 246
cat 0.0018 125 212 177 298
cat 0.0017 228 476 287 499
dog 0.1112 98 174 237 461
dog 0.0456 125 212 177 298
dog 0.0086 121 199 205 401
dog 0.0084 228 476 288 499
dog 0.0053 126 211 164 259
dog 0.0021 161 476 287 499
horse 0.0013 99 171 228 475
sheep 0.3164 96 171 235 480
sheep 0.0109 125 212 173 289
sheep 0.0035 124 213 205 324
sheep 0.0027 126 211 164 259
sheep 0.0019 306 108 344 178
sheep 0.0011 114 173 219 377
cow 0.0010 96 219 228 480
bottle 0.2050 107 461 173 499
bottle 0.0900 37 440 113 498
bottle 0.0090 314 216 326 258
bottle 0.0018 271 271 280 285
bottle 0.0018 128 212 164 258
bottle 0.0015 317 216 326 239
bottle 0.0014 265 272 281 291
bottle 0.0011 133 488 157 499
bottle 0.0011 265 271 298 290
chair 0.0069 0 387 39 498
chair 0.0034 186 208 283 371
chair 0.0032 215 210 277 260
chair 0.0010 0 338 44 395
