person 0.7344 313 88 333 107
person 0.6045 94 163 127 208
person 0.5334 396 192 415 218
person 0.4391 240 75 256 95
person 0.3215 304 89 315 104
person 0.2558 170 63 189 84
person 0.2015 349 100 359 111
person 0.1631 308 186 325 216
person 0.1509 284 124 301 145
person 0.0976 317 186 338 217
person 0.0951 337 89 349 110
person 0.0562 395 112 433 158
person 0.0559 344 92 359 111
person 0.0482 315 89 334 122
person 0.0445 181 58 197 85
person 0.0427 322 87 335 107
person 0.0420 269 82 284 98
person 0.0406 301 88 318 120
person 0.0388 100 67 121 83
person 0.0368 184 73 196 86
person 0.0316 170 52 195 86
person 0.0298 362 89 389 115
person 0.0264 339 99 347 109
person 0.0239 355 195 364 211
person 0.0236 435 180 451 218
person 0.0235 281 82 291 99
person 0.0225 207 57 229 90
person 0.0196 82 58 102 85
person 0.0188 196 75 208 88
person 0.0178 401 92 422 120
person 0.0159 272 73 289 100
person 0.0158 422 200 431 217
person 0.0148 278 71 292 99
person 0.0141 211 79 227 91
person 0.0141 354 189 370 260
person 0.0134 126 66 141 82
person 0.0132 310 88 335 144
person 0.0117 361 97 379 113
person 0.0107 309 86 321 100
person 0.0083 141 200 150 215
person 0.0081 48 122 63 138
person 0.0080 298 91 326 144
person 0.0078 374 88 393 116
person 0.0078 394 125 418 156
person 0.0076 319 112 338 148
person 0.0073 247 77 260 95
person 0.0067 418 102 431 121
person 0.0065 355 193 367 240
person 0.0065 236 202 246 214
person 0.0059 217 58 230 91
person 0.0058 205 194 219 226
person 0.0058 344 100 360 121
person 0.0053 192 61 209 88
person 0.0052 414 194 431 217
person 0.0051 199 190 213 227
person 0.0051 133 64 147 81
person 0.0050 294 79 309 103
person 0.0050 299 127 318 146
person 0.0049 116 181 130 203
person 0.0048 301 186 317 217
person 0.0045 110 100 132 137
person 0.0045 238 70 251 93
person 0.0044 342 101 356 115
person 0.0042 340 84 362 112
person 0.0041 401 99 416 118
person 0.0040 321 130 338 148
person 0.0039 141 189 152 216
person 0.0038 284 84 295 102
person 0.0038 357 189 382 212
person 0.0037 423 183 437 219
person 0.0036 82 65 95 85
person 0.0034 361 136 374 152
person 0.0034 326 185 344 217
person 0.0033 111 179 134 211
person 0.0032 283 72 308 102
person 0.0032 305 199 316 216
person 0.0032 408 114 430 139
person 0.0031 282 86 345 120
person 0.0031 403 111 421 121
person 0.0030 169 50 184 81
person 0.0030 480 179 499 208
person 0.0030 126 175 154 217
person 0.0028 395 143 406 156
person 0.0027 394 132 408 155
person 0.0027 405 194 417 217
person 0.0027 252 73 274 98
person 0.0027 199 190 208 218
person 0.0026 269 85 291 138
person 0.0024 339 99 350 116
person 0.0021 264 84 278 100
person 0.0021 199 61 218 88
person 0.0021 200 204 219 247
person 0.0020 399 109 411 120
person 0.0020 266 101 276 140
person 0.0018 447 92 457 112
person 0.0016 297 201 307 215
person 0.0016 126 57 151 83
person 0.0015 277 88 318 146
person 0.0015 219 72 234 93
person 0.0015 289 89 307 102
car 0.8507 477 214 499 263
car 0.8267 13 220 32 266
car 0.1713 478 178 499 222
car 0.0997 478 206 499 221
car 0.0040 491 230 499 261
car 0.0014 210 79 227 91
car 0.0014 25 7 481 308
motorbike 0.0017 477 215 499 263
bus 0.9604 30 12 477 311
bus 0.2051 479 179 499 217
bus 0.0029 479 199 499 218
bus 0.0025 477 178 500 252
train 0.0021 479 179 499 207
train 0.0010 30 9 476 312
boat 0.0013 479 179 499 213
chair 0.0704 210 79 227 91
chair 0.0151 196 75 208 88
chair 0.0109 349 100 359 111
chair 0.0092 100 67 121 83
chair 0.0082 360 101 378 114
chair 0.0080 126 65 145 83
chair 0.0075 299 127 319 146
chair 0.0056 204 80 218 89
chair 0.0042 285 124 301 145
chair 0.0026 198 78 213 88
chair 0.0023 361 94 382 114
chair 0.0020 268 82 284 98
chair 0.0018 207 58 228 90
chair 0.0017 303 89 315 105
chair 0.0014 419 199 430 217
chair 0.0013 132 61 151 82
chair 0.0012 199 207 219 247
chair 0.0011 200 195 218 227
chair 0.0011 414 194 431 217
tvmonitor 0.0010 479 178 499 209
