person 0.8616 97 19 319 265
person 0.3555 20 53 104 206
person 0.1796 8 69 43 198
person 0.0940 85 60 132 137
person 0.0560 82 37 124 121
person 0.0523 321 75 496 318
person 0.0500 6 67 27 126
person 0.0440 11 119 47 209
person 0.0304 23 65 64 119
person 0.0273 169 14 238 67
person 0.0273 277 107 346 233
person 0.0217 331 145 493 186
person 0.0188 54 84 107 216
person 0.0180 115 8 172 121
person 0.0167 36 67 64 100
person 0.0161 213 181 308 233
person 0.0145 7 66 39 140
person 0.0140 115 11 239 123
person 0.0132 170 16 203 65
person 0.0126 24 50 97 123
person 0.0126 53 51 88 99
person 0.0118 7 164 38 283
person 0.0093 238 97 385 304
person 0.0088 8 167 30 202
person 0.0081 267 103 334 183
person 0.0068 20 60 68 192
person 0.0067 6 66 25 100
person 0.0065 37 120 72 215
person 0.0063 466 95 493 156
person 0.0061 86 63 120 103
person 0.0059 199 21 239 57
person 0.0053 2 56 42 295
person 0.0052 289 100 330 144
person 0.0051 209 127 311 236
person 0.0048 7 76 24 168
person 0.0047 204 176 311 288
person 0.0046 69 166 95 214
person 0.0041 11 124 34 186
person 0.0040 336 174 495 261
person 0.0039 69 121 126 218
person 0.0034 12 145 30 196
person 0.0031 428 96 493 155
person 0.0030 23 138 58 220
person 0.0030 473 100 494 143
person 0.0029 361 176 493 219
person 0.0029 8 126 22 176
person 0.0028 52 95 85 133
person 0.0023 319 182 400 302
person 0.0023 36 114 65 174
person 0.0023 6 61 95 290
person 0.0021 146 99 465 322
person 0.0021 218 186 260 231
person 0.0020 17 110 42 166
person 0.0019 36 72 51 100
person 0.0019 169 16 196 47
person 0.0019 47 146 90 217
person 0.0018 59 65 105 169
person 0.0017 8 143 48 253
person 0.0017 464 136 493 155
person 0.0017 23 98 60 117
person 0.0017 280 141 314 195
person 0.0014 262 94 295 179
person 0.0014 74 168 107 237
person 0.0013 411 7 495 159
person 0.0013 7 169 31 235
person 0.0012 80 35 109 73
person 0.0012 412 95 437 154
person 0.0012 281 130 334 192
person 0.0012 30 128 46 182
person 0.0010 101 127 126 155
person 0.0010 144 14 175 84
bicycle 0.0027 335 172 495 327
motorbike 0.0144 330 175 494 326
dog 0.0010 273 104 332 147
bottle 0.0467 270 134 292 179
bottle 0.0273 332 144 492 188
bottle 0.0226 53 153 62 218
bottle 0.0124 361 176 489 214
bottle 0.0107 47 138 64 218
bottle 0.0094 296 100 328 143
bottle 0.0082 380 119 401 149
bottle 0.0071 309 98 317 116
bottle 0.0063 300 100 319 134
bottle 0.0038 271 150 286 178
bottle 0.0038 270 93 296 147
bottle 0.0036 317 93 329 132
bottle 0.0035 26 137 52 221
bottle 0.0033 60 174 79 216
bottle 0.0030 271 166 281 179
bottle 0.0027 296 172 311 196
bottle 0.0027 196 228 299 292
bottle 0.0026 318 93 327 119
bottle 0.0026 67 170 83 214
bottle 0.0023 315 100 331 142
bottle 0.0022 37 139 56 222
bottle 0.0022 83 224 319 295
bottle 0.0021 266 102 330 165
bottle 0.0020 52 177 61 212
bottle 0.0019 332 146 440 175
bottle 0.0018 41 131 66 187
bottle 0.0013 322 95 338 123
bottle 0.0013 257 91 294 182
bottle 0.0012 400 253 492 328
bottle 0.0012 363 110 403 148
bottle 0.0010 51 142 72 221
chair 0.0161 362 83 408 95
chair 0.0151 324 88 496 324
chair 0.0141 197 228 297 291
chair 0.0112 43 172 310 292
chair 0.0096 69 168 203 286
chair 0.0092 101 127 126 154
chair 0.0074 16 144 35 198
chair 0.0069 366 176 464 215
chair 0.0068 15 128 51 214
chair 0.0066 78 171 111 237
chair 0.0060 344 96 412 150
chair 0.0058 102 229 202 286
chair 0.0053 347 71 402 88
chair 0.0049 69 169 89 214
chair 0.0041 347 176 493 257
chair 0.0038 42 130 69 217
chair 0.0036 63 171 82 216
chair 0.0033 47 127 97 217
chair 0.0032 347 86 361 96
chair 0.0031 30 134 46 188
chair 0.0031 346 75 410 95
chair 0.0028 81 224 309 292
chair 0.0025 12 272 326 328
chair 0.0024 65 167 104 243
chair 0.0020 371 176 427 203
chair 0.0019 80 171 102 219
chair 0.0018 8 167 31 202
chair 0.0017 26 139 47 213
chair 0.0016 37 80 105 219
chair 0.0015 27 215 196 283
chair 0.0014 319 181 396 301
chair 0.0014 217 182 311 236
chair 0.0012 318 174 468 306
chair 0.0012 208 177 312 287
chair 0.0012 258 230 297 285
chair 0.0012 346 72 365 95
chair 0.0011 316 87 344 123
chair 0.0011 16 143 29 185
chair 0.0010 77 178 92 214
sofa 0.0395 196 228 297 292
sofa 0.0220 327 165 494 325
sofa 0.0115 33 84 471 319
sofa 0.0114 32 175 331 294
sofa 0.0104 333 175 493 255
sofa 0.0061 101 228 204 286
sofa 0.0057 366 177 488 214
sofa 0.0028 8 211 456 329
sofa 0.0024 69 168 203 286
sofa 0.0021 210 181 310 234
sofa 0.0020 318 179 398 304
sofa 0.0015 181 170 489 329
sofa 0.0015 426 96 492 153
sofa 0.0013 12 278 294 328
sofa 0.0012 278 113 353 253
sofa 0.0012 318 37 498 311
sofa 0.0011 70 165 106 228
sofa 0.0010 196 176 312 288
sofa 0.0010 326 83 494 228
pottedplant 0.0030 104 9 234 125
pottedplant 0.0026 86 58 144 158
pottedplant 0.0018 169 15 239 68
pottedplant 0.0018 115 11 168 120
diningtable 0.0177 11 279 357 328
diningtable 0.0150 338 179 490 259
diningtable 0.0099 152 287 352 329
diningtable 0.0062 169 311 347 331
diningtable 0.0060 329 174 494 326
diningtable 0.0051 4 218 489 328
diningtable 0.0026 368 199 453 217
diningtable 0.0022 74 303 346 330
diningtable 0.0019 362 177 493 219
diningtable 0.0016 346 75 410 95
diningtable 0.0014 215 122 327 240
diningtable 0.0013 218 176 311 233
diningtable 0.0011 20 107 486 329
diningtable 0.0010 196 228 299 291
tvmonitor 0.0051 342 95 413 148
tvmonitor 0.0012 23 61 459 305
