person 0.9284 1 86 271 329
person 0.9166 271 64 499 329
person 0.0092 1 34 85 194
person 0.0010 448 123 499 163
person 0.0010 417 141 498 328
person 0.0010 123 62 172 100
bird 0.0012 135 21 183 54
dog 0.0036 0 30 85 192
dog 0.0029 202 7 275 95
dog 0.0019 134 21 183 54
dog 0.0013 48 17 136 99
sheep 0.0014 202 7 275 95
chair 0.0827 161 89 353 298
chair 0.0375 446 128 499 275
chair 0.0224 1 33 85 194
chair 0.0119 0 82 390 325
chair 0.0116 284 74 499 323
chair 0.0057 405 138 499 330
chair 0.0032 453 128 500 162
chair 0.0014 240 202 498 329
sofa 0.7813 -1 85 521 330
sofa 0.2109 265 123 498 330
sofa 0.0908 444 118 498 276
sofa 0.0559 412 138 498 330
sofa 0.0472 163 90 355 274
sofa 0.0454 0 32 83 294
sofa 0.0356 13 230 510 332
sofa 0.0109 446 119 499 163
sofa 0.0076 293 73 499 260
sofa 0.0040 2 51 252 319
sofa 0.0019 403 250 489 331
sofa 0.0013 231 233 295 320
sofa 0.0011 404 312 483 332
