person 0.7707 150 326 182 349
person 0.6654 217 346 238 365
person 0.5565 59 370 74 409
person 0.4795 75 367 86 405
person 0.4387 7 370 24 396
person 0.3934 26 369 43 414
person 0.3671 108 366 120 403
person 0.3346 94 367 104 404
person 0.3242 322 371 331 406
person 0.3057 1 368 9 392
person 0.1285 85 370 94 404
person 0.1164 102 370 112 403
person 0.1075 316 368 325 387
person 0.0998 72 367 82 402
person 0.0939 83 363 91 401
person 0.0909 47 369 58 391
person 0.0890 239 340 256 363
person 0.0705 34 371 48 412
person 0.0683 238 259 269 302
person 0.0532 44 370 59 403
person 0.0493 82 353 92 379
person 0.0434 285 367 295 397
person 0.0383 22 367 32 388
person 0.0379 40 370 52 390
person 0.0345 221 341 251 365
person 0.0337 5 368 26 411
person 0.0314 47 369 66 409
person 0.0262 321 366 332 440
person 0.0261 292 368 301 384
person 0.0248 27 370 38 388
person 0.0225 214 341 230 364
person 0.0218 317 368 326 397
person 0.0202 113 365 121 398
person 0.0197 30 370 42 387
person 0.0191 144 217 186 249
person 0.0180 243 341 263 365
person 0.0176 320 369 328 388
person 0.0155 87 380 97 404
person 0.0153 141 232 155 249
person 0.0121 63 369 74 394
person 0.0110 104 367 113 395
person 0.0108 71 367 80 392
person 0.0100 0 366 9 415
person 0.0074 120 6 135 25
person 0.0066 60 368 70 383
person 0.0063 141 223 168 249
person 0.0056 96 363 105 383
person 0.0038 57 385 72 414
person 0.0038 85 359 95 379
person 0.0036 41 381 69 417
person 0.0034 2 368 34 441
person 0.0034 27 366 40 382
person 0.0031 161 234 182 247
person 0.0030 254 344 270 365
person 0.0026 114 363 121 380
person 0.0025 80 356 89 375
person 0.0024 111 363 119 376
person 0.0023 324 365 333 401
person 0.0022 244 232 256 248
person 0.0022 19 366 30 381
person 0.0022 99 356 109 372
person 0.0021 170 233 189 249
person 0.0021 73 358 87 388
person 0.0021 182 230 193 249
person 0.0019 54 363 69 385
person 0.0018 232 236 243 247
person 0.0018 242 236 253 249
person 0.0016 59 361 68 373
person 0.0013 26 374 38 396
person 0.0012 20 374 40 447
person 0.0012 105 376 117 404
person 0.0011 94 356 108 378
person 0.0011 209 337 226 364
person 0.0010 287 365 298 385
bicycle 0.4988 43 388 69 418
bicycle 0.0537 57 385 72 414
bicycle 0.0134 33 387 56 417
bicycle 0.0100 61 369 74 408
bicycle 0.0100 60 385 82 415
bicycle 0.0040 76 373 87 407
bicycle 0.0031 102 374 112 404
bicycle 0.0030 86 379 95 404
bicycle 0.0022 26 369 42 416
bicycle 0.0021 47 369 66 409
bicycle 0.0021 71 384 83 407
bicycle 0.0013 74 367 83 405
bicycle 0.0011 95 374 104 405
bicycle 0.0011 105 376 117 404
car 0.5618 298 372 318 385
car 0.4112 285 368 295 400
car 0.1401 292 368 301 384
car 0.0161 316 368 324 386
car 0.0090 284 364 293 388
car 0.0074 279 368 291 400
car 0.0060 320 369 328 388
car 0.0054 323 371 331 396
car 0.0039 287 365 298 385
car 0.0037 296 361 318 384
car 0.0036 291 439 332 498
car 0.0022 118 193 290 472
car 0.0022 297 342 325 384
car 0.0019 287 376 332 498
car 0.0019 324 366 332 407
car 0.0017 320 370 330 407
car 0.0010 33 387 56 417
motorbike 0.0631 39 386 69 418
motorbike 0.0088 33 387 56 417
motorbike 0.0054 285 369 295 400
motorbike 0.0024 60 385 82 415
motorbike 0.0021 26 369 42 416
motorbike 0.0020 61 369 74 408
bus 0.9382 117 190 290 473
bus 0.0249 298 342 326 385
bus 0.0044 323 337 333 399
bus 0.0026 296 361 318 384
bus 0.0023 312 364 324 386
bus 0.0013 309 346 324 370
chair 0.0010 295 466 332 498
