person 0.9102 5 70 316 495
person 0.1569 288 372 332 495
person 0.1380 191 343 332 497
person 0.1022 322 173 333 206
person 0.0938 307 373 333 445
person 0.0416 259 340 332 385
person 0.0365 259 342 332 430
person 0.0295 299 356 332 383
person 0.0116 281 437 331 498
person 0.0083 291 315 332 358
person 0.0074 213 167 330 333
person 0.0072 295 318 307 332
person 0.0055 256 356 330 491
person 0.0055 318 443 332 500
person 0.0048 288 376 321 409
person 0.0046 288 171 329 329
person 0.0031 7 291 265 447
person 0.0024 321 175 333 229
person 0.0022 41 315 285 379
person 0.0021 300 310 332 334
person 0.0020 65 353 202 493
person 0.0019 202 155 346 500
person 0.0015 32 327 312 498
person 0.0013 324 309 332 338
person 0.0012 314 175 333 302
person 0.0011 91 406 196 497
car 0.0010 0 98 323 500
motorbike 0.0019 0 351 46 467
motorbike 0.0015 4 139 324 494
train 0.0013 -1 80 308 475
bottle 0.0046 52 451 68 482
bottle 0.0023 318 450 332 499
chair 0.0386 3 235 322 494
chair 0.0043 296 440 323 474
chair 0.0038 281 441 331 499
chair 0.0027 4 277 192 463
chair 0.0022 208 165 333 334
chair 0.0016 301 334 332 358
chair 0.0016 75 284 188 346
chair 0.0015 255 368 332 498
chair 0.0014 268 386 290 425
chair 0.0014 282 470 322 498
chair 0.0012 307 371 333 445
chair 0.0011 188 343 321 496
chair 0.0010 1 350 120 490
sofa 0.0113 -10 306 334 497
sofa 0.0039 0 98 323 500
sofa 0.0032 210 168 331 332
sofa 0.0027 255 368 332 498
