person 0.1892 460 163 467 175
person 0.1627 477 159 485 180
person 0.0175 469 162 476 175
person 0.0157 481 166 489 181
person 0.0126 488 192 497 208
person 0.0073 487 156 496 172
person 0.0046 491 156 499 169
person 0.0033 151 118 176 144
person 0.0023 79 131 92 143
person 0.0020 163 150 174 161
person 0.0020 489 162 498 174
person 0.0018 480 172 488 182
person 0.0016 136 122 153 144
person 0.0013 184 127 199 137
person 0.0010 119 123 131 144
bicycle 0.0019 479 161 487 181
car 0.0143 489 162 499 173
car 0.0081 491 156 499 169
car 0.0030 0 120 98 204
car 0.0016 487 156 496 172
car 0.0011 1 120 17 141
aeroplane 0.0013 441 135 498 172
aeroplane 0.0011 446 148 495 161
bus 0.0081 0 120 99 198
bus 0.0013 448 152 490 172
train 0.9061 74 40 473 341
train 0.7200 0 117 100 206
train 0.0578 442 133 499 169
train 0.0075 446 148 495 161
train 0.0059 448 152 490 172
train 0.0029 0 118 94 301
train 0.0023 420 155 487 175
train 0.0019 450 153 485 163
train 0.0018 490 154 499 168
train 0.0012 423 157 457 173
boat 0.0010 0 120 98 206
bottle 0.0011 488 192 497 208
