person 0.0194 230 101 305 163
person 0.0091 220 106 278 155
person 0.0081 264 108 309 151
person 0.0053 237 109 273 141
person 0.0039 279 126 307 147
person 0.0025 333 128 362 167
person 0.0018 254 122 307 162
car 0.9585 30 85 446 348
car 0.7103 388 68 429 83
car 0.5757 425 65 450 78
car 0.1564 451 64 472 75
car 0.0371 462 68 475 77
car 0.0212 426 65 472 79
car 0.0052 388 68 407 84
car 0.0025 378 59 406 72
car 0.0020 388 66 404 77
car 0.0016 320 79 334 88
car 0.0011 320 62 344 77
car 0.0010 344 59 369 72
bus 0.0028 425 65 450 78
chair 0.0029 443 271 498 376
pottedplant 0.0026 388 68 407 84
pottedplant 0.0018 331 74 367 92
