person 0.0092 56 135 90 178
person 0.0068 108 136 133 168
person 0.0060 150 135 174 176
person 0.0050 90 135 135 179
person 0.0029 437 169 447 177
person 0.0027 279 145 295 184
person 0.0021 16 108 479 311
person 0.0011 244 133 299 186
car 0.9386 15 108 478 313
car 0.0173 397 164 446 178
car 0.0061 401 168 441 183
car 0.0045 434 169 447 178
car 0.0025 416 168 450 180
car 0.0018 397 164 429 172
car 0.0015 389 163 450 186
car 0.0015 411 170 452 189
car 0.0011 135 101 179 110
car 0.0010 397 173 421 182
aeroplane 0.0236 396 163 445 178
aeroplane 0.0020 366 137 456 178
aeroplane 0.0014 416 167 446 178
aeroplane 0.0013 397 164 458 191
bus 0.0272 14 109 474 311
bus 0.0034 397 164 446 178
boat 0.0030 395 163 449 177
boat 0.0010 370 134 497 184
bird 0.0011 437 169 447 177
