person 0.7319 154 38 473 325
person 0.0511 410 2 499 328
person 0.0419 0 0 187 333
person 0.0028 9 -3 383 128
person 0.0022 431 -1 499 110
dog 0.0024 150 39 455 317
chair 0.0652 0 -2 186 327
chair 0.0432 0 -3 506 329
chair 0.0049 410 0 500 327
chair 0.0045 283 0 496 329
chair 0.0020 364 -1 470 111
sofa 0.2470 5 -5 497 329
sofa 0.1229 0 3 187 326
sofa 0.0216 410 0 500 327
sofa 0.0096 283 0 496 329
sofa 0.0087 16 -2 385 126
sofa 0.0026 360 0 477 115
diningtable 0.0023 0 0 185 331
tvmonitor 0.0029 -2 -6 505 334
tvmonitor 0.0012 45 -1 380 120
