person 0.9401 0 56 238 369
person 0.9185 367 108 499 369
person 0.9093 210 78 422 371
person 0.5967 0 6 99 276
person 0.1128 193 86 260 151
person 0.0188 1 67 96 194
person 0.0183 1 6 61 203
person 0.0123 45 270 125 371
person 0.0122 0 109 72 262
person 0.0066 3 27 486 372
person 0.0036 0 128 127 370
person 0.0034 103 47 263 152
person 0.0031 17 76 93 149
person 0.0024 44 340 125 373
person 0.0022 151 89 238 350
person 0.0021 0 8 35 152
person 0.0015 54 201 128 363
person 0.0012 52 263 232 365
person 0.0010 1 163 86 291
person 0.0010 448 108 499 293
car 0.0042 -4 0 498 373
motorbike 0.0012 44 341 124 373
bus 0.0054 -2 0 496 367
train 0.0042 -24 2 500 370
bottle 0.0520 193 85 260 151
bottle 0.0016 206 333 216 374
chair 0.0027 191 332 215 374
chair 0.0024 205 333 216 374
chair 0.0022 47 274 125 373
chair 0.0018 0 28 275 356
chair 0.0018 0 71 94 269
chair 0.0018 394 191 455 245
sofa 0.0149 -12 214 527 372
sofa 0.0070 0 19 276 353
sofa 0.0031 0 64 78 275
sofa 0.0012 0 53 143 368
pottedplant 0.0036 44 340 124 373
tvmonitor 0.0043 -24 2 500 370
tvmonitor 0.0012 11 0 488 193
