person 0.8350 189 134 290 274
person 0.2858 272 172 292 201
person 0.1013 119 54 129 69
person 0.0495 176 50 192 72
person 0.0333 153 44 171 70
person 0.0259 268 172 312 205
person 0.0241 102 57 119 68
person 0.0129 136 57 146 68
person 0.0070 120 52 131 61
person 0.0062 381 223 391 236
person 0.0053 288 185 314 207
person 0.0043 169 53 178 68
person 0.0034 118 53 134 81
person 0.0032 255 68 262 86
person 0.0022 121 55 137 66
person 0.0021 248 178 314 222
person 0.0016 325 308 336 331
person 0.0016 255 57 264 85
person 0.0016 123 49 141 60
person 0.0014 252 173 286 200
person 0.0014 442 228 482 256
person 0.0014 170 53 184 70
person 0.0012 176 61 192 71
person 0.0011 251 153 290 199
bicycle 0.0013 442 230 482 255
car 0.0749 176 60 192 72
car 0.0666 379 232 479 255
car 0.0631 439 230 482 255
car 0.0295 375 229 481 277
car 0.0288 102 57 119 67
car 0.0193 0 34 20 53
car 0.0058 125 50 139 57
car 0.0049 176 50 192 72
car 0.0036 301 231 481 332
car 0.0030 0 32 33 60
car 0.0023 120 52 131 61
car 0.0020 314 252 356 272
car 0.0019 443 233 482 286
car 0.0019 242 35 295 49
car 0.0015 307 251 365 286
car 0.0013 121 55 137 66
car 0.0013 268 36 304 49
car 0.0010 102 48 139 61
motorbike 0.0013 439 229 482 255
aeroplane 0.0017 452 146 482 168
bus 0.0050 241 31 296 48
boat 0.0041 452 146 482 169
boat 0.0010 101 58 120 66
bird 0.0025 359 418 406 443
horse 0.9254 28 178 388 431
horse 0.0107 218 185 383 413
horse 0.0037 270 176 313 206
horse 0.0035 288 185 314 206
horse 0.0028 25 228 210 406
horse 0.0027 290 233 480 382
horse 0.0024 287 204 391 355
sheep 0.0017 379 234 473 253
cow 0.0019 0 177 44 229
bottle 0.0011 103 369 116 398
chair 0.0046 0 280 29 332
chair 0.0014 101 58 120 66
chair 0.0011 442 230 482 255
diningtable 0.0357 -9 158 176 231
diningtable 0.0230 -7 158 174 187
diningtable 0.0012 47 116 475 171
