person 0.8374 94 149 237 383
person 0.0143 188 267 198 291
person 0.0067 202 273 214 298
person 0.0033 190 267 199 281
person 0.0028 184 269 197 302
bicycle 0.9030 109 267 237 480
bicycle 0.0031 115 340 161 462
bicycle 0.0011 183 273 241 320
bicycle 0.0010 174 285 234 463
bird 0.0051 202 273 214 298
bird 0.0037 186 267 197 295
bird 0.0011 190 267 199 281
bottle 0.0277 202 274 213 302
bottle 0.0059 212 285 233 302
bottle 0.0047 156 345 172 364
bottle 0.0030 185 268 198 297
bottle 0.0026 136 332 154 401
bottle 0.0010 154 325 171 365
