person 0.9205 1 15 112 361
person 0.8709 191 83 401 372
person 0.7857 235 -5 501 364
person 0.1368 289 84 404 234
person 0.0163 415 135 488 223
person 0.0144 424 138 487 162
person 0.0119 181 272 201 298
person 0.0098 240 146 252 163
person 0.0045 220 118 398 245
person 0.0044 157 272 201 301
person 0.0038 463 13 499 149
person 0.0033 225 168 383 237
person 0.0024 134 146 146 168
person 0.0022 0 24 280 354
person 0.0020 131 153 142 169
person 0.0015 63 49 450 348
person 0.0015 161 145 169 158
person 0.0014 237 146 258 171
person 0.0013 469 141 486 160
person 0.0013 12 88 80 137
person 0.0012 454 140 486 160
person 0.0011 356 7 498 309
person 0.0011 66 23 113 119
person 0.0010 153 143 173 157
bicycle 0.0077 238 146 255 169
bicycle 0.0036 229 146 259 174
bicycle 0.0033 238 146 251 161
bicycle 0.0026 128 235 236 348
bicycle 0.0022 138 311 198 345
bicycle 0.0015 136 270 201 345
bicycle 0.0014 431 139 487 161
car 0.8374 181 137 229 171
car 0.8227 415 120 455 148
car 0.4824 135 139 181 159
car 0.4204 135 144 146 156
car 0.1094 155 139 179 157
car 0.0674 422 138 488 164
car 0.0330 161 145 169 158
car 0.0205 94 153 109 163
car 0.0127 258 142 267 153
car 0.0077 240 139 266 157
car 0.0072 259 140 293 156
car 0.0069 99 148 143 164
car 0.0065 188 136 223 147
car 0.0059 252 139 266 154
car 0.0050 240 140 291 170
car 0.0043 240 146 252 163
car 0.0041 238 143 269 167
car 0.0040 223 143 252 161
car 0.0034 188 137 209 146
car 0.0027 116 142 146 161
car 0.0023 226 144 256 175
car 0.0022 259 141 273 155
car 0.0021 90 148 106 164
car 0.0020 229 138 263 161
car 0.0020 220 143 229 154
car 0.0016 133 144 144 166
car 0.0014 238 145 258 170
car 0.0014 99 155 110 165
car 0.0012 221 144 234 157
bus 0.0054 135 136 184 158
bird 0.0129 181 272 201 298
bird 0.0104 10 88 106 136
bird 0.0071 61 86 107 136
bird 0.0016 155 271 202 301
dog 0.8913 66 213 137 362
dog 0.0037 421 138 484 164
dog 0.0023 174 272 201 299
dog 0.0022 10 88 106 136
dog 0.0015 139 233 219 246
dog 0.0010 138 311 199 346
horse 0.0013 425 139 486 162
cow 0.0026 422 138 483 164
bottle 0.0081 61 86 107 136
bottle 0.0063 183 312 200 341
bottle 0.0016 11 91 78 137
bottle 0.0015 70 83 105 110
bottle 0.0010 318 212 354 269
chair 0.7460 374 149 423 221
chair 0.7109 236 271 499 372
chair 0.6930 407 156 478 225
chair 0.5558 296 155 318 188
chair 0.1858 237 137 499 372
chair 0.1457 383 287 499 373
chair 0.1198 422 137 483 165
chair 0.0927 131 235 236 344
chair 0.0463 238 339 312 373
chair 0.0436 396 148 423 213
chair 0.0321 234 304 426 373
chair 0.0296 434 244 499 372
chair 0.0205 451 244 499 296
chair 0.0180 383 166 500 372
chair 0.0118 421 154 479 172
chair 0.0109 440 288 498 309
chair 0.0104 322 307 420 373
chair 0.0093 129 115 248 346
chair 0.0076 455 265 499 294
chair 0.0063 271 335 296 344
chair 0.0058 449 303 499 373
chair 0.0057 437 161 474 177
chair 0.0053 417 132 488 212
chair 0.0046 246 340 383 373
chair 0.0045 285 277 401 312
chair 0.0040 264 257 402 327
chair 0.0040 432 168 472 230
chair 0.0039 396 148 423 179
chair 0.0036 424 147 446 163
chair 0.0031 449 139 486 160
chair 0.0028 448 282 497 297
chair 0.0025 374 308 428 370
chair 0.0023 396 148 422 161
chair 0.0019 300 188 367 276
chair 0.0018 424 160 475 198
chair 0.0018 265 243 394 298
chair 0.0015 403 112 499 260
chair 0.0015 417 144 445 156
chair 0.0014 292 155 309 173
chair 0.0014 424 72 504 366
chair 0.0014 266 120 391 230
chair 0.0013 314 190 366 219
chair 0.0013 157 272 199 302
chair 0.0012 266 266 363 283
chair 0.0012 306 303 359 373
chair 0.0012 375 148 387 156
chair 0.0011 268 336 305 355
chair 0.0010 321 149 491 316
chair 0.0010 81 222 503 370
sofa 0.0088 225 143 498 373
sofa 0.0012 415 135 488 223
sofa 0.0011 423 137 488 164
diningtable 0.0900 127 235 241 346
diningtable 0.0120 136 233 232 250
diningtable 0.0063 130 240 236 297
diningtable 0.0060 384 288 499 372
diningtable 0.0052 456 250 499 294
diningtable 0.0042 236 282 498 373
diningtable 0.0041 225 143 498 373
diningtable 0.0037 238 338 311 373
diningtable 0.0029 384 202 500 373
diningtable 0.0019 440 288 498 309
diningtable 0.0018 139 240 236 269
diningtable 0.0017 407 137 484 224
diningtable 0.0015 137 216 241 244
diningtable 0.0013 423 138 488 165
diningtable 0.0013 375 149 422 207
diningtable 0.0011 452 274 499 295
diningtable 0.0010 81 222 503 370
