person 0.9306 3 0 490 372
person 0.0109 305 297 502 370
person 0.0090 257 0 481 369
person 0.0087 462 176 499 236
person 0.0063 481 182 499 238
person 0.0059 288 151 502 374
person 0.0020 0 -3 228 361
person 0.0010 25 201 499 373
bicycle 0.0010 423 70 499 329
car 0.0062 425 74 499 324
car 0.0023 446 232 499 319
car 0.0023 1 -4 487 362
car 0.0021 462 176 499 236
car 0.0018 335 60 500 363
car 0.0012 433 117 499 242
horse 0.0014 -11 -7 491 376
chair 0.0056 3 -10 488 369
chair 0.0053 0 268 41 372
chair 0.0031 300 296 502 371
chair 0.0017 0 272 209 370
chair 0.0015 447 233 499 319
chair 0.0014 1 268 83 371
chair 0.0014 426 83 499 324
sofa 0.0207 285 296 500 371
sofa 0.0033 1 -4 487 362
sofa 0.0015 25 201 499 373
sofa 0.0013 288 151 502 374
diningtable 0.0012 0 270 42 371
diningtable 0.0010 0 271 206 369
tvmonitor 0.0045 438 -3 498 102
tvmonitor 0.0030 1 -4 487 362
