person 0.0038 50 107 58 131
person 0.0013 131 53 166 110
person 0.0013 55 49 452 339
person 0.0011 468 128 499 185
bicycle 0.0120 467 132 499 213
bicycle 0.0011 466 140 496 185
car 0.1341 200 51 439 166
car 0.0066 71 46 447 202
car 0.0050 158 50 215 111
car 0.0027 42 61 453 326
car 0.0022 80 47 199 172
motorbike 0.8864 53 53 452 338
motorbike 0.0034 467 130 499 216
bus 0.0151 201 50 439 165
chair 0.0029 472 142 499 215
chair 0.0012 467 133 499 182
sofa 0.0017 203 48 438 162
pottedplant 0.0106 1 122 91 215
