person 0.7914 191 182 224 260
person 0.0696 116 253 126 261
person 0.0194 106 248 112 262
person 0.0146 113 256 128 267
person 0.0068 192 183 215 227
person 0.0043 69 260 87 282
person 0.0036 85 258 146 275
person 0.0028 104 229 112 262
person 0.0017 72 261 99 280
bicycle 0.0089 75 257 161 276
bicycle 0.0019 95 260 146 274
car 0.0458 72 257 162 277
car 0.0044 98 256 139 272
car 0.0036 49 228 78 239
car 0.0019 116 252 125 261
car 0.0011 47 228 85 244
motorbike 0.0030 75 257 161 276
boat 0.0149 72 257 162 277
bird 0.0014 147 257 163 274
bird 0.0010 62 260 86 281
cat 0.0010 67 260 86 281
dog 0.0166 116 253 126 261
dog 0.0067 67 260 86 281
dog 0.0013 147 256 162 274
horse 0.9271 179 208 238 297
horse 0.0123 72 256 158 280
horse 0.0059 69 260 87 282
horse 0.0048 116 255 160 276
horse 0.0030 115 253 126 261
horse 0.0017 113 256 128 267
horse 0.0014 95 260 146 274
horse 0.0014 72 261 99 280
sheep 0.0015 68 260 87 281
sheep 0.0010 116 253 127 261
cow 0.0058 71 258 155 279
cow 0.0013 116 253 127 261
cow 0.0011 70 260 86 281
chair 0.0052 0 264 15 276
chair 0.0025 3 231 36 276
chair 0.0025 10 261 31 276
chair 0.0022 115 253 126 261
chair 0.0021 147 257 163 274
