person 0.8736 306 110 371 340
person 0.5021 53 156 233 331
person 0.0830 199 168 235 235
person 0.0281 308 123 341 178
person 0.0247 306 119 342 220
person 0.0164 142 167 235 232
person 0.0133 292 135 325 233
person 0.0076 51 147 139 312
person 0.0038 477 234 495 265
person 0.0033 135 166 236 302
person 0.0031 445 232 493 269
person 0.0026 353 91 361 98
person 0.0026 207 198 236 236
person 0.0017 285 193 300 222
person 0.0012 287 166 318 228
person 0.0012 132 168 142 178
person 0.0011 308 143 322 171
person 0.0011 317 124 339 155
person 0.0010 138 169 151 177
bicycle 0.0043 172 215 236 238
bicycle 0.0031 176 170 236 236
bicycle 0.0024 0 174 11 208
bicycle 0.0020 165 213 292 240
bicycle 0.0014 51 148 236 328
bicycle 0.0012 0 154 14 206
car 0.1837 49 148 134 202
car 0.0285 441 232 495 270
car 0.0125 50 149 241 325
car 0.0079 226 208 327 245
car 0.0071 51 146 134 304
car 0.0064 0 131 81 201
car 0.0037 1 138 259 195
car 0.0025 357 92 404 102
car 0.0025 282 157 321 237
car 0.0023 50 148 114 178
car 0.0022 5 131 128 174
car 0.0021 477 234 495 265
car 0.0021 437 194 497 268
car 0.0020 31 134 329 282
car 0.0017 8 154 63 179
car 0.0017 62 148 107 165
car 0.0016 3 132 70 156
car 0.0015 123 193 392 249
car 0.0015 15 143 252 244
car 0.0014 301 93 314 103
car 0.0013 366 185 408 217
car 0.0013 172 214 236 238
car 0.0013 0 126 7 135
car 0.0012 229 223 279 242
car 0.0012 0 128 8 141
car 0.0010 51 158 87 202
motorbike 0.0035 53 148 235 326
motorbike 0.0012 172 215 236 238
motorbike 0.0012 176 170 236 236
train 0.0034 32 135 319 231
train 0.0010 48 138 276 325
bird 0.0029 199 166 234 229
bird 0.0018 482 310 497 322
cat 0.0011 202 167 234 229
dog 0.0501 202 167 234 229
dog 0.0101 63 162 230 328
dog 0.0023 142 167 235 232
dog 0.0015 204 169 229 206
horse 0.0474 53 155 234 332
horse 0.0027 31 134 329 282
sheep 0.0015 39 155 247 330
sheep 0.0012 61 161 169 321
cow 0.0827 52 151 232 331
cow 0.0027 134 167 233 230
bottle 0.0032 284 204 299 223
chair 0.0137 445 233 490 270
chair 0.0048 0 154 14 206
chair 0.0039 172 213 211 236
chair 0.0035 61 161 169 321
chair 0.0034 0 174 11 208
chair 0.0033 162 169 237 239
chair 0.0029 232 223 278 242
chair 0.0026 135 166 236 302
chair 0.0016 173 209 237 238
chair 0.0015 172 220 199 236
chair 0.0012 228 208 286 238
pottedplant 0.0015 284 197 299 222
