person 0.9096 274 -1 499 370
person 0.8955 2 79 283 370
person 0.0465 458 179 499 302
person 0.0264 384 178 499 370
person 0.0093 52 93 488 369
person 0.0064 481 178 499 216
person 0.0027 63 278 206 372
person 0.0020 474 178 499 268
person 0.0017 457 72 500 322
person 0.0016 481 100 498 229
person 0.0011 0 159 68 371
person 0.0010 16 292 491 372
bottle 0.0079 77 358 115 374
bottle 0.0063 189 166 219 244
bottle 0.0022 191 213 219 241
bottle 0.0021 53 305 118 374
bottle 0.0014 224 355 247 373
chair 0.0839 196 136 322 329
chair 0.0443 0 131 494 371
chair 0.0231 370 328 464 373
chair 0.0124 0 271 67 372
chair 0.0107 0 294 41 373
chair 0.0062 457 178 499 273
chair 0.0016 374 194 498 371
chair 0.0014 0 167 74 375
chair 0.0013 481 178 499 218
chair 0.0010 0 144 229 370
chair 0.0010 459 211 499 304
sofa 0.8642 11 131 498 372
sofa 0.0558 199 136 321 330
sofa 0.0364 378 180 498 371
sofa 0.0122 370 328 465 373
sofa 0.0065 16 292 491 372
sofa 0.0064 272 168 499 371
sofa 0.0036 459 209 499 303
sofa 0.0025 232 310 480 371
sofa 0.0016 457 178 499 273
sofa 0.0013 371 290 494 369
pottedplant 0.0174 266 70 285 127
pottedplant 0.0038 267 67 340 131
pottedplant 0.0035 267 70 285 99
pottedplant 0.0015 25 0 293 190
pottedplant 0.0012 14 -10 185 318
