person 0.8893 232 30 319 257
person 0.8715 163 30 241 253
person 0.6360 352 129 374 161
person 0.4146 64 108 180 393
person 0.2247 350 129 374 187
person 0.0046 345 153 373 196
person 0.0026 364 103 374 136
person 0.0024 360 153 374 182
person 0.0021 361 130 374 149
person 0.0020 163 184 209 246
person 0.0015 164 180 247 252
bird 0.5825 65 94 181 405
cat 0.0010 64 96 180 396
dog 0.0107 64 106 180 394
horse 0.0211 64 106 180 396
horse 0.0010 339 146 373 196
cow 0.0013 65 107 180 394
chair 0.5778 337 144 373 195
chair 0.0083 356 152 374 169
chair 0.0073 360 153 374 182
chair 0.0053 336 144 354 163
chair 0.0051 338 145 370 164
chair 0.0042 366 158 374 193
chair 0.0025 352 131 374 167
chair 0.0013 164 183 209 249
chair 0.0010 330 144 346 159
sofa 0.0066 337 144 373 195
diningtable 0.0143 341 154 373 194
diningtable 0.0104 356 152 374 169
diningtable 0.0075 360 153 374 182
diningtable 0.0021 337 144 372 175
