person 0.0146 244 81 266 128
person 0.0049 429 239 499 333
person 0.0040 141 235 181 281
person 0.0032 429 56 448 104
person 0.0022 245 81 264 105
person 0.0014 0 136 7 186
person 0.0012 475 263 499 305
person 0.0010 51 171 293 277
bird 0.0105 297 108 317 125
bird 0.0026 297 109 310 120
bird 0.0013 321 92 336 114
bird 0.0010 242 81 268 130
cat 0.0809 141 236 180 279
cat 0.0406 244 81 266 128
cat 0.0035 297 108 316 124
cat 0.0027 391 81 421 107
cat 0.0024 429 56 448 102
cat 0.0023 159 271 180 289
cat 0.0020 245 81 264 105
cat 0.0015 124 189 186 280
cat 0.0013 297 109 310 120
cat 0.0011 322 91 336 114
cat 0.0011 295 89 340 143
dog 0.1077 244 82 266 127
dog 0.0084 391 81 420 107
dog 0.0031 245 81 264 105
dog 0.0027 141 238 174 275
dog 0.0010 402 90 432 108
horse 0.0112 244 81 266 128
horse 0.0013 391 82 419 108
bottle 0.0025 457 242 467 269
bottle 0.0012 444 70 463 107
bottle 0.0010 429 89 444 108
chair 0.3054 429 239 499 331
chair 0.0839 267 216 308 244
chair 0.0386 267 215 328 281
chair 0.0249 375 252 407 299
chair 0.0160 377 193 480 314
chair 0.0088 217 170 309 245
chair 0.0035 375 254 400 276
chair 0.0033 237 187 324 269
chair 0.0033 222 196 293 249
chair 0.0026 111 168 320 273
chair 0.0024 376 246 450 317
chair 0.0018 242 210 268 230
chair 0.0018 457 242 467 269
chair 0.0012 7 207 161 329
chair 0.0010 439 301 501 333
sofa 0.9246 7 171 319 331
sofa 0.0138 267 216 308 244
sofa 0.0098 111 168 320 273
sofa 0.0072 429 237 499 331
sofa 0.0021 267 215 328 288
sofa 0.0013 24 255 316 329
sofa 0.0011 473 239 500 311
pottedplant 0.1981 378 189 473 321
pottedplant 0.0576 385 233 451 319
pottedplant 0.0115 400 244 448 283
pottedplant 0.0090 384 190 428 271
pottedplant 0.0079 384 191 418 228
pottedplant 0.0050 385 191 473 248
pottedplant 0.0017 389 206 414 223
pottedplant 0.0016 404 254 434 281
pottedplant 0.0014 429 206 450 243
diningtable 0.0030 24 255 316 329
diningtable 0.0024 430 242 499 331
tvmonitor 0.0054 241 210 268 234
tvmonitor 0.0025 429 237 499 331
tvmonitor 0.0011 444 69 464 107
tvmonitor 0.0010 377 193 480 314
