person 0.9197 60 49 393 373
person 0.8725 282 52 471 318
person 0.8652 230 29 325 163
person 0.8204 0 59 70 159
person 0.6577 264 77 373 169
person 0.2655 0 55 77 313
person 0.1166 279 79 375 252
person 0.1020 187 113 425 371
person 0.0208 0 262 36 372
person 0.0181 0 332 36 374
person 0.0160 206 130 253 171
person 0.0133 210 96 259 168
person 0.0093 212 142 247 169
person 0.0071 0 166 77 354
person 0.0058 266 116 330 167
person 0.0053 0 138 41 158
person 0.0052 0 238 11 340
person 0.0040 0 107 118 271
person 0.0030 238 141 261 164
person 0.0022 310 90 335 150
person 0.0020 0 237 8 306
person 0.0018 237 67 250 93
person 0.0017 82 140 107 172
person 0.0016 313 75 349 96
person 0.0015 278 262 423 371
person 0.0015 240 75 251 92
person 0.0014 0 140 20 344
person 0.0011 137 50 251 172
person 0.0010 231 86 255 141
car 0.0013 95 100 185 147
bottle 0.5816 65 116 84 178
bottle 0.0466 73 105 84 124
bottle 0.0176 229 150 240 170
bottle 0.0152 222 143 244 171
bottle 0.0108 22 35 45 74
bottle 0.0106 212 154 221 170
bottle 0.0099 73 106 86 136
bottle 0.0064 241 161 253 182
bottle 0.0039 68 168 86 198
bottle 0.0039 232 142 250 167
bottle 0.0034 65 115 84 141
bottle 0.0033 236 155 246 171
bottle 0.0029 228 158 238 170
bottle 0.0026 324 146 338 165
bottle 0.0025 239 141 261 163
bottle 0.0023 205 137 248 171
bottle 0.0021 221 150 236 170
bottle 0.0018 75 138 106 172
bottle 0.0018 243 162 263 188
bottle 0.0013 8 152 67 171
bottle 0.0013 323 133 336 164
bottle 0.0012 179 0 189 25
bottle 0.0011 76 170 88 189
bottle 0.0011 26 167 49 186
bottle 0.0011 279 224 289 237
chair 0.8814 102 239 246 371
chair 0.8504 317 194 500 372
chair 0.2716 95 108 128 147
chair 0.1207 465 194 492 216
chair 0.0817 95 101 159 147
chair 0.0817 303 236 462 351
chair 0.0643 29 244 67 363
chair 0.0476 91 69 248 153
chair 0.0463 0 238 11 340
chair 0.0427 1 236 66 342
chair 0.0382 0 240 8 288
chair 0.0363 0 137 42 158
chair 0.0357 464 194 473 216
chair 0.0252 44 249 67 311
chair 0.0230 304 237 395 332
chair 0.0217 460 192 470 218
chair 0.0185 238 141 261 164
chair 0.0169 0 237 25 347
chair 0.0137 0 145 76 357
chair 0.0134 65 86 281 178
chair 0.0113 16 197 453 372
chair 0.0099 21 66 121 151
chair 0.0088 163 124 439 372
chair 0.0074 95 77 126 144
chair 0.0058 415 328 482 374
chair 0.0056 7 152 65 170
chair 0.0054 39 252 58 311
chair 0.0054 0 262 36 372
chair 0.0053 288 193 367 254
chair 0.0045 50 96 333 371
chair 0.0039 95 45 151 144
chair 0.0039 101 9 205 148
chair 0.0037 316 334 425 373
chair 0.0036 0 60 71 159
chair 0.0028 0 333 36 374
chair 0.0025 454 327 483 373
chair 0.0024 284 104 373 265
chair 0.0022 78 98 121 136
chair 0.0019 24 72 88 132
chair 0.0017 238 135 312 170
chair 0.0015 0 304 7 333
chair 0.0015 457 195 499 248
chair 0.0015 11 139 40 154
chair 0.0015 9 154 43 168
chair 0.0015 74 105 84 122
chair 0.0014 266 136 330 169
chair 0.0013 238 140 276 173
chair 0.0013 259 170 365 250
chair 0.0013 0 144 17 339
chair 0.0012 189 28 223 54
chair 0.0012 73 53 358 265
chair 0.0011 308 238 371 273
chair 0.0011 112 101 193 143
chair 0.0011 47 261 59 311
chair 0.0011 292 76 370 161
chair 0.0011 1 155 22 168
chair 0.0010 204 239 333 373
chair 0.0010 315 340 336 374
chair 0.0010 313 81 329 94
chair 0.0010 -1 97 283 222
chair 0.0010 317 131 327 144
sofa 0.0091 25 129 439 373
sofa 0.0022 306 238 387 324
sofa 0.0017 94 109 128 146
sofa 0.0012 288 192 369 255
sofa 0.0012 107 241 249 370
pottedplant 0.0084 95 0 150 152
pottedplant 0.0020 116 2 143 115
pottedplant 0.0014 117 0 171 112
pottedplant 0.0011 94 82 156 146
pottedplant 0.0010 101 9 205 148
diningtable 0.4426 20 68 121 138
diningtable 0.3200 0 161 88 349
diningtable 0.2128 211 147 379 244
diningtable 0.1836 0 154 108 241
diningtable 0.1453 184 107 423 366
diningtable 0.0772 0 92 90 279
diningtable 0.0677 227 164 330 219
diningtable 0.0647 6 153 316 266
diningtable 0.0612 0 145 330 366
diningtable 0.0129 89 56 252 164
diningtable 0.0091 30 66 115 111
diningtable 0.0074 2 235 67 340
diningtable 0.0065 57 44 391 377
diningtable 0.0036 158 68 379 246
diningtable 0.0032 242 170 279 187
diningtable 0.0030 0 136 42 159
diningtable 0.0030 466 194 493 215
diningtable 0.0023 33 66 106 90
diningtable 0.0020 7 151 68 171
diningtable 0.0018 -1 97 283 222
diningtable 0.0018 62 72 119 106
diningtable 0.0016 289 194 368 254
diningtable 0.0014 4 164 97 204
diningtable 0.0013 48 67 96 79
diningtable 0.0011 212 158 273 189
diningtable 0.0010 0 217 78 241
diningtable 0.0010 259 170 365 250
tvmonitor 0.0522 405 106 499 203
tvmonitor 0.0020 200 0 251 19
tvmonitor 0.0019 321 74 499 207
