person 0.8883 323 0 499 363
person 0.0030 65 164 461 367
person 0.0014 134 50 172 113
cat 0.0014 123 166 264 368
dog 0.9076 123 174 261 366
bottle 0.6802 89 0 119 106
bottle 0.6561 163 143 182 186
bottle 0.6247 108 14 131 76
bottle 0.6175 120 4 164 94
bottle 0.5736 134 50 172 112
bottle 0.3670 67 0 92 30
bottle 0.3570 91 1 114 56
bottle 0.2765 106 9 134 124
bottle 0.2157 153 143 167 184
bottle 0.1404 114 0 130 25
bottle 0.1372 88 60 115 109
bottle 0.1362 109 91 125 123
bottle 0.1114 122 103 141 152
bottle 0.0607 91 0 109 21
bottle 0.0493 127 1 163 53
bottle 0.0471 144 143 159 178
bottle 0.0452 107 0 121 21
bottle 0.0442 123 109 156 160
bottle 0.0378 68 0 99 94
bottle 0.0335 142 140 155 168
bottle 0.0328 100 78 113 114
bottle 0.0323 130 121 148 160
bottle 0.0286 122 106 138 136
bottle 0.0284 101 75 128 124
bottle 0.0254 139 125 154 165
bottle 0.0242 88 60 107 94
bottle 0.0148 103 85 120 118
bottle 0.0143 105 20 148 164
bottle 0.0124 79 12 104 98
bottle 0.0106 86 46 102 88
bottle 0.0104 142 7 172 106
bottle 0.0088 106 0 116 17
bottle 0.0082 144 10 167 51
bottle 0.0071 149 72 172 112
bottle 0.0059 132 115 158 173
bottle 0.0057 110 10 127 31
bottle 0.0052 116 18 131 47
bottle 0.0044 106 88 139 133
bottle 0.0030 120 39 134 87
bottle 0.0024 84 10 102 70
bottle 0.0023 116 0 130 14
bottle 0.0016 85 31 128 129
bottle 0.0015 78 8 96 44
bottle 0.0015 126 0 144 23
bottle 0.0014 103 1 119 29
bottle 0.0014 136 83 155 112
bottle 0.0013 127 0 153 31
bottle 0.0013 116 35 137 104
bottle 0.0012 126 15 137 42
bottle 0.0010 135 139 147 161
chair 0.0520 249 0 285 46
chair 0.0158 252 0 350 47
chair 0.0063 266 1 283 46
sofa 0.0019 338 0 501 351
