person 0.0677 0 264 72 331
person 0.0064 339 49 424 213
person 0.0057 199 173 277 257
person 0.0040 130 4 403 316
person 0.0027 248 34 422 215
person 0.0018 364 81 404 123
person 0.0012 3 264 214 331
person 0.0012 -2 225 358 361
person 0.0010 359 55 404 118
bicycle 0.0027 131 -2 434 324
car 0.0014 204 174 275 242
train 0.0024 131 0 438 328
bird 0.0023 364 81 404 123
bird 0.0014 199 173 277 257
bird 0.0011 260 86 305 157
cat 0.0470 143 12 413 310
cat 0.0032 215 26 411 220
cat 0.0013 1 265 72 330
cat 0.0010 199 173 277 257
dog 0.0171 147 10 402 313
dog 0.0015 213 26 412 232
sheep 0.0016 174 28 407 311
bottle 0.0190 462 161 495 221
bottle 0.0013 241 226 272 273
chair 0.0340 0 264 73 331
chair 0.0037 174 28 407 311
chair 0.0034 199 173 276 250
chair 0.0016 5 265 161 334
sofa 0.1141 0 265 72 330
sofa 0.0042 3 264 214 331
pottedplant 0.0053 346 207 400 250
pottedplant 0.0033 139 -1 435 327
tvmonitor 0.0230 139 -1 435 327
