person 0.0055 255 121 299 166
car 0.8430 28 -8 502 325
car 0.5107 1 0 66 69
car 0.4978 0 4 20 69
car 0.3116 0 4 19 29
car 0.0546 0 4 19 16
car 0.0032 62 -1 94 31
car 0.0013 433 180 499 322
car 0.0013 63 9 88 36
motorbike 0.0082 19 -9 501 323
bus 0.0035 19 -4 500 321
train 0.0018 19 201 364 325
train 0.0013 29 -3 501 309
boat 0.0049 26 -1 506 323
boat 0.0016 24 182 442 323
cat 0.0260 256 121 300 166
cat 0.0078 255 121 351 167
dog 0.5320 257 121 301 166
dog 0.3475 256 121 347 167
dog 0.0013 196 118 301 169
chair 0.0029 0 0 67 69
sofa 0.0021 25 -5 499 320
