person 0.8538 -3 4 481 310
person 0.0625 0 57 206 306
person 0.0404 282 94 493 308
person 0.0085 340 95 478 229
person 0.0036 130 143 260 263
person 0.0034 3 0 280 169
person 0.0028 1 59 166 143
person 0.0027 0 90 56 137
person 0.0018 72 15 372 244
person 0.0017 153 5 296 84
person 0.0016 158 4 379 122
person 0.0013 0 173 126 311
person 0.0013 32 0 252 95
person 0.0011 44 130 284 272
motorbike 0.0016 0 6 485 310
cat 0.0030 8 21 379 247
dog 0.0181 23 37 360 280
horse 0.0017 119 42 346 247
bottle 0.0045 3 91 42 134
bottle 0.0043 338 95 477 228
bottle 0.0029 350 108 400 160
chair 0.0169 10 22 483 313
chair 0.0092 67 238 262 311
chair 0.0048 2 82 244 310
chair 0.0019 1 160 147 310
chair 0.0010 48 207 453 313
sofa 0.0731 -6 20 493 311
sofa 0.0108 0 61 222 309
sofa 0.0053 1 160 147 310
sofa 0.0028 221 45 486 309
sofa 0.0020 3 39 265 189
sofa 0.0015 1 60 190 154
