person 0.8285 231 45 313 255
person 0.0721 51 219 62 236
person 0.0403 58 219 72 234
person 0.0368 471 147 499 176
person 0.0143 92 150 110 172
person 0.0135 191 165 199 174
person 0.0124 53 204 76 234
person 0.0114 486 80 499 101
person 0.0090 43 218 61 237
person 0.0088 396 187 420 212
person 0.0080 51 215 70 236
person 0.0079 389 186 419 238
person 0.0066 361 197 400 238
person 0.0044 399 199 421 238
person 0.0036 444 200 466 239
person 0.0027 71 109 441 375
person 0.0026 464 143 499 203
person 0.0025 388 194 406 238
person 0.0024 152 167 171 179
person 0.0020 364 218 379 238
person 0.0019 422 197 446 237
person 0.0016 360 217 368 236
person 0.0016 14 141 31 182
person 0.0015 3 169 39 209
person 0.0015 32 218 44 235
person 0.0013 395 195 449 238
person 0.0012 453 110 499 242
person 0.0011 60 202 73 213
person 0.0010 191 162 203 174
person 0.0010 360 208 388 238
car 0.1924 444 99 499 243
car 0.1211 80 140 172 205
car 0.0109 154 169 170 179
car 0.0105 69 140 174 267
car 0.0060 97 195 131 242
car 0.0059 129 164 165 182
car 0.0034 100 195 131 218
car 0.0026 393 162 451 238
car 0.0025 391 201 470 239
car 0.0016 464 143 499 203
car 0.0015 423 197 447 237
car 0.0015 359 217 369 238
car 0.0015 95 213 126 241
car 0.0015 21 136 191 306
car 0.0013 470 146 499 179
car 0.0012 147 167 171 180
car 0.0010 196 105 254 174
bus 0.0410 449 100 499 235
bus 0.0384 76 140 165 210
boat 0.0024 0 213 69 260
boat 0.0017 0 236 63 260
cat 0.0037 135 350 249 377
dog 0.0348 135 349 258 377
dog 0.0019 117 308 249 375
horse 0.9255 88 115 440 377
horse 0.0743 1 166 58 237
horse 0.0469 364 188 421 239
horse 0.0289 12 140 277 371
horse 0.0213 392 186 421 238
horse 0.0204 396 187 420 212
horse 0.0171 13 157 172 313
horse 0.0073 391 190 455 239
horse 0.0061 312 120 438 259
horse 0.0034 14 191 146 276
horse 0.0032 276 115 433 363
horse 0.0017 393 136 446 233
horse 0.0010 5 181 35 209
cow 0.0023 5 166 59 210
cow 0.0010 76 140 165 210
cow 0.0010 396 187 420 212
cow 0.0010 15 138 173 292
chair 0.0110 114 308 227 374
chair 0.0076 360 201 399 238
chair 0.0043 360 217 368 236
chair 0.0029 196 104 254 173
chair 0.0023 129 313 205 354
chair 0.0021 94 258 245 373
chair 0.0020 361 216 381 238
chair 0.0013 94 289 124 332
chair 0.0013 76 140 166 210
chair 0.0010 96 195 130 242
sofa 0.0063 76 140 165 210
diningtable 0.0029 359 203 398 238
tvmonitor 0.0014 76 140 165 210
tvmonitor 0.0011 287 105 321 151
