person 0.0034 0 0 77 73
person 0.0028 2 0 136 97
person 0.0027 70 2 135 56
person 0.0024 303 23 379 77
person 0.0019 410 0 470 53
person 0.0014 58 47 139 125
person 0.0013 304 46 352 76
person 0.0012 362 15 411 77
person 0.0011 404 0 432 42
person 0.0011 132 0 260 82
person 0.0010 354 5 390 73
bicycle 0.0011 206 1 451 145
car 0.0010 -2 2 75 72
boat 0.0053 283 0 372 14
boat 0.0026 281 0 380 29
boat 0.0018 301 13 396 79
boat 0.0012 325 29 365 48
boat 0.0012 28 -9 506 237
bird 0.0067 0 0 77 73
bird 0.0011 130 141 147 150
bird 0.0010 355 3 396 72
cat 0.0186 434 126 500 181
cat 0.0104 377 110 500 181
cat 0.0101 182 131 360 285
cat 0.0022 0 0 77 73
dog 0.9199 181 128 363 285
dog 0.0831 433 125 499 181
dog 0.0117 364 113 498 181
dog 0.0047 429 122 500 244
dog 0.0021 403 183 457 244
dog 0.0019 0 0 77 73
sheep 0.0017 0 3 73 72
bottle 0.5667 404 38 426 85
bottle 0.4357 383 49 411 98
bottle 0.4237 367 28 396 82
bottle 0.2336 304 45 353 77
bottle 0.0290 303 26 368 77
bottle 0.0257 389 25 409 58
bottle 0.0093 59 69 83 104
bottle 0.0067 355 18 385 69
bottle 0.0062 184 94 195 119
bottle 0.0049 369 23 388 67
bottle 0.0036 136 168 157 189
bottle 0.0027 179 95 208 137
bottle 0.0024 374 32 395 62
bottle 0.0022 325 145 369 199
bottle 0.0019 405 38 424 56
bottle 0.0016 362 15 411 77
bottle 0.0015 179 94 196 128
bottle 0.0014 346 43 363 80
bottle 0.0013 366 60 388 83
bottle 0.0012 349 31 369 75
bottle 0.0011 195 108 208 136
chair 0.0237 152 52 215 100
chair 0.0190 134 9 221 100
chair 0.0091 54 70 82 105
chair 0.0037 49 47 130 125
chair 0.0023 0 1 76 72
chair 0.0023 457 200 499 329
chair 0.0023 249 1 278 75
chair 0.0022 133 51 215 156
chair 0.0017 50 73 71 106
chair 0.0014 7 1 141 119
chair 0.0012 228 0 289 124
chair 0.0011 251 1 315 78
pottedplant 0.0059 179 95 207 135
pottedplant 0.0055 102 214 136 250
pottedplant 0.0028 325 145 369 200
pottedplant 0.0024 421 0 468 52
pottedplant 0.0022 453 193 499 322
pottedplant 0.0018 345 55 370 97
pottedplant 0.0016 387 102 412 120
pottedplant 0.0015 257 68 289 124
pottedplant 0.0013 147 93 208 159
pottedplant 0.0011 56 2 136 93
diningtable 0.0053 452 193 499 329
