person 0.0093 333 74 344 105
person 0.0031 365 56 387 82
person 0.0014 0 263 226 370
person 0.0014 107 55 148 87
person 0.0010 221 248 322 370
bicycle 0.0036 103 78 193 257
bicycle 0.0013 334 329 436 373
car 0.0217 73 60 98 68
car 0.0028 71 61 107 83
car 0.0022 289 106 307 114
car 0.0021 72 47 96 67
car 0.0014 50 64 109 90
car 0.0012 33 46 108 91
cat 0.0020 107 54 148 87
dog 0.0035 222 248 322 372
bottle 0.0291 132 43 139 53
bottle 0.0271 140 43 147 52
bottle 0.0157 138 44 145 54
bottle 0.0131 140 45 149 63
bottle 0.0112 132 44 141 60
bottle 0.0111 125 44 132 53
bottle 0.0075 159 47 169 65
bottle 0.0074 142 52 158 67
bottle 0.0060 102 48 114 64
bottle 0.0058 333 74 344 105
bottle 0.0046 155 40 166 58
bottle 0.0044 157 41 175 65
bottle 0.0044 107 54 148 87
bottle 0.0039 154 39 163 51
bottle 0.0034 227 49 241 64
bottle 0.0021 116 51 139 81
bottle 0.0016 102 39 114 58
bottle 0.0013 465 66 476 79
bottle 0.0010 150 52 160 66
chair 0.8870 179 69 335 263
chair 0.0993 117 80 193 256
chair 0.0287 0 198 13 247
chair 0.0151 301 128 359 200
chair 0.0107 85 207 161 264
chair 0.0064 0 201 25 239
chair 0.0052 177 49 211 64
chair 0.0047 302 133 377 258
chair 0.0041 0 263 226 370
chair 0.0031 106 55 148 87
chair 0.0028 1 199 39 251
chair 0.0025 0 222 8 249
chair 0.0021 201 56 222 64
chair 0.0019 143 63 246 161
chair 0.0016 108 85 153 126
chair 0.0014 1 227 71 263
chair 0.0013 24 199 78 233
chair 0.0012 143 53 158 67
chair 0.0012 189 32 209 49
chair 0.0012 271 111 348 200
chair 0.0012 102 53 153 127
chair 0.0010 309 72 346 114
chair 0.0010 145 63 247 110
sofa 0.1142 0 260 232 370
sofa 0.0013 178 50 229 64
sofa 0.0011 145 63 249 104
pottedplant 0.0372 106 54 149 88
pottedplant 0.0136 156 39 173 66
pottedplant 0.0025 159 47 169 65
pottedplant 0.0021 145 34 226 66
pottedplant 0.0018 116 51 139 81
pottedplant 0.0011 155 40 166 58
diningtable 0.0150 0 258 234 370
diningtable 0.0071 1 204 94 265
diningtable 0.0035 1 227 71 263
diningtable 0.0013 -2 174 218 298
tvmonitor 0.8466 344 28 432 120
tvmonitor 0.7679 433 119 499 239
tvmonitor 0.0405 388 99 430 154
tvmonitor 0.0257 31 102 143 177
tvmonitor 0.0058 449 230 499 370
tvmonitor 0.0036 110 256 177 288
tvmonitor 0.0026 469 137 499 235
tvmonitor 0.0024 389 11 411 27
tvmonitor 0.0019 334 73 345 103
tvmonitor 0.0018 407 228 495 367
tvmonitor 0.0016 456 -1 483 7
tvmonitor 0.0014 145 63 246 116
tvmonitor 0.0013 479 49 499 111
tvmonitor 0.0012 412 132 436 153
tvmonitor 0.0010 425 116 499 368
