person 0.8633 17 167 42 226
person 0.8627 54 161 74 224
person 0.8487 252 161 267 206
person 0.8227 368 170 382 202
person 0.7021 107 172 125 214
person 0.6568 129 165 141 195
person 0.4709 0 170 7 227
person 0.3242 108 172 122 195
person 0.0413 0 171 7 187
person 0.0412 112 172 122 188
person 0.0387 37 171 48 222
person 0.0165 421 187 432 200
person 0.0143 32 171 44 224
person 0.0107 234 183 246 200
person 0.0087 451 171 468 188
person 0.0070 420 185 431 195
person 0.0070 127 189 142 217
person 0.0062 227 166 253 200
person 0.0060 458 172 471 187
person 0.0058 466 172 479 187
person 0.0057 471 172 484 187
person 0.0054 16 181 28 201
person 0.0050 216 172 231 196
person 0.0043 112 167 121 176
person 0.0036 214 170 241 200
person 0.0032 477 173 492 187
person 0.0032 107 188 123 210
person 0.0030 247 177 256 199
person 0.0029 240 182 250 200
person 0.0029 238 166 255 199
person 0.0026 55 172 71 200
person 0.0025 107 188 133 217
person 0.0021 423 187 435 206
person 0.0018 256 162 266 174
person 0.0016 246 174 274 205
person 0.0015 96 190 151 220
person 0.0014 29 169 44 190
person 0.0011 372 167 382 176
person 0.0010 129 186 142 201
person 0.0010 126 168 138 191
bicycle 0.4611 95 190 151 221
bicycle 0.0389 127 189 142 217
bicycle 0.0208 123 190 149 221
bicycle 0.0085 214 171 249 201
bicycle 0.0052 129 186 142 201
bicycle 0.0052 129 166 140 195
bicycle 0.0037 215 173 233 198
bicycle 0.0030 229 182 247 200
bicycle 0.0027 106 191 137 217
bicycle 0.0016 96 202 139 221
bicycle 0.0012 240 182 250 200
bicycle 0.0011 126 184 137 198
car 0.9234 423 159 498 258
car 0.4395 39 175 58 190
car 0.0382 420 185 431 194
car 0.0286 340 167 353 173
car 0.0249 421 187 432 200
car 0.0167 484 148 499 159
car 0.0153 47 171 69 185
car 0.0130 28 172 58 198
car 0.0130 377 167 405 173
car 0.0125 378 166 391 173
car 0.0101 293 165 324 175
car 0.0078 391 166 409 173
car 0.0073 306 165 325 173
car 0.0061 466 151 487 160
car 0.0060 423 166 436 173
car 0.0058 28 174 42 196
car 0.0056 16 181 28 201
car 0.0055 400 167 417 173
car 0.0049 52 169 65 191
car 0.0048 409 167 421 173
car 0.0042 72 163 90 173
car 0.0034 38 175 58 206
car 0.0025 3 176 16 186
car 0.0023 472 152 497 163
car 0.0022 295 167 316 175
car 0.0021 96 192 149 220
car 0.0020 365 170 378 192
car 0.0020 349 167 374 175
car 0.0019 361 167 376 175
car 0.0018 3 175 28 187
car 0.0018 369 169 384 201
car 0.0017 275 166 318 176
car 0.0016 4 170 51 198
car 0.0016 372 167 382 176
car 0.0011 423 187 435 206
car 0.0011 367 167 378 175
car 0.0011 470 157 498 166
car 0.0010 109 173 120 189
car 0.0010 433 165 442 173
motorbike 0.0375 96 190 150 220
motorbike 0.0081 215 171 248 201
motorbike 0.0019 229 182 247 200
motorbike 0.0014 126 190 149 220
motorbike 0.0013 130 166 140 192
motorbike 0.0010 107 188 133 217
aeroplane 0.7749 141 111 326 192
aeroplane 0.0180 271 164 324 176
aeroplane 0.0114 63 155 118 174
aeroplane 0.0110 224 162 326 178
aeroplane 0.0072 293 166 321 175
aeroplane 0.0051 145 154 227 173
aeroplane 0.0048 189 139 327 185
aeroplane 0.0021 377 167 405 173
aeroplane 0.0014 152 161 193 173
aeroplane 0.0012 378 166 391 173
aeroplane 0.0011 140 126 248 172
aeroplane 0.0010 251 162 305 182
aeroplane 0.0010 14 109 383 196
bus 0.0093 63 155 118 174
bus 0.0046 275 166 318 176
bus 0.0043 295 166 322 175
bus 0.0019 484 150 499 159
bus 0.0010 340 167 353 173
train 0.0038 62 155 117 174
boat 0.0038 63 153 118 172
boat 0.0016 378 167 409 174
bird 0.0014 420 185 431 194
dog 0.0037 420 185 431 194
sheep 0.0020 420 185 431 193
cow 0.0058 420 185 431 194
chair 0.0016 97 190 150 221
diningtable 0.0015 96 189 155 220
