person 0.8920 385 176 420 255
person 0.1918 418 187 437 216
person 0.0697 322 192 341 201
person 0.0259 425 193 437 214
person 0.0064 464 201 473 211
person 0.0024 381 160 387 168
person 0.0018 65 222 75 251
person 0.0015 431 198 440 213
bicycle 0.0114 0 191 10 238
bicycle 0.0051 1 191 17 226
bicycle 0.0011 418 188 437 216
car 0.0421 40 121 60 137
car 0.0229 322 191 342 202
car 0.0046 65 222 73 241
car 0.0040 45 217 74 252
car 0.0039 410 142 421 150
car 0.0020 394 137 420 150
car 0.0019 0 190 11 243
car 0.0017 381 132 420 152
car 0.0015 394 142 419 155
car 0.0014 303 190 370 209
car 0.0010 19 212 77 262
car 0.0010 280 151 372 205
car 0.0010 386 146 406 156
bus 0.0033 40 119 60 136
boat 0.0031 307 192 355 211
boat 0.0020 322 191 342 202
dog 0.0012 322 192 341 201
sheep 0.0015 322 191 342 202
cow 0.0017 321 191 342 202
chair 0.0222 0 191 11 243
chair 0.0115 321 191 342 202
chair 0.0104 295 188 346 203
chair 0.0067 0 188 14 292
chair 0.0039 40 119 60 136
chair 0.0027 290 184 304 200
chair 0.0023 280 151 372 204
chair 0.0020 316 188 369 208
chair 0.0014 39 253 70 295
chair 0.0010 418 188 437 216
chair 0.0010 35 240 57 264
pottedplant 0.8867 105 258 239 366
pottedplant 0.1910 0 235 68 306
pottedplant 0.1743 0 89 34 119
pottedplant 0.0311 0 88 31 105
pottedplant 0.0191 116 263 161 304
pottedplant 0.0163 157 258 189 299
pottedplant 0.0106 43 248 74 293
pottedplant 0.0088 104 263 156 325
pottedplant 0.0077 0 147 70 265
pottedplant 0.0069 37 138 110 194
pottedplant 0.0058 0 190 16 242
pottedplant 0.0057 116 258 189 300
pottedplant 0.0055 51 260 75 290
pottedplant 0.0053 163 261 209 289
pottedplant 0.0047 37 137 112 263
pottedplant 0.0043 180 267 207 283
pottedplant 0.0039 161 257 182 275
pottedplant 0.0034 32 252 66 303
pottedplant 0.0034 120 264 158 285
pottedplant 0.0025 137 268 158 283
pottedplant 0.0021 0 88 10 104
pottedplant 0.0021 119 264 134 285
pottedplant 0.0018 157 261 170 274
pottedplant 0.0016 418 188 437 216
pottedplant 0.0015 1 228 85 393
pottedplant 0.0015 0 84 9 97
pottedplant 0.0015 0 87 43 140
pottedplant 0.0015 129 306 226 365
pottedplant 0.0015 1 194 19 223
pottedplant 0.0015 65 222 74 242
pottedplant 0.0014 23 214 78 286
pottedplant 0.0014 29 88 44 112
pottedplant 0.0013 439 197 497 255
pottedplant 0.0011 59 259 76 279
pottedplant 0.0011 51 220 73 260
diningtable 0.0013 295 188 346 203
