person 0.9230 172 40 497 373
person 0.2087 0 176 77 369
person 0.0020 -1 176 196 375
cat 0.0027 0 170 76 365
bottle 0.0222 318 218 424 364
bottle 0.0160 296 97 343 179
bottle 0.0057 288 134 433 373
bottle 0.0019 296 91 366 246
bottle 0.0012 347 359 434 374
chair 0.0288 0 170 78 368
chair 0.0105 466 212 499 345
chair 0.0074 175 211 496 371
chair 0.0049 443 3 499 230
chair 0.0033 0 4 84 250
chair 0.0028 5 176 80 255
chair 0.0012 434 205 499 350
chair 0.0010 468 213 499 282
sofa 0.1119 0 177 78 372
sofa 0.0123 3 176 80 252
sofa 0.0074 175 211 496 371
sofa 0.0068 -4 185 224 370
sofa 0.0032 27 154 506 369
sofa 0.0028 152 271 233 333
diningtable 0.0012 145 278 493 371
tvmonitor 0.0014 445 50 499 219
