person 0.8444 245 288 263 328
person 0.8123 203 291 214 327
person 0.6646 0 302 16 374
person 0.0392 243 291 255 327
person 0.0335 243 302 250 328
person 0.0078 0 302 13 328
person 0.0032 0 248 16 368
person 0.0019 279 292 290 306
person 0.0012 196 297 206 326
person 0.0012 263 296 273 321
car 0.0158 324 273 341 280
car 0.0100 299 289 333 304
car 0.0033 323 274 349 298
car 0.0033 300 290 321 301
car 0.0026 301 290 312 300
car 0.0023 0 303 15 372
car 0.0022 0 302 13 328
car 0.0013 315 290 333 303
train 0.0031 183 207 245 250
train 0.0023 181 205 248 330
dog 0.0013 243 307 250 329
