person 0.0443 26 299 37 311
person 0.0036 392 301 401 310
person 0.0011 471 281 482 295
aeroplane 0.7095 138 110 190 138
aeroplane 0.6863 171 96 217 125
aeroplane 0.6001 146 79 200 106
aeroplane 0.5851 123 85 196 123
aeroplane 0.1195 258 276 385 305
aeroplane 0.0958 122 92 170 111
aeroplane 0.0546 122 96 193 138
aeroplane 0.0378 267 276 303 288
aeroplane 0.0257 39 280 142 305
aeroplane 0.0229 158 116 189 138
aeroplane 0.0221 54 272 232 300
aeroplane 0.0154 189 98 217 110
aeroplane 0.0129 136 103 188 124
aeroplane 0.0123 58 266 87 280
aeroplane 0.0069 68 278 135 290
aeroplane 0.0067 318 277 383 305
aeroplane 0.0067 253 286 317 306
aeroplane 0.0062 165 274 234 304
aeroplane 0.0048 64 269 219 287
aeroplane 0.0042 285 277 352 292
aeroplane 0.0042 74 264 87 277
aeroplane 0.0041 103 276 184 285
aeroplane 0.0039 1 277 52 289
aeroplane 0.0039 162 87 205 106
aeroplane 0.0035 0 267 54 297
aeroplane 0.0034 0 282 26 302
aeroplane 0.0028 291 274 304 282
aeroplane 0.0027 0 279 52 301
aeroplane 0.0027 202 100 217 112
aeroplane 0.0026 291 277 323 287
aeroplane 0.0023 173 117 189 136
aeroplane 0.0021 35 279 244 309
aeroplane 0.0020 124 95 163 106
aeroplane 0.0019 284 271 354 285
aeroplane 0.0016 392 254 498 308
aeroplane 0.0015 178 95 209 107
aeroplane 0.0014 339 278 372 289
aeroplane 0.0013 292 283 335 296
aeroplane 0.0012 63 253 85 277
aeroplane 0.0012 188 86 199 98
aeroplane 0.0011 95 279 128 288
aeroplane 0.0011 179 81 197 97
aeroplane 0.0010 179 108 215 124
bus 0.0012 268 277 303 288
bus 0.0010 287 278 343 291
train 0.0013 258 276 385 305
train 0.0010 268 277 303 288
boat 0.7390 165 274 235 304
boat 0.6627 393 285 491 310
boat 0.6477 253 287 318 306
boat 0.5640 34 282 141 306
boat 0.4455 0 283 26 302
boat 0.3939 314 277 383 305
boat 0.2914 252 276 385 306
boat 0.1550 398 252 498 307
boat 0.1416 26 299 37 311
boat 0.1110 1 279 53 295
boat 0.0841 320 290 386 306
boat 0.0675 63 281 136 293
boat 0.0458 0 282 24 293
boat 0.0437 484 293 499 307
boat 0.0424 41 274 239 310
boat 0.0331 27 295 39 308
boat 0.0327 0 266 56 293
boat 0.0310 65 284 111 292
boat 0.0238 412 282 474 294
boat 0.0198 391 301 401 309
boat 0.0197 58 266 87 280
boat 0.0197 68 278 132 289
boat 0.0157 295 284 331 302
boat 0.0155 48 276 74 285
boat 0.0143 74 264 87 277
boat 0.0140 414 279 472 289
boat 0.0135 10 281 58 291
boat 0.0133 389 293 403 303
boat 0.0129 289 281 333 296
boat 0.0120 26 290 45 299
boat 0.0118 381 290 405 298
boat 0.0115 379 295 400 308
boat 0.0104 179 273 225 295
boat 0.0101 34 290 53 302
boat 0.0099 320 292 356 304
boat 0.0097 71 256 86 275
boat 0.0094 425 253 500 284
boat 0.0092 103 276 184 285
boat 0.0089 63 253 85 277
boat 0.0081 44 283 57 291
boat 0.0077 41 248 140 304
boat 0.0072 347 295 380 306
boat 0.0071 22 279 56 287
boat 0.0069 193 275 222 291
boat 0.0067 74 247 89 278
boat 0.0063 54 291 146 304
boat 0.0061 45 278 75 290
boat 0.0058 268 277 303 288
boat 0.0058 35 290 109 304
boat 0.0054 95 279 128 288
boat 0.0053 63 277 97 290
boat 0.0053 94 282 139 291
boat 0.0052 52 277 90 286
boat 0.0051 382 285 411 296
boat 0.0051 209 295 236 304
boat 0.0050 306 295 320 304
boat 0.0050 317 294 342 304
boat 0.0050 45 251 90 287
boat 0.0047 132 291 208 305
boat 0.0047 1 274 17 289
boat 0.0047 454 290 498 308
boat 0.0045 188 294 235 304
boat 0.0045 219 282 261 293
boat 0.0044 195 272 217 286
boat 0.0044 341 280 383 294
boat 0.0042 299 289 323 303
boat 0.0042 32 269 55 282
boat 0.0040 29 293 45 302
boat 0.0040 313 287 344 303
boat 0.0039 380 285 393 293
boat 0.0039 185 277 217 288
boat 0.0039 380 278 413 293
boat 0.0038 285 277 352 292
boat 0.0036 380 284 402 294
boat 0.0032 50 274 75 282
boat 0.0031 10 271 54 286
boat 0.0028 29 287 57 299
boat 0.0028 47 264 82 285
boat 0.0028 400 281 448 294
boat 0.0028 255 288 291 299
boat 0.0025 136 292 175 301
boat 0.0025 176 288 231 304
boat 0.0024 396 283 418 294
boat 0.0024 370 298 380 306
boat 0.0024 370 287 384 297
boat 0.0022 64 269 219 287
boat 0.0021 391 294 445 307
boat 0.0021 371 283 385 293
boat 0.0021 483 275 499 307
boat 0.0020 417 272 451 282
boat 0.0020 443 294 489 308
boat 0.0019 183 282 203 292
boat 0.0019 340 276 375 290
boat 0.0018 394 298 418 309
boat 0.0018 390 280 416 291
boat 0.0017 255 285 289 294
boat 0.0016 481 288 495 300
boat 0.0016 348 289 383 301
boat 0.0015 168 286 204 298
boat 0.0014 252 289 276 296
bird 0.0014 26 299 37 311
chair 0.0013 26 299 37 311
