person 0.0677 46 225 188 372
person 0.0628 145 158 168 180
person 0.0097 46 338 115 374
person 0.0051 145 140 176 181
person 0.0021 46 331 165 373
person 0.0011 168 132 179 148
car 0.0094 145 158 168 179
boat 0.0012 145 158 168 180
bird 0.1591 145 158 169 179
cat 0.0469 144 157 168 179
cat 0.0023 46 224 190 373
dog 0.0830 47 225 189 373
dog 0.0376 145 157 169 179
horse 0.0048 145 158 168 180
sheep 0.0422 145 158 169 179
sheep 0.0025 49 221 192 374
cow 0.0026 144 158 169 178
cow 0.0011 46 224 188 371
bottle 0.0118 145 158 168 180
bottle 0.0038 83 354 111 374
