person 0.9175 211 125 423 371
person 0.9138 79 69 323 372
person 0.9045 365 6 499 369
person 0.0194 79 166 90 183
person 0.0086 280 182 325 273
person 0.0079 74 168 83 183
person 0.0060 85 166 96 184
person 0.0029 209 -3 494 377
person 0.0022 316 127 418 258
person 0.0018 0 194 55 234
person 0.0012 256 89 321 239
person 0.0010 400 202 440 258
person 0.0010 73 164 88 183
bottle 0.0108 58 220 83 246
bottle 0.0086 56 234 85 274
bottle 0.0044 130 9 145 58
bottle 0.0039 79 166 89 181
bottle 0.0031 93 136 102 160
bottle 0.0029 9 41 33 66
bottle 0.0028 92 138 107 166
bottle 0.0028 16 224 42 240
bottle 0.0025 113 0 126 61
bottle 0.0024 84 251 97 265
bottle 0.0022 164 19 179 57
bottle 0.0016 46 210 70 241
bottle 0.0015 279 182 326 275
bottle 0.0015 85 267 95 279
bottle 0.0015 83 251 98 279
bottle 0.0014 50 211 87 277
bottle 0.0013 31 210 46 230
bottle 0.0012 85 19 97 61
bottle 0.0011 280 230 321 268
bottle 0.0010 12 230 48 253
chair 0.3559 0 194 55 239
chair 0.0078 0 195 25 237
chair 0.0027 0 88 49 183
chair 0.0027 20 197 53 231
chair 0.0026 31 212 45 230
chair 0.0021 3 190 113 242
chair 0.0020 49 203 108 244
chair 0.0019 400 202 440 258
chair 0.0018 9 41 33 66
chair 0.0015 46 210 60 240
chair 0.0014 0 198 52 274
chair 0.0013 0 326 52 373
sofa 0.0628 0 192 61 240
sofa 0.0289 2 199 111 248
sofa 0.0030 0 198 52 274
pottedplant 0.1781 28 0 84 64
pottedplant 0.0430 132 0 165 59
pottedplant 0.0039 164 19 179 57
pottedplant 0.0037 128 3 148 58
pottedplant 0.0019 97 84 174 192
pottedplant 0.0014 55 238 85 274
pottedplant 0.0014 51 209 87 273
pottedplant 0.0014 0 84 51 185
pottedplant 0.0014 10 227 52 264
pottedplant 0.0012 114 1 127 59
pottedplant 0.0012 31 28 78 65
pottedplant 0.0010 32 0 85 28
diningtable 0.0045 0 214 113 351
diningtable 0.0010 1 197 112 285
tvmonitor 0.0010 97 85 173 192
