person 0.4051 309 132 325 147
person 0.0513 255 0 285 21
person 0.0485 148 0 178 14
person 0.0388 183 0 214 16
person 0.0333 220 0 251 18
person 0.0317 317 133 328 146
person 0.0259 337 137 347 148
person 0.0146 304 132 330 154
person 0.0110 328 136 342 147
person 0.0065 294 137 304 148
person 0.0065 16 95 41 115
person 0.0060 401 0 443 29
person 0.0048 294 133 309 148
person 0.0039 18 68 47 116
person 0.0034 1 87 25 115
person 0.0030 324 130 337 144
person 0.0029 322 96 363 123
person 0.0027 285 131 302 147
person 0.0018 304 125 331 143
person 0.0014 140 1 169 11
person 0.0013 50 73 85 117
person 0.0013 151 0 214 16
car 0.7726 175 116 446 203
car 0.0023 274 116 343 125
car 0.0019 262 117 346 130
car 0.0017 148 0 177 14
car 0.0010 322 109 363 124
bus 0.0121 158 119 453 204
bottle 0.0318 254 0 286 21
bottle 0.0253 220 0 250 18
bottle 0.0064 184 0 214 16
bottle 0.0048 148 0 178 14
chair 0.0010 183 1 214 16
pottedplant 0.0041 255 0 285 21
pottedplant 0.0027 148 0 177 14
pottedplant 0.0012 52 97 83 116
