person 0.8263 352 55 416 176
person 0.6081 42 76 54 96
person 0.3873 80 76 98 96
person 0.1514 96 77 113 96
person 0.0587 82 76 111 97
person 0.0111 102 80 112 97
person 0.0043 224 34 231 43
person 0.0032 353 65 388 172
person 0.0019 79 69 93 79
person 0.0013 95 72 111 89
person 0.0012 225 35 238 44
person 0.0011 77 68 110 83
person 0.0011 399 111 412 145
person 0.0011 393 87 412 149
bicycle 0.0026 80 77 100 97
bicycle 0.0018 92 78 113 97
car 0.0032 411 129 421 155
car 0.0023 79 69 92 78
car 0.0020 411 124 438 153
car 0.0019 225 35 238 44
car 0.0015 409 126 421 140
car 0.0012 230 36 241 44
car 0.0011 79 68 111 82
car 0.0010 4 48 20 57
aeroplane 0.0010 2 43 39 57
boat 0.0094 2 43 39 57
boat 0.0044 18 44 38 54
boat 0.0015 79 68 111 82
boat 0.0014 73 4 191 45
boat 0.0014 49 2 66 89
boat 0.0014 4 48 25 58
bird 0.0263 42 76 54 96
bird 0.0049 80 74 93 93
dog 0.0108 42 76 54 96
dog 0.0043 79 76 96 96
dog 0.0041 96 77 113 96
dog 0.0012 342 92 420 234
horse 0.9200 342 80 420 236
horse 0.2011 80 77 100 97
horse 0.1616 96 77 113 96
horse 0.0191 42 76 54 96
horse 0.0055 74 67 113 96
horse 0.0044 430 127 485 154
horse 0.0028 79 70 94 81
horse 0.0020 411 124 439 151
horse 0.0020 102 80 112 97
sheep 0.0104 42 76 54 96
sheep 0.0012 93 78 112 96
cow 0.0056 42 76 54 96
cow 0.0028 93 78 112 96
cow 0.0010 79 76 96 96
chair 0.0028 79 70 94 81
chair 0.0026 454 153 498 178
chair 0.0024 79 76 96 96
chair 0.0017 453 149 477 177
diningtable 0.0013 403 74 501 87
