person 0.6869 62 75 302 473
person 0.2196 127 76 237 269
person 0.1450 360 340 374 360
person 0.0254 357 337 374 400
person 0.0170 344 346 373 420
person 0.0093 343 337 374 375
person 0.0074 322 340 375 476
person 0.0038 347 351 374 481
person 0.0015 352 369 374 415
person 0.0014 329 342 373 390
bicycle 0.0052 37 226 125 374
bicycle 0.0036 317 348 374 483
car 0.0030 39 259 104 371
car 0.0021 51 313 88 353
motorbike 0.0011 345 349 374 479
chair 0.8648 0 138 24 240
chair 0.0670 340 350 374 383
chair 0.0449 37 221 125 374
chair 0.0277 0 136 23 192
chair 0.0186 64 222 126 265
chair 0.0131 315 349 374 477
chair 0.0098 344 348 373 429
chair 0.0075 51 313 87 352
chair 0.0073 350 351 374 482
chair 0.0072 361 340 374 360
chair 0.0040 351 368 374 416
chair 0.0036 37 261 73 368
chair 0.0028 49 234 303 464
chair 0.0027 353 379 374 449
chair 0.0023 43 296 92 372
chair 0.0014 53 336 75 358
chair 0.0012 53 327 81 350
chair 0.0012 0 200 21 240
chair 0.0011 343 337 374 375
chair 0.0011 0 123 49 344
chair 0.0010 0 137 17 165
sofa 0.0020 41 258 110 366
sofa 0.0017 0 141 23 238
pottedplant 0.0511 39 258 110 368
pottedplant 0.0095 37 261 75 367
pottedplant 0.0089 58 270 98 311
pottedplant 0.0052 0 285 40 351
pottedplant 0.0048 70 277 95 308
pottedplant 0.0023 35 262 68 309
pottedplant 0.0016 0 238 66 358
pottedplant 0.0016 55 290 89 312
diningtable 0.0358 341 350 374 383
diningtable 0.0132 0 239 59 293
diningtable 0.0059 0 240 55 262
diningtable 0.0058 345 357 373 417
diningtable 0.0057 49 234 303 464
diningtable 0.0040 345 349 374 479
diningtable 0.0032 64 222 126 265
diningtable 0.0030 317 348 374 464
diningtable 0.0025 0 141 23 238
diningtable 0.0015 49 308 89 339
diningtable 0.0012 0 169 59 308
diningtable 0.0011 39 223 124 338
diningtable 0.0010 0 238 66 358
tvmonitor 0.0014 0 2 44 145
