person 0.8415 464 135 485 186
person 0.2795 394 64 404 80
person 0.1687 354 129 363 140
person 0.1495 422 70 432 82
person 0.1472 72 126 88 140
person 0.1278 354 126 369 140
person 0.0944 357 56 372 74
person 0.0806 340 129 348 140
person 0.0644 100 129 113 139
person 0.0628 349 129 359 140
person 0.0567 408 69 418 81
person 0.0456 298 125 309 139
person 0.0396 435 72 444 84
person 0.0385 83 128 93 139
person 0.0354 440 147 448 161
person 0.0354 428 71 439 84
person 0.0343 477 138 486 160
person 0.0311 69 123 79 139
person 0.0291 409 132 417 141
person 0.0278 186 78 194 87
person 0.0235 423 129 431 140
person 0.0211 96 130 107 140
person 0.0210 97 121 109 139
person 0.0205 323 65 337 74
person 0.0202 395 127 404 140
person 0.0167 305 64 319 75
person 0.0155 245 79 255 89
person 0.0152 335 129 344 140
person 0.0136 457 138 473 159
person 0.0126 462 139 475 163
person 0.0124 471 138 485 161
person 0.0112 340 65 351 73
person 0.0111 414 132 422 141
person 0.0105 431 67 442 81
person 0.0101 353 55 363 72
person 0.0101 348 62 356 74
person 0.0097 375 68 386 76
person 0.0092 355 117 372 140
person 0.0087 259 132 271 142
person 0.0070 105 71 114 82
person 0.0063 474 132 487 156
person 0.0062 331 128 341 140
person 0.0060 318 64 332 75
person 0.0056 267 81 275 91
person 0.0053 420 129 427 140
person 0.0052 68 72 77 81
person 0.0050 410 73 418 82
person 0.0049 260 81 268 91
person 0.0048 216 76 228 88
person 0.0040 325 126 333 139
person 0.0038 410 126 423 139
person 0.0037 440 155 450 175
person 0.0035 63 128 76 142
person 0.0034 380 130 390 140
person 0.0033 398 126 412 138
person 0.0032 124 72 132 83
person 0.0030 314 64 328 76
person 0.0030 317 125 326 140
person 0.0029 88 70 98 82
person 0.0028 424 126 434 139
person 0.0028 91 73 99 81
person 0.0026 56 131 63 141
person 0.0024 160 74 170 87
person 0.0023 192 123 201 137
person 0.0022 342 60 353 73
person 0.0021 346 123 376 148
person 0.0021 338 127 346 139
person 0.0019 240 78 252 89
person 0.0019 76 159 88 182
person 0.0018 59 131 67 142
person 0.0018 227 77 237 87
person 0.0017 197 122 207 137
person 0.0016 93 60 120 86
person 0.0015 306 123 326 141
person 0.0015 153 76 161 87
person 0.0015 301 68 314 76
person 0.0015 49 131 57 140
person 0.0015 209 121 218 136
person 0.0014 374 129 383 140
person 0.0014 161 118 173 137
person 0.0014 308 58 324 73
person 0.0014 187 122 199 137
person 0.0013 366 126 380 140
person 0.0013 204 121 216 137
person 0.0011 184 72 197 87
person 0.0011 461 132 480 153
person 0.0010 316 41 329 51
person 0.0010 442 138 468 160
person 0.0010 440 166 451 180
person 0.0010 81 74 92 82
person 0.0010 76 70 87 82
person 0.0010 405 58 431 83
bicycle 0.0048 439 166 467 186
bicycle 0.0023 440 166 451 180
bicycle 0.0022 437 167 456 184
bicycle 0.0011 463 144 474 163
car 0.0313 442 137 470 160
car 0.0099 457 138 473 159
car 0.0088 462 139 475 163
car 0.0085 441 158 451 177
car 0.0071 440 120 481 161
car 0.0058 440 166 451 178
car 0.0035 441 146 448 161
car 0.0034 72 129 85 139
car 0.0021 467 138 484 161
car 0.0011 477 138 486 160
bus 0.9640 278 34 450 204
bus 0.9388 41 51 163 190
bus 0.9369 150 56 288 195
bus 0.9049 446 77 499 164
bus 0.2319 441 121 483 160
bus 0.0205 481 111 499 161
bus 0.0114 440 119 454 156
bus 0.0081 440 82 466 160
bus 0.0069 440 118 451 140
bus 0.0024 441 132 471 161
bus 0.0020 286 38 451 118
bus 0.0019 452 122 481 142
train 0.0014 441 121 482 159
train 0.0012 441 79 499 163
boat 0.0011 441 121 483 160
dog 0.0049 439 166 468 187
dog 0.0012 457 172 470 187
chair 0.0424 440 167 461 186
chair 0.0184 440 166 451 178
chair 0.0056 72 126 88 139
chair 0.0034 441 158 451 177
chair 0.0018 457 172 470 187
chair 0.0013 445 169 469 187
chair 0.0012 454 162 470 184
