person 0.9225 118 66 216 311
person 0.4239 214 88 230 119
person 0.1529 358 150 404 187
person 0.0877 208 99 220 118
person 0.0671 282 149 320 180
person 0.0620 218 166 240 186
person 0.0498 9 70 23 102
person 0.0260 231 88 242 117
person 0.0227 209 165 240 200
person 0.0190 256 103 269 118
person 0.0134 340 154 368 181
person 0.0095 19 70 32 84
person 0.0072 383 153 404 181
person 0.0067 314 152 344 180
person 0.0066 156 60 166 71
person 0.0057 269 105 288 119
person 0.0049 285 97 293 112
person 0.0045 323 151 361 182
person 0.0045 227 87 236 116
person 0.0042 17 70 37 104
person 0.0038 304 104 322 120
person 0.0034 5 62 30 97
person 0.0033 255 131 272 144
person 0.0026 195 167 215 207
person 0.0025 178 58 189 106
person 0.0021 173 44 187 71
person 0.0018 254 101 265 117
person 0.0018 357 168 399 187
person 0.0018 195 165 240 219
person 0.0018 123 100 134 115
person 0.0017 283 85 302 111
person 0.0013 178 46 188 66
person 0.0013 270 149 295 179
person 0.0012 180 158 221 291
person 0.0012 126 86 134 103
person 0.0011 175 55 188 80
person 0.0010 392 73 401 113
person 0.0010 130 56 186 107
person 0.0010 492 148 499 188
person 0.0010 242 86 252 119
person 0.0010 152 61 167 95
bicycle 0.0063 269 105 288 119
bicycle 0.0016 208 99 221 117
car 0.9536 184 130 464 330
car 0.6063 -1 95 136 284
car 0.2551 54 117 133 170
car 0.1002 31 100 61 118
car 0.0580 84 116 133 127
car 0.0543 46 133 284 256
car 0.0404 59 120 138 274
car 0.0389 96 100 124 115
car 0.0222 459 156 499 184
car 0.0219 209 165 240 200
car 0.0167 124 69 157 85
car 0.0131 54 114 132 126
car 0.0131 304 104 322 120
car 0.0131 89 110 133 123
car 0.0104 82 115 132 141
car 0.0076 0 60 30 103
car 0.0076 127 61 188 102
car 0.0075 217 166 240 185
car 0.0070 91 106 130 119
car 0.0058 82 100 117 117
car 0.0042 255 127 368 140
car 0.0040 278 81 304 112
car 0.0037 0 178 93 268
car 0.0031 483 148 498 189
car 0.0026 58 100 129 118
car 0.0026 194 165 223 214
car 0.0020 269 105 288 119
car 0.0020 256 103 269 118
car 0.0020 245 128 370 153
car 0.0020 487 89 499 102
car 0.0019 137 69 160 93
car 0.0018 210 144 270 187
car 0.0017 274 72 303 91
car 0.0016 492 143 499 181
car 0.0015 2 63 45 112
car 0.0015 275 58 310 115
car 0.0014 127 71 146 84
car 0.0013 229 131 450 189
car 0.0013 486 149 499 171
car 0.0013 48 101 73 118
car 0.0012 46 117 98 127
car 0.0012 160 163 241 197
car 0.0011 111 101 132 115
car 0.0011 125 69 157 111
car 0.0011 302 110 317 121
car 0.0010 24 67 414 270
car 0.0010 210 51 311 120
car 0.0010 286 97 302 113
bus 0.0053 0 100 137 281
bus 0.0027 275 58 310 115
bus 0.0026 210 51 311 120
bus 0.0015 127 61 188 102
bird 0.0015 217 166 240 184
dog 0.0045 218 166 240 187
dog 0.0011 211 168 239 200
horse 0.0011 459 156 499 184
sheep 0.0016 458 157 498 186
sheep 0.0012 217 166 240 185
chair 0.0170 218 166 240 187
chair 0.0067 211 168 239 200
chair 0.0012 488 85 499 101
chair 0.0011 298 3 308 14
chair 0.0011 222 6 235 16
chair 0.0010 61 122 244 277
pottedplant 0.0212 13 3 131 118
pottedplant 0.0142 303 104 322 120
pottedplant 0.0037 20 30 88 120
pottedplant 0.0016 256 103 269 118
pottedplant 0.0014 17 70 37 104
tvmonitor 0.0049 277 60 306 79
tvmonitor 0.0014 203 61 230 78
