person 0.8628 213 141 283 269
person 0.1595 219 107 230 130
person 0.0457 294 157 320 181
person 0.0299 321 122 338 134
person 0.0286 485 135 495 160
person 0.0269 443 132 455 143
person 0.0219 345 123 353 136
person 0.0197 443 134 465 144
person 0.0160 0 263 89 329
person 0.0158 146 15 169 50
person 0.0096 102 120 122 139
person 0.0091 99 120 114 136
person 0.0077 0 263 26 315
person 0.0061 94 120 105 132
person 0.0059 148 18 159 54
person 0.0049 221 141 281 215
person 0.0047 339 124 352 135
person 0.0042 98 106 116 129
person 0.0040 244 141 283 188
person 0.0033 219 118 232 131
person 0.0029 488 138 497 161
person 0.0028 379 127 403 143
person 0.0027 294 151 338 184
person 0.0026 276 146 290 164
person 0.0023 395 130 405 144
person 0.0022 122 126 134 136
person 0.0020 9 284 54 317
person 0.0018 2 263 46 327
person 0.0017 411 132 420 145
person 0.0016 334 125 347 135
person 0.0015 143 172 157 209
person 0.0014 203 117 218 136
person 0.0012 341 159 371 190
person 0.0011 89 116 122 137
person 0.0010 78 101 93 114
person 0.0010 269 143 294 181
person 0.0010 198 108 221 135
person 0.0010 268 145 287 170
bicycle 0.0165 120 125 134 136
bicycle 0.0125 116 124 134 141
bicycle 0.0087 100 119 123 144
bicycle 0.0053 320 125 337 134
bicycle 0.0037 111 122 129 137
bicycle 0.0026 77 104 92 118
bicycle 0.0021 77 97 124 137
bicycle 0.0012 96 108 123 139
bicycle 0.0010 219 118 232 131
car 0.9101 154 131 498 312
car 0.5671 350 120 400 143
car 0.2948 444 134 469 144
car 0.1029 219 116 232 130
car 0.1018 297 127 314 134
car 0.0688 444 133 459 143
car 0.0488 418 132 443 142
car 0.0388 220 121 235 131
car 0.0323 459 136 470 145
car 0.0298 320 125 337 134
car 0.0279 122 126 134 136
car 0.0261 377 125 399 142
car 0.0201 102 119 122 137
car 0.0149 145 128 215 246
car 0.0148 143 126 159 134
car 0.0142 117 121 160 135
car 0.0120 99 104 121 128
car 0.0112 285 126 298 134
car 0.0100 138 122 158 133
car 0.0099 284 125 313 134
car 0.0093 111 122 129 137
car 0.0083 412 133 432 144
car 0.0059 77 98 124 137
car 0.0058 222 122 261 133
car 0.0046 376 121 395 135
car 0.0044 208 113 231 132
car 0.0038 225 120 241 130
car 0.0036 354 122 384 132
car 0.0034 78 103 91 114
car 0.0034 413 132 465 145
car 0.0033 339 124 352 135
car 0.0030 135 119 158 129
car 0.0028 449 169 476 182
car 0.0021 218 111 259 133
car 0.0021 424 131 455 142
car 0.0021 198 108 221 135
car 0.0020 116 124 134 141
car 0.0019 142 165 181 222
car 0.0016 286 125 303 133
car 0.0015 78 101 107 124
car 0.0014 482 134 495 161
car 0.0014 334 125 347 135
car 0.0013 386 122 402 138
car 0.0012 121 127 160 139
car 0.0012 469 133 493 152
car 0.0012 393 126 413 145
car 0.0012 326 118 363 137
car 0.0012 488 136 497 152
car 0.0011 118 118 139 133
car 0.0011 490 142 499 160
car 0.0011 153 118 198 134
car 0.0010 99 120 114 136
car 0.0010 131 122 199 140
motorbike 0.0054 320 125 337 134
motorbike 0.0017 102 122 123 140
motorbike 0.0014 122 126 134 136
motorbike 0.0014 219 107 230 130
motorbike 0.0011 443 134 465 144
motorbike 0.0010 219 118 232 131
bus 0.0021 348 120 398 142
bus 0.0011 154 130 498 314
boat 0.0022 150 129 215 248
boat 0.0021 77 102 124 138
boat 0.0016 350 120 401 143
boat 0.0010 96 108 123 139
cow 0.0013 297 126 315 134
bottle 0.0049 0 263 26 317
bottle 0.0015 142 171 156 208
chair 0.0130 122 126 134 136
chair 0.0090 102 120 122 137
chair 0.0062 116 124 134 141
chair 0.0036 99 104 122 127
chair 0.0025 77 104 92 118
chair 0.0021 111 122 129 137
chair 0.0020 91 103 123 138
chair 0.0011 77 84 122 137
chair 0.0010 142 127 159 135
pottedplant 0.0046 100 119 123 144
