person 0.0074 203 334 320 374
person 0.0053 434 189 452 229
car 0.0012 122 277 155 295
car 0.0012 223 267 253 284
motorbike 0.0015 139 269 194 303
cat 0.0024 141 270 193 302
cat 0.0010 160 278 193 303
dog 0.0057 208 333 318 373
bottle 0.1148 218 179 227 206
bottle 0.1043 435 191 453 229
bottle 0.0139 436 192 449 211
bottle 0.0063 440 189 451 201
bottle 0.0047 334 174 345 205
bottle 0.0034 344 162 364 186
bottle 0.0033 384 204 395 222
bottle 0.0031 263 180 272 194
bottle 0.0029 451 201 459 220
bottle 0.0024 442 202 455 224
bottle 0.0017 466 193 480 206
bottle 0.0016 122 277 155 295
bottle 0.0013 376 193 390 217
bottle 0.0012 151 279 194 304
bottle 0.0011 434 213 449 227
bottle 0.0011 453 202 461 219
bottle 0.0010 421 204 442 225
bottle 0.0010 135 280 157 296
bottle 0.0010 220 173 235 201
chair 0.8825 1 215 56 368
chair 0.8044 216 217 309 338
chair 0.7078 236 193 283 219
chair 0.5793 384 258 450 363
chair 0.5742 22 334 196 372
chair 0.3942 271 183 365 323
chair 0.3500 380 228 457 284
chair 0.0461 331 250 373 280
chair 0.0235 202 334 318 373
chair 0.0229 219 204 286 260
chair 0.0227 324 270 374 333
chair 0.0221 2 215 54 289
chair 0.0202 172 228 221 247
chair 0.0176 2 199 65 231
chair 0.0172 470 243 498 364
chair 0.0114 284 175 311 188
chair 0.0097 43 216 62 228
chair 0.0085 23 333 107 372
chair 0.0085 377 229 398 282
chair 0.0071 311 165 342 183
chair 0.0061 262 180 272 195
chair 0.0061 304 229 324 323
chair 0.0059 2 209 30 226
chair 0.0058 23 212 62 230
chair 0.0058 200 266 317 366
chair 0.0055 444 260 494 369
chair 0.0051 326 238 372 301
chair 0.0042 0 218 26 370
chair 0.0035 283 169 313 179
chair 0.0034 160 239 197 255
chair 0.0033 166 201 262 249
chair 0.0032 264 192 308 222
chair 0.0031 384 277 447 326
chair 0.0030 281 175 338 216
chair 0.0028 379 213 493 365
chair 0.0027 271 175 285 187
chair 0.0026 308 221 361 270
chair 0.0024 485 279 499 354
chair 0.0024 276 172 298 184
chair 0.0024 24 228 286 367
chair 0.0024 2 219 22 227
chair 0.0021 206 359 289 374
chair 0.0021 285 178 302 192
chair 0.0019 244 187 315 308
chair 0.0019 277 164 314 183
chair 0.0017 250 178 272 194
chair 0.0016 275 167 302 182
chair 0.0015 3 212 47 227
chair 0.0014 313 173 340 187
chair 0.0014 272 182 285 193
chair 0.0013 122 217 311 346
chair 0.0013 144 216 235 256
chair 0.0013 261 186 283 196
chair 0.0012 225 193 240 206
chair 0.0012 214 183 228 208
chair 0.0011 79 205 106 221
chair 0.0010 165 210 225 247
chair 0.0010 280 158 315 174
chair 0.0010 274 173 285 183
sofa 0.0013 237 193 284 219
sofa 0.0011 198 333 319 373
pottedplant 0.2355 19 91 110 236
pottedplant 0.0887 435 191 453 229
pottedplant 0.0077 404 194 455 229
pottedplant 0.0047 436 192 449 211
pottedplant 0.0045 406 206 436 223
pottedplant 0.0044 440 189 451 201
pottedplant 0.0042 421 204 442 225
pottedplant 0.0018 56 160 106 235
pottedplant 0.0017 324 270 373 333
pottedplant 0.0016 412 213 434 226
pottedplant 0.0015 42 99 66 142
pottedplant 0.0012 55 174 85 231
diningtable 0.8241 21 236 286 368
diningtable 0.0189 134 204 359 298
diningtable 0.0146 298 192 499 300
diningtable 0.0113 396 208 498 364
diningtable 0.0110 248 186 367 327
diningtable 0.0091 393 219 496 238
diningtable 0.0086 160 196 282 249
diningtable 0.0059 0 214 55 373
diningtable 0.0050 392 203 490 236
diningtable 0.0050 3 197 68 227
diningtable 0.0043 466 260 498 366
diningtable 0.0038 2 218 58 253
diningtable 0.0035 410 209 498 246
diningtable 0.0035 381 228 461 280
diningtable 0.0034 434 259 498 364
diningtable 0.0027 122 217 311 346
diningtable 0.0024 3 218 25 227
diningtable 0.0021 35 197 296 304
diningtable 0.0020 313 201 397 220
diningtable 0.0020 3 212 47 227
diningtable 0.0019 194 193 282 215
diningtable 0.0018 2 208 30 226
diningtable 0.0016 311 165 342 183
diningtable 0.0016 275 179 338 219
diningtable 0.0015 268 191 308 221
diningtable 0.0014 317 205 433 252
diningtable 0.0012 320 209 395 224
diningtable 0.0012 307 216 362 271
diningtable 0.0011 330 252 372 274
diningtable 0.0011 28 321 224 372
diningtable 0.0010 454 206 497 225
tvmonitor 0.8092 383 163 435 211
tvmonitor 0.1221 397 148 469 205
tvmonitor 0.0061 134 70 250 200
tvmonitor 0.0016 311 165 342 183
tvmonitor 0.0012 284 175 311 188
tvmonitor 0.0011 399 189 418 215
