person 0.8586 16 0 167 286
person 0.7359 73 32 321 480
person 0.5479 184 4 332 403
person 0.4101 -3 75 207 485
person 0.0427 72 78 213 364
person 0.0376 97 186 190 343
person 0.0357 0 0 45 106
person 0.0070 277 115 329 380
person 0.0066 97 189 182 275
person 0.0052 110 85 213 247
person 0.0042 0 0 69 167
person 0.0038 285 348 331 377
person 0.0033 1 3 348 314
person 0.0025 89 164 141 274
person 0.0023 38 123 68 158
person 0.0022 99 150 117 198
person 0.0021 39 144 144 271
person 0.0018 52 213 78 245
person 0.0017 62 177 131 275
person 0.0015 32 30 117 278
person 0.0013 -1 343 106 488
person 0.0013 1 333 236 483
person 0.0010 28 315 154 414
car 0.0012 -6 86 321 484
motorbike 0.0038 -6 86 321 484
boat 0.0031 -6 86 321 484
bird 0.0283 40 314 155 421
bird 0.0027 140 253 185 308
bird 0.0012 150 343 181 373
cat 0.0240 39 314 157 420
cat 0.0021 93 351 152 416
cat 0.0011 10 306 167 476
dog 0.0257 29 315 153 418
dog 0.0026 0 -1 44 106
dog 0.0021 10 306 167 476
horse 0.0054 0 0 44 106
horse 0.0017 29 315 153 418
sheep 0.0011 29 314 158 420
bottle 0.0074 150 343 181 373
bottle 0.0010 140 254 184 309
chair 0.0090 0 315 247 480
chair 0.0039 -2 191 295 481
sofa 0.0052 -6 86 321 484
sofa 0.0030 2 323 248 480
sofa 0.0014 74 77 215 383
pottedplant 0.0011 96 181 122 250
diningtable 0.0020 1 281 319 476
