person 0.8474 18 266 39 319
person 0.2198 170 233 193 271
person 0.1999 153 236 167 255
person 0.1826 165 228 178 248
person 0.1703 179 229 191 243
person 0.1400 136 235 151 269
person 0.1296 213 231 231 271
person 0.1099 205 235 215 253
person 0.1059 172 233 191 255
person 0.0961 116 240 130 270
person 0.0751 138 236 152 255
person 0.0523 64 255 75 286
person 0.0512 183 231 194 244
person 0.0482 127 229 142 268
person 0.0394 204 235 215 266
person 0.0360 108 235 120 255
person 0.0291 185 235 197 255
person 0.0289 151 238 165 269
person 0.0271 166 228 177 240
person 0.0237 190 237 199 251
person 0.0199 211 231 235 333
person 0.0169 210 231 218 245
person 0.0169 105 235 123 269
person 0.0144 118 229 130 253
person 0.0125 221 232 232 255
person 0.0099 213 231 226 248
person 0.0089 10 259 21 280
person 0.0081 169 230 194 310
person 0.0072 127 229 139 251
person 0.0069 129 228 143 244
person 0.0059 205 238 220 272
person 0.0050 81 229 103 271
person 0.0049 113 232 141 316
person 0.0048 194 237 216 271
person 0.0040 148 244 162 270
person 0.0027 119 227 129 240
person 0.0027 188 233 198 246
person 0.0025 157 242 171 269
person 0.0024 63 268 74 290
person 0.0024 258 244 267 293
person 0.0023 201 237 221 313
person 0.0023 99 239 118 271
person 0.0023 156 231 175 268
person 0.0021 329 262 340 278
person 0.0021 10 267 23 283
person 0.0021 85 229 102 254
person 0.0021 90 240 104 270
person 0.0018 63 235 76 280
person 0.0016 91 243 114 271
person 0.0015 111 230 125 257
person 0.0012 23 267 37 290
person 0.0011 315 258 353 309
person 0.0011 463 270 471 295
person 0.0010 397 259 408 303
person 0.0010 76 228 107 329
person 0.0010 234 233 246 273
bottle 0.0025 171 240 193 271
chair 0.0030 293 279 331 309
chair 0.0018 312 276 339 308
chair 0.0011 312 279 323 296
pottedplant 0.7512 357 214 385 307
pottedplant 0.7106 244 249 260 294
pottedplant 0.6711 276 229 298 300
pottedplant 0.1618 358 257 385 306
pottedplant 0.1339 247 320 268 343
pottedplant 0.1162 361 280 384 305
pottedplant 0.0377 258 244 267 293
pottedplant 0.0263 204 315 224 350
pottedplant 0.0241 213 231 231 271
pottedplant 0.0213 312 253 361 309
pottedplant 0.0169 223 315 242 351
pottedplant 0.0162 211 231 239 335
pottedplant 0.0156 326 251 357 278
pottedplant 0.0104 247 282 263 294
pottedplant 0.0099 251 250 264 290
pottedplant 0.0088 171 238 193 271
pottedplant 0.0084 429 280 449 301
pottedplant 0.0081 63 255 74 289
pottedplant 0.0079 329 252 346 272
pottedplant 0.0068 246 273 261 293
pottedplant 0.0066 428 252 454 303
pottedplant 0.0051 460 278 477 304
pottedplant 0.0050 241 330 254 345
pottedplant 0.0047 430 280 460 308
pottedplant 0.0044 164 314 190 357
pottedplant 0.0042 279 285 297 301
pottedplant 0.0041 318 257 346 298
pottedplant 0.0041 253 276 266 293
pottedplant 0.0039 255 247 266 276
pottedplant 0.0037 236 320 251 346
pottedplant 0.0034 462 271 474 300
pottedplant 0.0034 63 281 73 291
pottedplant 0.0034 312 266 342 309
pottedplant 0.0032 378 280 385 303
pottedplant 0.0032 398 265 408 299
pottedplant 0.0028 234 233 246 273
pottedplant 0.0026 242 322 258 344
pottedplant 0.0025 207 308 225 336
pottedplant 0.0024 249 5 346 132
pottedplant 0.0023 228 240 239 271
pottedplant 0.0020 227 329 246 350
pottedplant 0.0018 381 261 407 304
pottedplant 0.0017 363 290 381 304
pottedplant 0.0017 205 236 220 272
pottedplant 0.0016 278 269 298 301
pottedplant 0.0015 194 237 216 271
pottedplant 0.0015 245 244 257 275
pottedplant 0.0015 331 258 353 308
pottedplant 0.0014 113 277 132 299
pottedplant 0.0014 341 257 357 290
pottedplant 0.0014 220 233 233 259
pottedplant 0.0014 325 257 340 278
pottedplant 0.0014 302 211 334 284
pottedplant 0.0013 223 235 243 314
pottedplant 0.0013 261 242 279 296
pottedplant 0.0012 375 267 385 299
pottedplant 0.0012 233 246 243 281
pottedplant 0.0011 374 232 409 305
pottedplant 0.0011 168 247 194 301
pottedplant 0.0010 295 270 333 309
pottedplant 0.0010 229 306 240 335
pottedplant 0.0010 256 243 266 264
pottedplant 0.0010 444 282 460 303
tvmonitor 0.0095 202 272 225 308
