person 0.0086 207 293 231 316
person 0.0015 207 294 219 314
train 0.0014 0 -16 512 336
bird 0.7823 249 31 368 317
bird 0.0041 259 227 322 330
bird 0.0032 398 3 443 83
bird 0.0023 307 214 345 251
cat 0.0355 398 2 444 82
cat 0.0043 250 36 368 328
dog 0.0022 250 36 368 328
dog 0.0016 398 2 444 83
horse 0.0016 397 3 443 83
bottle 0.0012 238 264 264 326
chair 0.0010 375 176 495 331
pottedplant 0.0014 398 3 443 83
tvmonitor 0.0255 373 176 496 328
tvmonitor 0.0096 398 78 472 157
tvmonitor 0.0016 18 -19 519 326
tvmonitor 0.0015 162 251 271 329
