person 0.6141 171 160 198 189
person 0.2491 266 178 291 205
person 0.1737 228 165 245 204
person 0.1239 382 180 397 206
person 0.0608 99 164 121 194
person 0.0480 305 173 313 202
person 0.0466 357 180 372 208
person 0.0458 364 171 393 204
person 0.0417 377 173 393 206
person 0.0377 107 162 118 174
person 0.0313 135 164 158 189
person 0.0276 264 182 275 205
person 0.0246 212 169 225 190
person 0.0241 285 180 294 204
person 0.0205 118 165 126 191
person 0.0200 111 160 121 175
person 0.0198 180 158 225 202
person 0.0179 213 166 241 209
person 0.0166 249 165 268 202
person 0.0149 408 169 427 201
person 0.0133 456 192 465 206
person 0.0131 306 172 324 203
person 0.0128 144 167 161 189
person 0.0120 69 167 78 197
person 0.0116 260 166 275 205
person 0.0092 408 184 418 200
person 0.0080 136 163 149 181
person 0.0080 111 171 125 195
person 0.0060 360 173 371 200
person 0.0058 385 173 415 206
person 0.0057 406 169 418 200
person 0.0052 232 166 252 198
person 0.0052 96 166 107 181
person 0.0045 329 175 353 210
person 0.0043 484 179 499 201
person 0.0036 116 177 125 197
person 0.0035 223 181 243 208
person 0.0035 287 172 312 205
person 0.0034 318 173 330 201
person 0.0032 116 154 123 168
person 0.0032 89 167 103 192
person 0.0031 120 163 130 192
person 0.0029 190 163 221 189
person 0.0028 473 191 486 204
person 0.0027 355 162 369 202
person 0.0026 150 161 178 188
person 0.0025 105 166 119 187
person 0.0024 286 178 300 205
person 0.0023 408 163 417 190
person 0.0023 70 167 85 211
person 0.0019 234 164 274 207
person 0.0016 215 166 239 191
person 0.0016 469 166 476 181
person 0.0016 481 184 495 204
person 0.0015 99 162 112 176
person 0.0014 468 193 477 210
person 0.0014 476 174 499 201
person 0.0014 123 162 145 191
person 0.0012 478 193 494 209
person 0.0011 387 173 403 194
person 0.0011 344 165 372 208
person 0.0011 115 146 124 163
person 0.0010 380 171 391 193
bicycle 0.0023 456 192 464 207
bicycle 0.0011 478 193 494 209
car 0.7808 91 169 123 197
car 0.5480 476 174 499 202
car 0.5230 69 169 86 212
car 0.1005 111 172 125 196
car 0.0287 456 192 465 206
car 0.0240 69 167 78 197
car 0.0222 89 172 110 196
car 0.0198 80 171 102 198
car 0.0150 116 177 125 197
car 0.0061 469 189 479 207
car 0.0047 15 156 90 216
car 0.0046 105 166 119 187
car 0.0043 78 149 100 201
car 0.0038 484 179 499 201
car 0.0033 118 165 126 191
car 0.0031 481 184 495 204
car 0.0025 467 195 474 210
car 0.0023 89 167 103 192
car 0.0023 469 176 480 205
car 0.0022 63 150 93 210
car 0.0021 98 162 117 185
car 0.0018 120 173 128 197
car 0.0017 96 166 107 181
car 0.0014 470 193 485 207
car 0.0010 106 162 117 175
motorbike 0.0019 481 184 495 204
motorbike 0.0015 69 173 86 212
motorbike 0.0012 93 170 124 196
bus 0.9487 116 94 468 305
bus 0.5094 65 142 99 199
bus 0.3135 476 173 499 201
bus 0.0090 65 135 78 151
bus 0.0065 65 141 95 169
bus 0.0047 98 162 117 185
bus 0.0046 69 166 86 212
bus 0.0034 468 167 477 188
bus 0.0029 79 167 98 199
bus 0.0022 105 166 119 187
bus 0.0022 477 170 497 181
bus 0.0019 468 167 480 205
bus 0.0017 90 168 124 197
bus 0.0017 78 143 95 154
bus 0.0016 89 156 101 185
bus 0.0012 39 146 92 211
bus 0.0010 70 144 122 197
train 0.0033 477 173 499 199
train 0.0010 76 142 99 201
boat 0.0020 477 173 499 202
chair 0.0010 70 174 85 212
pottedplant 0.0014 126 74 164 96
