person 0.5899 305 241 316 256
person 0.4227 248 236 260 253
person 0.3705 277 241 289 255
person 0.2389 355 220 365 231
person 0.2202 402 221 412 232
person 0.1749 379 220 389 233
person 0.1134 304 227 311 238
person 0.1070 424 222 433 233
person 0.0554 408 223 417 233
person 0.0548 173 238 196 271
person 0.0349 412 222 420 232
person 0.0338 318 225 327 236
person 0.0310 181 257 192 271
person 0.0257 268 241 282 255
person 0.0230 211 239 221 252
person 0.0225 100 184 109 198
person 0.0201 137 247 153 268
person 0.0181 287 225 296 237
person 0.0163 217 254 229 273
person 0.0156 386 221 394 233
person 0.0130 17 214 39 226
person 0.0124 173 253 192 271
person 0.0112 222 240 233 254
person 0.0106 341 217 347 232
person 0.0102 17 216 29 226
person 0.0102 421 223 429 233
person 0.0101 180 237 195 257
person 0.0097 210 253 220 271
person 0.0091 333 221 341 232
person 0.0087 210 239 232 273
person 0.0086 193 243 218 272
person 0.0078 212 255 224 272
person 0.0077 205 253 217 272
person 0.0074 360 221 369 232
person 0.0072 337 219 346 231
person 0.0070 318 225 328 252
person 0.0065 280 231 293 255
person 0.0064 466 197 474 205
person 0.0063 209 240 221 270
person 0.0056 191 240 203 271
person 0.0045 484 181 496 200
person 0.0042 220 242 234 268
person 0.0040 88 187 102 200
person 0.0039 166 259 177 270
person 0.0038 233 234 241 250
person 0.0036 392 223 399 233
person 0.0031 190 246 199 271
person 0.0031 37 189 47 202
person 0.0031 149 258 159 270
person 0.0030 241 236 252 252
person 0.0029 283 224 294 239
person 0.0028 232 237 239 252
person 0.0027 48 218 57 226
person 0.0026 419 247 426 255
person 0.0025 22 185 34 202
person 0.0024 128 248 142 266
person 0.0024 117 186 125 203
person 0.0024 227 238 238 263
person 0.0022 25 182 40 204
person 0.0021 0 198 17 217
person 0.0020 251 228 261 251
person 0.0018 255 225 263 238
person 0.0018 121 175 133 203
person 0.0018 159 160 179 184
person 0.0017 151 170 160 179
person 0.0017 185 238 227 273
person 0.0016 284 237 296 254
person 0.0015 0 198 27 225
person 0.0015 44 217 54 225
person 0.0015 450 184 462 201
person 0.0015 432 224 441 234
person 0.0014 111 249 119 264
person 0.0014 454 195 464 205
person 0.0013 13 -1 462 330
person 0.0013 436 197 452 206
person 0.0012 179 171 187 180
person 0.0012 462 195 472 204
person 0.0012 470 225 484 244
person 0.0011 142 169 158 183
person 0.0011 468 197 482 205
person 0.0010 135 144 198 191
person 0.0010 19 189 441 315
car 0.0045 435 196 452 206
car 0.0024 16 214 42 226
car 0.0011 424 193 451 203
car 0.0010 404 199 429 208
car 0.0010 378 199 402 207
car 0.0010 413 197 440 206
bus 0.0055 450 184 462 201
bus 0.0048 484 181 497 200
boat 0.7046 9 3 474 328
boat 0.4027 26 159 452 317
boat 0.2882 456 226 498 282
boat 0.2402 0 173 79 264
boat 0.1659 0 222 58 263
boat 0.0813 346 144 497 223
boat 0.0777 443 203 501 223
boat 0.0587 423 194 499 221
boat 0.0530 436 265 493 295
boat 0.0417 438 197 498 288
boat 0.0403 467 244 498 281
boat 0.0391 408 174 498 217
boat 0.0378 176 181 466 292
boat 0.0371 0 216 25 225
boat 0.0367 0 212 34 228
boat 0.0269 0 233 29 263
boat 0.0267 0 174 57 227
boat 0.0263 402 195 468 218
boat 0.0239 364 189 457 218
boat 0.0227 472 183 497 204
boat 0.0201 351 172 453 214
boat 0.0177 337 174 490 263
boat 0.0140 16 214 42 226
boat 0.0138 484 181 497 200
boat 0.0125 0 198 27 225
boat 0.0100 29 21 215 253
boat 0.0090 63 146 201 223
boat 0.0086 436 201 498 213
boat 0.0080 2 161 188 269
boat 0.0073 420 199 454 216
boat 0.0069 60 186 156 221
boat 0.0064 411 131 449 206
boat 0.0062 451 184 462 200
boat 0.0056 436 264 490 281
boat 0.0054 477 258 499 282
boat 0.0048 378 198 403 207
boat 0.0047 0 219 27 231
boat 0.0045 0 248 28 263
boat 0.0044 478 227 499 245
boat 0.0041 456 229 485 270
boat 0.0041 399 202 437 215
boat 0.0036 75 17 329 257
boat 0.0036 7 210 53 227
boat 0.0031 435 196 452 206
boat 0.0031 131 143 201 214
boat 0.0030 61 184 119 213
boat 0.0029 404 222 413 233
boat 0.0027 414 206 455 218
boat 0.0027 427 210 453 219
boat 0.0027 394 213 446 232
boat 0.0025 429 201 470 214
boat 0.0024 347 168 413 210
boat 0.0023 87 186 105 201
boat 0.0022 3 195 38 213
boat 0.0022 263 205 440 283
boat 0.0017 457 230 470 241
boat 0.0017 480 228 498 263
boat 0.0016 104 188 127 207
boat 0.0015 416 213 438 229
boat 0.0015 16 182 46 209
boat 0.0015 130 246 153 268
boat 0.0014 45 214 61 225
boat 0.0014 367 201 431 233
boat 0.0014 20 205 41 217
boat 0.0013 39 204 74 222
boat 0.0013 82 201 158 221
boat 0.0013 1 222 38 236
boat 0.0013 475 244 498 259
boat 0.0012 471 225 485 244
boat 0.0012 17 216 29 226
boat 0.0011 0 198 17 217
boat 0.0011 392 199 406 207
boat 0.0011 23 128 222 307
boat 0.0011 268 241 282 255
boat 0.0010 346 200 408 212
boat 0.0010 361 199 403 208
boat 0.0010 1 209 93 252
boat 0.0010 23 224 116 266
boat 0.0010 363 131 447 212
bird 0.0022 23 173 36 180
bird 0.0021 1 194 36 213
bird 0.0018 179 171 187 180
bird 0.0017 0 197 14 214
bird 0.0016 277 241 288 255
bird 0.0011 22 187 33 202
bird 0.0010 16 194 41 211
bird 0.0010 0 174 58 217
bird 0.0010 18 189 34 208
dog 0.0014 278 241 289 255
horse 0.0015 131 246 154 268
horse 0.0010 277 241 288 255
chair 0.0021 129 246 150 267
chair 0.0018 484 181 497 200
chair 0.0015 195 248 218 272
chair 0.0012 205 253 217 272
chair 0.0010 181 237 195 251
pottedplant 0.0015 278 241 289 255
