person 0.8548 15 74 169 326
person 0.6098 338 171 453 280
person 0.0736 9 104 47 162
person 0.0720 292 139 331 195
person 0.0615 222 158 281 254
person 0.0488 1 135 76 322
person 0.0463 153 277 174 314
person 0.0344 397 0 443 64
person 0.0175 150 271 206 317
person 0.0133 278 169 461 331
person 0.0126 0 283 11 332
person 0.0126 181 272 203 310
person 0.0126 489 5 499 28
person 0.0106 448 172 474 209
person 0.0092 419 155 450 207
person 0.0084 51 107 91 136
person 0.0083 487 4 499 45
person 0.0078 455 191 475 209
person 0.0060 185 273 202 294
person 0.0046 478 5 499 75
person 0.0046 446 2 468 47
person 0.0046 402 162 444 205
person 0.0045 155 272 188 310
person 0.0043 341 13 396 111
person 0.0040 449 162 468 201
person 0.0040 0 173 22 332
person 0.0039 158 155 266 207
person 0.0039 242 160 280 229
person 0.0037 328 158 347 197
person 0.0035 404 150 424 170
person 0.0035 41 171 148 328
person 0.0032 155 152 276 266
person 0.0032 10 102 86 165
person 0.0031 327 140 365 198
person 0.0030 376 3 408 39
person 0.0029 436 1 459 47
person 0.0029 179 152 310 326
person 0.0028 346 173 415 250
person 0.0027 352 1 410 41
person 0.0027 413 0 442 47
person 0.0026 342 141 363 173
person 0.0025 235 156 261 185
person 0.0024 327 221 494 329
person 0.0022 394 167 412 202
person 0.0020 155 295 173 315
person 0.0020 450 1 495 52
person 0.0019 310 243 327 285
person 0.0019 48 75 146 207
person 0.0018 0 283 11 308
person 0.0017 145 145 490 330
person 0.0017 0 254 46 332
person 0.0017 448 157 485 209
person 0.0015 372 177 409 215
person 0.0015 431 153 455 200
person 0.0015 422 180 443 206
person 0.0015 354 15 377 35
person 0.0015 321 9 379 45
person 0.0014 1 283 26 327
person 0.0014 12 103 41 142
person 0.0014 304 249 329 329
person 0.0014 15 123 41 160
person 0.0014 387 0 468 119
person 0.0013 344 14 379 55
person 0.0013 181 281 192 309
person 0.0013 351 0 384 37
person 0.0012 373 147 397 172
person 0.0012 179 151 208 180
person 0.0012 282 244 327 284
person 0.0011 146 292 206 331
person 0.0011 486 148 499 258
person 0.0011 320 9 347 33
person 0.0010 251 0 278 19
person 0.0010 345 161 363 176
person 0.0010 33 101 290 311
bicycle 0.0036 0 283 11 332
bicycle 0.0031 1 281 45 332
car 0.0021 184 242 500 329
car 0.0011 148 297 205 332
motorbike 0.0015 1 145 74 331
motorbike 0.0013 0 282 45 332
motorbike 0.0011 0 282 11 331
aeroplane 0.0089 184 242 500 329
aeroplane 0.0024 185 257 363 330
bus 0.0014 184 242 500 329
train 0.0039 184 246 489 330
boat 0.0039 184 242 500 329
boat 0.0026 185 257 363 330
boat 0.0010 321 10 347 33
bird 0.0019 293 138 331 195
bird 0.0012 339 172 454 285
bird 0.0011 251 0 278 19
bird 0.0010 282 244 327 284
bottle 0.0032 158 155 266 207
bottle 0.0013 354 15 377 35
bottle 0.0013 80 186 140 229
bottle 0.0011 232 155 264 187
chair 0.0015 472 15 499 71
chair 0.0014 450 157 488 206
chair 0.0013 0 166 84 290
pottedplant 0.0010 354 15 377 36
tvmonitor 0.0141 330 248 489 331
