car 0.0033 94 184 147 217
bottle 0.0940 113 106 143 176
bottle 0.0761 120 47 138 108
bottle 0.0107 117 46 128 105
bottle 0.0085 25 229 72 292
bottle 0.0067 0 174 13 213
bottle 0.0057 360 98 397 178
bottle 0.0048 -1 185 44 236
bottle 0.0030 0 51 32 162
bottle 0.0017 50 190 93 232
bottle 0.0014 0 248 56 373
chair 0.0022 412 229 499 371
chair 0.0022 0 249 56 372
diningtable 0.0018 0 220 107 371
diningtable 0.0012 85 151 411 228
tvmonitor 0.9072 130 3 360 184
tvmonitor 0.0527 0 0 127 135
tvmonitor 0.0197 422 124 499 203
tvmonitor 0.0062 410 226 499 371
tvmonitor 0.0028 461 0 498 45
tvmonitor 0.0018 420 230 498 307
tvmonitor 0.0013 409 0 497 45
