person 0.7146 0 0 82 161
person 0.0739 0 3 107 272
person 0.0204 426 109 434 131
person 0.0065 0 213 27 266
person 0.0026 383 23 401 58
person 0.0023 369 227 420 277
person 0.0017 108 85 120 111
person 0.0016 425 103 439 133
person 0.0014 395 31 416 61
person 0.0014 2 8 194 201
person 0.0011 423 31 481 64
bicycle 0.9570 5 5 482 331
bicycle 0.6508 425 31 481 63
bicycle 0.5781 382 31 415 65
bicycle 0.2735 397 32 417 64
bicycle 0.2490 381 34 397 65
bicycle 0.2145 461 36 481 63
bicycle 0.2002 416 34 445 61
bicycle 0.1416 346 72 498 244
bicycle 0.0789 257 59 498 328
bicycle 0.0703 399 32 435 63
bicycle 0.0094 384 22 401 53
bicycle 0.0077 446 32 480 56
bicycle 0.0073 388 74 497 169
bicycle 0.0061 465 35 480 55
bicycle 0.0049 424 34 439 50
bicycle 0.0038 338 66 485 145
bicycle 0.0036 431 155 498 227
bicycle 0.0035 377 141 498 237
bicycle 0.0026 0 5 223 300
bicycle 0.0025 373 102 497 205
bicycle 0.0022 389 41 412 64
bicycle 0.0021 426 33 454 47
bicycle 0.0017 366 177 496 316
bicycle 0.0012 386 21 401 37
bicycle 0.0010 439 31 472 47
car 0.0021 384 22 401 53
car 0.0013 328 210 404 280
car 0.0012 386 21 401 37
motorbike 0.2379 422 31 481 64
motorbike 0.0108 459 35 481 63
motorbike 0.0056 419 34 449 61
motorbike 0.0055 395 32 419 64
motorbike 0.0024 399 32 435 63
motorbike 0.0018 382 28 400 63
motorbike 0.0014 446 32 480 56
motorbike 0.0010 465 35 480 55
train 0.0019 13 -48 496 272
boat 0.0013 4 4 452 328
bird 0.0080 426 109 434 131
bird 0.0021 426 77 445 91
horse 0.0016 424 34 479 62
bottle 0.0456 106 88 124 116
bottle 0.0116 156 159 204 230
bottle 0.0059 273 162 341 206
bottle 0.0056 369 227 420 277
bottle 0.0045 185 191 242 254
bottle 0.0045 426 109 434 131
bottle 0.0028 166 166 199 216
bottle 0.0018 294 145 360 191
bottle 0.0010 339 88 358 125
chair 0.0038 1 14 104 279
chair 0.0031 420 31 482 62
chair 0.0012 60 75 113 134
chair 0.0011 370 85 499 269
chair 0.0010 472 162 499 222
sofa 0.0016 0 19 153 281
