person 0.2118 1 0 170 100
person 0.1099 3 -4 423 334
person 0.0395 0 -3 184 317
person 0.0311 9 0 276 165
person 0.0245 171 0 253 43
person 0.0198 434 283 499 323
person 0.0186 156 1 249 193
person 0.0088 167 -4 398 199
person 0.0041 -20 215 498 331
person 0.0026 301 227 336 271
person 0.0011 341 275 490 330
car 0.0022 14 -5 446 335
cat 0.0011 5 21 396 332
dog 0.9429 1 22 397 330
chair 0.0668 -5 -2 169 163
chair 0.0248 26 -6 442 335
chair 0.0066 445 153 499 180
chair 0.0056 0 79 87 136
chair 0.0054 0 75 124 163
chair 0.0048 1 311 133 332
chair 0.0036 0 -9 174 321
chair 0.0018 1 206 387 328
chair 0.0010 310 239 501 326
sofa 0.1318 5 -6 433 334
sofa 0.0252 0 0 168 162
sofa 0.0091 -12 184 494 332
sofa 0.0058 299 168 498 327
sofa 0.0034 313 168 499 250
sofa 0.0025 1 311 133 332
sofa 0.0011 6 0 217 308
diningtable 0.0198 309 239 501 303
diningtable 0.0050 306 168 497 250
diningtable 0.0025 -3 -7 168 163
diningtable 0.0010 2 309 140 332
