person 0.2017 390 296 402 306
person 0.1212 31 279 43 303
person 0.0837 25 282 33 303
person 0.0630 397 294 408 305
person 0.0434 403 293 413 304
person 0.0357 380 297 392 308
person 0.0268 410 292 421 303
person 0.0214 413 292 428 303
person 0.0186 386 296 399 308
person 0.0161 399 290 414 302
person 0.0150 428 293 439 301
person 0.0115 421 293 435 302
person 0.0113 368 292 409 318
person 0.0078 385 290 406 303
person 0.0069 399 289 427 308
person 0.0058 43 286 59 303
person 0.0042 28 263 39 285
person 0.0021 25 285 39 314
person 0.0013 18 268 34 299
person 0.0012 415 289 434 301
person 0.0010 26 282 58 304
bicycle 0.0192 43 287 59 303
bicycle 0.0055 26 282 58 304
bicycle 0.0050 30 279 44 304
bicycle 0.0011 27 284 42 309
car 0.9331 307 285 484 345
car 0.0541 465 255 486 262
car 0.0030 385 290 406 303
car 0.0023 368 292 409 318
car 0.0019 399 289 427 308
car 0.0016 0 294 8 302
car 0.0014 483 141 498 155
car 0.0014 399 290 414 302
car 0.0013 26 282 58 304
car 0.0013 27 262 39 281
car 0.0011 354 293 390 308
bottle 0.0012 25 282 34 302
chair 0.0014 26 282 58 304
chair 0.0012 408 238 421 250
pottedplant 0.0710 43 287 59 303
pottedplant 0.0365 26 282 58 304
pottedplant 0.0226 24 282 33 302
pottedplant 0.0206 30 279 44 304
pottedplant 0.0114 13 284 71 312
pottedplant 0.0071 0 169 24 300
pottedplant 0.0034 5 286 92 334
pottedplant 0.0027 407 237 421 250
pottedplant 0.0016 253 276 275 287
pottedplant 0.0013 27 284 42 309
