person 0.2012 181 179 195 214
person 0.1886 312 186 324 218
person 0.0136 187 179 198 208
person 0.0018 100 200 119 206
person 0.0012 308 185 317 209
person 0.0011 247 187 258 218
car 0.0302 78 199 106 205
car 0.0098 65 199 76 205
car 0.0067 100 200 119 206
car 0.0031 93 201 116 207
car 0.0020 37 195 65 205
aeroplane 0.7738 65 110 484 216
aeroplane 0.0114 116 145 155 153
aeroplane 0.0060 35 143 207 154
aeroplane 0.0018 118 146 138 153
aeroplane 0.0012 297 141 485 169
aeroplane 0.0012 78 199 106 205
pottedplant 0.0012 344 203 357 212
