person 0.0708 298 84 319 114
person 0.0393 376 149 401 170
person 0.0262 332 154 369 180
person 0.0136 330 161 361 181
person 0.0123 377 153 390 167
person 0.0095 1 211 207 329
person 0.0071 375 153 393 174
person 0.0049 310 204 316 216
person 0.0041 0 0 204 326
person 0.0040 339 169 367 180
person 0.0035 349 166 367 178
person 0.0026 324 168 354 184
person 0.0023 454 98 467 107
person 0.0018 304 83 316 90
person 0.0015 331 198 367 222
person 0.0013 -1 160 476 328
person 0.0013 317 137 364 181
person 0.0011 375 164 387 175
person 0.0010 310 204 322 217
bicycle 0.0011 225 157 275 174
car 0.8528 206 128 454 238
car 0.1081 225 154 275 173
car 0.0216 222 130 277 175
car 0.0040 238 194 468 321
car 0.0014 219 136 309 185
car 0.0013 451 98 463 106
car 0.0013 207 147 345 237
car 0.0012 433 89 444 97
car 0.0010 226 158 252 173
motorbike 0.0070 225 154 275 173
motorbike 0.0017 220 122 277 170
boat 0.0281 433 89 444 97
boat 0.0143 425 87 445 97
boat 0.0107 451 98 463 106
boat 0.0056 222 122 275 165
boat 0.0044 467 103 480 111
boat 0.0032 456 98 468 107
boat 0.0026 311 85 330 97
bird 0.0209 311 85 330 97
bird 0.0121 300 84 320 113
bird 0.0064 305 84 316 91
bird 0.0060 467 105 480 112
bird 0.0055 451 98 463 106
bird 0.0051 318 87 330 97
bird 0.0048 309 204 316 216
bird 0.0046 332 198 361 221
bird 0.0038 454 98 467 107
bird 0.0019 333 169 363 182
bird 0.0017 330 161 361 181
bird 0.0014 433 89 444 97
bird 0.0012 292 93 318 117
bird 0.0010 465 99 476 109
cat 0.0100 332 198 361 221
cat 0.0017 293 84 320 116
cat 0.0015 332 162 362 181
dog 0.0176 292 88 319 117
dog 0.0083 336 199 361 220
dog 0.0051 292 100 315 117
dog 0.0034 331 156 368 181
dog 0.0030 315 85 330 96
dog 0.0020 304 83 316 90
dog 0.0012 264 133 282 158
dog 0.0011 303 85 319 110
sheep 0.0039 292 88 319 117
sheep 0.0034 0 213 208 328
sheep 0.0020 292 100 315 117
sheep 0.0018 305 84 316 91
sheep 0.0017 311 85 330 97
sheep 0.0011 303 85 319 110
cow 0.0015 311 85 330 97
cow 0.0013 467 105 481 112
cow 0.0011 292 96 316 117
bottle 0.0032 336 198 361 220
chair 0.0370 221 123 278 169
chair 0.0068 233 133 271 156
chair 0.0053 267 133 282 157
chair 0.0048 222 143 277 175
chair 0.0030 238 194 468 321
chair 0.0017 254 134 281 159
chair 0.0010 287 240 332 271
sofa 0.0033 231 122 274 155
diningtable 0.0362 244 202 464 320
diningtable 0.0089 230 123 275 154
diningtable 0.0047 232 122 273 137
tvmonitor 0.0019 206 128 456 236
tvmonitor 0.0012 287 242 339 274
tvmonitor 0.0010 230 123 273 155
