bus 0.0075 77 43 280 114
bird 0.0029 268 94 286 109
bird 0.0025 243 97 261 112
bird 0.0012 64 83 80 99
bird 0.0011 216 116 231 135
bird 0.0011 253 94 287 112
cat 0.0011 261 182 308 216
dog 0.0668 260 182 308 216
dog 0.0439 165 214 212 262
dog 0.0079 265 94 285 109
dog 0.0049 243 97 261 112
dog 0.0046 65 83 81 99
dog 0.0031 249 94 286 112
dog 0.0021 303 144 410 220
dog 0.0013 117 157 381 288
dog 0.0011 105 89 197 146
horse 0.0041 260 182 308 216
horse 0.0017 243 97 260 113
sheep 0.9378 81 177 167 262
sheep 0.9216 305 144 410 220
sheep 0.9082 374 112 418 170
sheep 0.8984 117 94 174 146
sheep 0.8698 167 215 213 263
sheep 0.7314 262 182 309 216
sheep 0.0992 243 97 260 113
sheep 0.0821 265 94 285 109
sheep 0.0213 249 94 286 112
sheep 0.0155 163 214 183 228
sheep 0.0132 65 83 82 99
sheep 0.0061 163 214 183 242
sheep 0.0045 125 132 139 142
sheep 0.0045 127 94 160 106
sheep 0.0021 157 99 176 146
sheep 0.0020 308 144 356 161
sheep 0.0019 373 175 409 218
sheep 0.0015 216 116 231 135
sheep 0.0014 138 182 167 239
sheep 0.0012 80 204 108 257
sheep 0.0012 183 113 194 121
cow 0.0656 261 182 308 216
cow 0.0511 243 97 260 113
cow 0.0489 264 94 286 110
cow 0.0141 165 215 212 263
cow 0.0130 302 144 408 220
cow 0.0057 105 89 197 146
cow 0.0051 64 83 80 99
cow 0.0047 273 93 286 108
cow 0.0030 165 215 194 240
cow 0.0013 81 178 166 261
