person 0.2242 467 104 491 148
person 0.0387 0 138 12 171
person 0.0101 0 133 36 170
person 0.0022 3 136 35 155
person 0.0021 426 103 463 153
person 0.0012 15 137 41 175
person 0.0010 415 0 471 63
person 0.0010 22 85 369 351
bicycle 0.9452 12 93 369 351
bicycle 0.6005 356 119 495 324
bicycle 0.0364 1 46 183 203
bicycle 0.0272 0 133 37 171
bicycle 0.0263 450 171 499 246
bicycle 0.0216 362 117 463 225
bicycle 0.0209 449 187 499 322
bicycle 0.0190 192 94 490 347
bicycle 0.0152 100 105 233 191
bicycle 0.0142 428 145 499 218
bicycle 0.0127 156 104 267 160
bicycle 0.0108 371 202 493 318
bicycle 0.0107 462 231 499 325
bicycle 0.0089 102 107 192 169
bicycle 0.0082 454 205 499 245
bicycle 0.0075 0 126 113 198
bicycle 0.0071 0 136 42 199
bicycle 0.0052 361 116 414 213
bicycle 0.0051 32 44 151 138
bicycle 0.0051 6 110 217 335
bicycle 0.0050 468 155 499 194
bicycle 0.0046 13 145 43 175
bicycle 0.0036 453 147 490 183
bicycle 0.0029 88 43 203 163
bicycle 0.0024 453 155 499 209
bicycle 0.0023 160 109 195 147
bicycle 0.0022 0 135 12 171
bicycle 0.0019 138 79 231 149
bicycle 0.0018 425 148 498 181
bicycle 0.0018 124 133 178 164
bicycle 0.0018 474 235 499 272
bicycle 0.0014 363 116 404 173
bicycle 0.0014 1 118 181 253
bicycle 0.0013 165 115 229 152
bicycle 0.0012 479 235 499 320
bicycle 0.0011 55 109 192 207
bicycle 0.0011 105 45 154 123
bicycle 0.0010 16 68 108 106
bicycle 0.0010 243 112 268 133
bicycle 0.0010 359 114 431 280
car 0.0770 0 133 36 169
car 0.0233 0 132 18 158
car 0.0051 0 130 14 141
car 0.0041 0 131 33 150
car 0.0027 0 134 12 171
car 0.0014 418 146 498 225
car 0.0014 146 72 171 95
car 0.0013 453 155 499 209
car 0.0013 145 58 200 105
motorbike 0.0268 0 133 36 170
motorbike 0.0215 425 146 499 219
motorbike 0.0135 462 231 499 325
motorbike 0.0087 462 150 499 210
motorbike 0.0078 449 166 499 245
motorbike 0.0077 364 111 470 222
motorbike 0.0054 358 120 498 322
motorbike 0.0030 449 187 499 322
motorbike 0.0022 453 147 490 183
motorbike 0.0019 468 157 499 192
motorbike 0.0019 8 91 371 343
motorbike 0.0018 362 116 421 214
motorbike 0.0018 365 110 430 152
motorbike 0.0018 164 104 268 158
motorbike 0.0016 0 135 12 171
motorbike 0.0013 366 108 467 170
motorbike 0.0013 474 235 499 272
motorbike 0.0011 479 235 499 320
motorbike 0.0010 363 -1 499 279
bus 0.0012 22 85 369 351
boat 0.0048 0 132 36 165
boat 0.0013 8 88 371 347
bird 0.0026 383 316 399 356
bird 0.0012 2 138 36 164
bird 0.0011 155 208 191 233
cat 0.0079 389 263 462 355
cat 0.0016 467 105 491 147
dog 0.0052 467 105 491 148
dog 0.0019 0 135 35 170
dog 0.0014 0 136 13 170
horse 0.0022 0 133 36 170
horse 0.0014 0 135 12 171
horse 0.0010 467 105 491 148
cow 0.0081 0 133 36 170
cow 0.0015 0 135 12 171
bottle 0.0246 148 209 192 262
bottle 0.0076 155 208 191 233
bottle 0.0059 383 313 398 356
bottle 0.0058 173 308 233 336
bottle 0.0042 136 226 172 274
bottle 0.0021 169 302 218 327
bottle 0.0021 141 201 196 233
bottle 0.0016 266 15 330 88
bottle 0.0010 133 291 157 322
chair 0.0109 0 135 35 170
chair 0.0076 226 103 266 128
chair 0.0058 0 138 13 171
pottedplant 0.0079 146 43 205 117
pottedplant 0.0056 396 45 462 114
pottedplant 0.0012 467 104 492 145
pottedplant 0.0010 177 86 204 111
tvmonitor 0.0026 266 20 329 87
