person 0.9096 146 129 264 492
person 0.0740 358 295 374 398
person 0.0219 341 291 375 392
person 0.0047 335 205 375 366
person 0.0042 359 343 375 397
person 0.0025 352 242 378 401
person 0.0024 351 0 374 39
bird 0.0019 144 380 186 412
cat 0.0014 362 299 374 373
dog 0.0011 134 351 189 418
bottle 0.0048 85 398 135 437
bottle 0.0019 359 343 375 397
bottle 0.0015 134 352 184 411
chair 0.9205 247 236 371 377
chair 0.1604 325 237 354 261
chair 0.0885 278 237 355 284
chair 0.0771 358 297 375 397
chair 0.0156 329 241 375 354
chair 0.0139 134 351 189 418
chair 0.0068 237 194 268 254
chair 0.0068 327 237 374 286
chair 0.0053 342 208 374 244
chair 0.0044 232 183 270 328
chair 0.0023 359 349 375 397
chair 0.0020 347 253 374 368
chair 0.0017 344 241 374 311
chair 0.0017 255 235 360 318
chair 0.0013 341 293 375 394
chair 0.0013 337 241 373 262
chair 0.0011 351 0 374 38
sofa 0.0211 362 297 374 378
sofa 0.0057 353 293 374 400
sofa 0.0019 134 351 189 417
pottedplant 0.0014 108 16 126 24
pottedplant 0.0011 86 397 135 438
diningtable 0.2962 342 204 374 243
diningtable 0.0033 339 210 377 325
diningtable 0.0027 134 352 189 418
diningtable 0.0020 246 243 374 377
