person 0.8243 73 153 295 435
person 0.4436 55 23 265 329
person 0.0248 88 154 251 329
person 0.0029 -1 251 315 443
person 0.0012 -1 259 109 442
person 0.0011 0 260 76 385
train 0.0017 -9 120 341 447
cat 0.0031 265 293 311 333
dog 0.0014 78 156 276 405
horse 0.0010 23 246 330 444
bottle 0.0013 222 263 255 310
bottle 0.0011 188 233 243 301
chair 0.0263 43 18 282 445
chair 0.0045 0 260 76 385
chair 0.0039 258 271 334 437
chair 0.0017 1 265 103 441
sofa 0.1450 -1 264 107 441
sofa 0.0248 -1 120 337 445
sofa 0.0116 0 376 107 444
sofa 0.0095 258 276 334 439
sofa 0.0076 0 264 77 386
sofa 0.0030 1 280 326 443
sofa 0.0017 0 99 110 429
diningtable 0.0016 -2 376 107 445
diningtable 0.0014 257 276 334 439
diningtable 0.0011 29 15 309 448
