person 0.9001 65 20 259 497
person 0.0073 251 334 340 500
person 0.0011 78 163 132 306
person 0.0010 141 178 195 318
car 0.0023 246 331 340 497
dog 0.0012 71 127 227 306
bottle 0.0730 94 210 128 306
bottle 0.0031 168 182 194 238
bottle 0.0026 153 244 176 311
bottle 0.0013 78 163 132 306
bottle 0.0011 88 172 174 318
chair 0.2553 246 335 340 498
chair 0.0105 75 325 345 497
chair 0.0072 84 356 245 496
chair 0.0035 194 395 276 498
chair 0.0022 106 356 128 431
chair 0.0016 197 392 244 486
sofa 0.0461 246 331 340 497
diningtable 0.0033 245 331 341 497
tvmonitor 0.0011 95 210 126 305
