person 0.4233 240 177 285 237
person 0.3202 297 337 305 348
person 0.0998 199 182 212 202
person 0.0996 212 181 225 203
person 0.0826 238 178 293 282
person 0.0311 153 200 165 228
person 0.0246 154 200 163 216
person 0.0237 264 296 275 310
person 0.0203 166 198 178 213
person 0.0203 139 201 163 234
person 0.0169 166 198 175 205
person 0.0149 48 331 69 360
person 0.0114 240 189 261 236
person 0.0091 365 361 372 374
person 0.0086 258 174 267 195
person 0.0078 159 199 176 226
person 0.0053 50 331 67 347
person 0.0051 38 331 53 361
person 0.0045 18 331 41 364
person 0.0044 454 298 465 309
person 0.0044 163 198 191 225
person 0.0038 309 334 331 346
person 0.0032 318 330 332 343
person 0.0032 43 347 60 362
person 0.0028 262 290 274 306
person 0.0027 228 197 299 339
person 0.0025 259 225 313 276
person 0.0024 257 181 269 202
person 0.0024 266 207 297 244
person 0.0023 476 287 484 307
person 0.0023 265 195 285 228
person 0.0023 241 183 252 209
person 0.0023 35 330 73 364
person 0.0022 155 199 162 207
person 0.0021 476 285 484 298
person 0.0021 246 170 268 199
person 0.0018 313 325 332 344
person 0.0018 237 322 248 334
person 0.0017 141 201 155 226
person 0.0017 270 199 295 222
person 0.0013 297 323 333 345
person 0.0012 244 180 264 204
person 0.0012 250 206 295 266
person 0.0012 274 207 297 223
person 0.0012 74 228 99 268
person 0.0011 246 295 267 311
person 0.0011 252 171 267 192
person 0.0011 278 314 290 336
person 0.0011 37 345 50 362
person 0.0011 43 329 96 363
person 0.0011 340 297 348 311
person 0.0010 295 316 313 336
person 0.0010 294 317 304 345
person 0.0010 158 197 210 226
car 0.0105 236 325 247 334
car 0.0097 62 342 89 360
car 0.0047 321 304 338 313
car 0.0037 244 299 271 312
car 0.0031 439 283 475 297
car 0.0023 437 297 466 309
car 0.0023 246 294 262 310
car 0.0020 43 329 96 363
car 0.0015 455 298 464 308
car 0.0014 47 331 72 358
car 0.0014 446 284 477 306
car 0.0014 23 357 100 373
car 0.0013 61 341 106 364
car 0.0010 450 293 467 307
car 0.0010 237 303 280 333
car 0.0010 389 284 406 295
aeroplane 0.0341 256 223 313 279
aeroplane 0.0028 238 178 293 282
aeroplane 0.0015 438 282 475 297
aeroplane 0.0010 36 324 105 371
bus 0.0043 252 270 349 313
bus 0.0035 388 292 442 309
bus 0.0010 390 295 415 308
bus 0.0010 356 290 381 310
train 0.0034 254 270 349 313
train 0.0014 439 283 475 297
train 0.0012 384 290 467 309
boat 0.8525 6 -5 409 347
boat 0.0420 0 12 215 360
boat 0.0357 79 195 306 355
boat 0.0320 3 33 121 220
boat 0.0248 438 246 497 308
boat 0.0233 437 283 470 308
boat 0.0203 0 318 106 372
boat 0.0150 437 297 466 309
boat 0.0139 453 298 465 308
boat 0.0138 399 285 469 309
boat 0.0101 366 292 462 309
boat 0.0095 413 294 438 309
boat 0.0090 236 324 247 334
boat 0.0085 43 73 130 217
boat 0.0083 439 283 475 297
boat 0.0066 255 269 350 313
boat 0.0064 0 59 67 236
boat 0.0054 490 293 499 320
boat 0.0038 450 293 467 307
boat 0.0037 457 253 491 304
boat 0.0033 59 178 107 221
boat 0.0033 394 289 428 302
boat 0.0032 40 124 92 222
boat 0.0031 46 322 104 365
boat 0.0030 436 284 453 304
boat 0.0030 366 286 412 307
boat 0.0027 1 39 78 356
boat 0.0027 236 306 279 333
boat 0.0027 57 120 108 215
boat 0.0025 243 292 273 314
boat 0.0023 389 296 416 308
boat 0.0022 291 321 333 345
boat 0.0022 447 282 493 309
boat 0.0021 151 193 208 223
boat 0.0020 0 231 106 373
boat 0.0020 271 306 334 344
boat 0.0020 96 197 244 274
boat 0.0019 190 -1 410 313
boat 0.0019 322 304 338 313
boat 0.0019 486 279 499 319
boat 0.0019 0 123 29 242
boat 0.0019 437 283 451 295
boat 0.0018 234 210 316 339
boat 0.0018 237 324 262 333
boat 0.0017 337 283 473 311
boat 0.0017 0 320 29 366
boat 0.0017 297 337 305 348
boat 0.0017 372 267 493 313
boat 0.0016 4 283 254 365
boat 0.0016 355 290 378 308
boat 0.0013 489 307 499 320
boat 0.0013 289 302 490 337
boat 0.0013 319 335 332 345
boat 0.0012 309 334 331 346
boat 0.0012 399 288 428 296
boat 0.0012 477 294 488 308
boat 0.0011 251 274 483 317
boat 0.0011 1 289 101 358
boat 0.0010 484 293 497 313
boat 0.0010 162 198 210 217
bird 0.1309 297 337 305 348
bird 0.0595 212 181 225 203
bird 0.0539 199 182 213 204
bird 0.0075 319 335 332 345
bird 0.0067 240 179 283 240
bird 0.0054 365 361 372 374
bird 0.0045 219 102 231 112
bird 0.0037 240 185 265 236
bird 0.0035 0 134 17 157
bird 0.0030 309 334 331 346
bird 0.0026 238 178 293 282
bird 0.0023 153 201 164 223
bird 0.0020 317 328 332 343
bird 0.0019 268 199 285 222
bird 0.0016 166 198 175 205
bird 0.0016 257 222 312 280
bird 0.0013 139 202 156 233
dog 0.0132 297 337 305 347
dog 0.0026 199 182 213 205
bottle 0.0023 139 201 163 234
chair 0.0061 76 176 106 218
chair 0.0048 257 222 312 280
chair 0.0024 297 337 305 348
chair 0.0021 138 202 164 234
chair 0.0016 363 354 444 374
chair 0.0013 23 357 104 373
chair 0.0012 39 326 106 373
pottedplant 0.0236 57 120 108 215
pottedplant 0.0108 76 177 106 215
pottedplant 0.0083 74 145 108 218
pottedplant 0.0050 45 124 89 222
pottedplant 0.0038 43 73 130 217
pottedplant 0.0019 0 314 29 366
pottedplant 0.0017 18 334 41 364
pottedplant 0.0011 3 9 139 218
diningtable 0.0011 76 177 106 217
