person 0.5146 362 0 499 232
person 0.0740 144 42 388 324
person 0.0407 1 0 73 366
person 0.0280 0 262 40 361
person 0.0205 0 159 40 366
person 0.0188 1 2 212 320
person 0.0155 11 24 454 339
person 0.0090 0 0 99 177
person 0.0069 136 0 497 254
bicycle 0.0134 368 235 486 266
bicycle 0.0022 150 43 385 326
bicycle 0.0014 396 238 479 259
bicycle 0.0010 0 35 454 339
car 0.0016 364 -1 499 233
motorbike 0.0078 1 39 474 343
motorbike 0.0053 135 42 386 325
motorbike 0.0019 0 261 41 350
motorbike 0.0010 136 0 497 254
boat 0.0055 1 39 474 343
boat 0.0020 135 42 386 325
bird 0.0043 367 236 396 267
bird 0.0014 383 238 396 267
dog 0.0190 148 41 380 326
horse 0.0014 0 35 454 339
bottle 0.7492 31 69 156 365
bottle 0.0045 171 41 382 235
bottle 0.0019 32 90 145 158
bottle 0.0012 362 154 427 232
chair 0.0279 354 1 499 235
chair 0.0067 0 1 100 167
chair 0.0061 362 154 428 234
chair 0.0025 1 2 212 320
chair 0.0016 368 235 486 266
chair 0.0015 148 41 380 326
chair 0.0014 0 263 42 359
chair 0.0010 9 13 449 338
chair 0.0010 413 238 479 259
sofa 0.0567 363 0 499 231
sofa 0.0363 0 2 97 252
sofa 0.0038 0 63 485 358
sofa 0.0013 1 3 218 324
pottedplant 0.0832 48 0 174 129
pottedplant 0.0674 14 0 191 321
pottedplant 0.0159 335 103 425 224
pottedplant 0.0130 136 0 497 254
pottedplant 0.0071 3 -1 362 332
pottedplant 0.0071 362 0 500 234
pottedplant 0.0061 1 -3 158 187
pottedplant 0.0027 358 154 426 225
pottedplant 0.0023 104 16 172 109
pottedplant 0.0013 344 110 411 156
diningtable 0.0138 3 281 440 371
diningtable 0.0044 3 69 442 367
diningtable 0.0017 361 1 497 231
diningtable 0.0017 0 0 98 174
