person 0.0999 249 197 292 262
person 0.0390 147 43 363 371
person 0.0261 192 279 284 367
person 0.0152 192 153 341 369
person 0.0103 418 134 499 368
person 0.0076 114 67 182 271
person 0.0058 246 199 345 296
person 0.0046 250 202 288 236
person 0.0044 256 32 281 101
person 0.0032 261 216 292 251
person 0.0023 104 54 229 250
person 0.0021 142 270 221 367
person 0.0020 242 61 376 352
person 0.0011 385 7 498 374
person 0.0010 294 70 495 368
person 0.0010 25 19 421 381
car 0.0018 109 64 184 277
bird 0.6076 103 47 376 305
bird 0.0934 229 78 375 336
bird 0.0489 99 50 291 215
bird 0.0346 104 54 230 175
bird 0.0242 249 200 290 249
bird 0.0190 158 57 318 270
bird 0.0109 250 45 351 192
bird 0.0072 102 54 269 121
bird 0.0046 255 30 280 111
bird 0.0034 181 58 289 203
bird 0.0032 195 282 284 367
bird 0.0021 106 47 206 275
bird 0.0021 246 199 345 296
bird 0.0019 306 131 371 337
bird 0.0016 250 196 295 286
bird 0.0013 251 39 300 142
bird 0.0010 104 58 193 131
bird 0.0010 259 216 293 251
cat 0.0020 99 35 373 351
cat 0.0017 229 78 375 336
cat 0.0012 192 153 341 369
dog 0.0954 99 35 373 351
dog 0.0427 243 46 373 350
dog 0.0137 105 53 224 181
dog 0.0069 104 53 257 257
dog 0.0056 250 45 351 192
dog 0.0035 224 138 373 300
dog 0.0023 219 2 496 373
dog 0.0023 192 289 283 368
dog 0.0018 190 187 350 370
dog 0.0017 250 197 293 277
dog 0.0010 105 60 166 170
horse 0.0142 246 61 375 344
horse 0.0076 96 33 381 367
horse 0.0054 219 2 496 373
horse 0.0051 250 197 293 277
horse 0.0034 2 259 475 374
horse 0.0030 247 195 342 306
horse 0.0025 418 134 499 368
horse 0.0015 306 131 371 337
horse 0.0011 192 279 284 367
horse 0.0011 1 255 231 369
sheep 0.0221 103 38 375 346
sheep 0.0090 105 53 224 181
sheep 0.0082 193 288 283 368
sheep 0.0075 242 76 378 325
sheep 0.0056 250 196 340 306
sheep 0.0051 109 64 190 280
sheep 0.0050 96 45 313 222
sheep 0.0049 196 209 339 372
sheep 0.0045 250 196 295 286
sheep 0.0041 282 7 501 368
sheep 0.0020 171 61 287 195
sheep 0.0019 224 53 347 258
sheep 0.0013 249 200 290 249
sheep 0.0013 255 219 361 354
sheep 0.0011 104 55 274 136
sheep 0.0011 18 255 230 306
cow 0.0258 242 61 376 352
cow 0.0107 107 34 378 363
cow 0.0064 193 277 285 369
cow 0.0061 282 7 501 368
cow 0.0061 305 134 373 340
cow 0.0043 247 195 342 306
cow 0.0033 249 197 293 280
cow 0.0024 328 82 413 341
bottle 0.0028 256 32 281 101
chair 0.4890 0 265 100 371
chair 0.0083 10 254 233 370
chair 0.0064 193 294 283 368
chair 0.0025 418 130 499 372
chair 0.0024 109 64 184 277
chair 0.0023 142 298 204 367
chair 0.0017 18 255 230 306
sofa 0.0032 418 132 499 368
sofa 0.0017 2 267 100 373
sofa 0.0012 9 257 461 372
diningtable 0.0082 12 254 234 304
diningtable 0.0063 1 259 226 371
diningtable 0.0056 0 266 100 370
