person 0.0533 482 110 499 236
person 0.0141 478 111 499 154
person 0.0070 484 140 498 281
person 0.0028 469 114 499 268
person 0.0027 145 72 158 105
person 0.0023 271 197 316 349
person 0.0022 161 79 173 108
person 0.0018 171 78 182 109
person 0.0018 181 80 189 107
person 0.0017 215 185 281 259
person 0.0014 204 83 213 114
person 0.0013 154 80 163 102
person 0.0013 150 181 217 290
person 0.0010 137 72 146 101
bicycle 0.0011 297 123 314 198
bird 0.0038 301 123 314 131
bird 0.0010 448 231 464 246
horse 0.0014 120 71 139 101
bottle 0.6462 299 153 310 197
bottle 0.0037 418 130 432 152
bottle 0.0032 430 129 445 153
bottle 0.0031 298 123 313 197
bottle 0.0021 432 143 445 154
bottle 0.0017 413 130 426 152
bottle 0.0016 301 177 309 196
bottle 0.0016 435 235 445 248
bottle 0.0013 436 170 445 181
bottle 0.0012 227 184 250 195
bottle 0.0012 439 143 447 154
bottle 0.0011 422 123 433 147
bottle 0.0010 461 123 472 144
bottle 0.0010 226 182 260 201
chair 0.8702 105 192 209 359
chair 0.8435 301 182 372 332
chair 0.7750 204 193 321 369
chair 0.5940 154 181 214 203
chair 0.5786 1 274 142 371
chair 0.5375 154 181 217 269
chair 0.4747 264 198 320 355
chair 0.1257 333 183 366 198
chair 0.0915 151 198 275 362
chair 0.0474 152 194 210 316
chair 0.0346 215 185 281 259
chair 0.0193 275 195 317 293
chair 0.0120 403 147 414 202
chair 0.0105 312 196 337 208
chair 0.0089 390 146 420 293
chair 0.0085 329 183 371 284
chair 0.0071 332 183 349 196
chair 0.0066 265 197 315 220
chair 0.0050 103 196 151 315
chair 0.0041 492 211 499 279
chair 0.0039 417 202 433 218
chair 0.0037 170 255 267 369
chair 0.0037 389 198 431 287
chair 0.0036 334 185 368 208
chair 0.0033 154 191 274 283
chair 0.0031 156 268 206 354
chair 0.0030 310 196 338 222
chair 0.0025 415 201 450 250
chair 0.0024 414 165 430 184
chair 0.0023 156 188 369 240
chair 0.0023 165 232 266 278
chair 0.0020 99 204 118 311
chair 0.0020 323 196 337 206
chair 0.0019 300 161 310 196
chair 0.0017 120 183 222 293
chair 0.0017 346 190 372 303
chair 0.0017 226 182 265 217
chair 0.0016 219 242 256 264
chair 0.0015 402 148 410 186
chair 0.0013 202 192 318 236
chair 0.0012 310 195 321 203
chair 0.0012 284 179 345 266
chair 0.0011 277 210 311 265
chair 0.0011 105 196 152 224
chair 0.0010 109 204 125 311
sofa 0.8459 0 275 142 371
sofa 0.0044 154 181 214 203
pottedplant 0.0413 417 217 449 248
pottedplant 0.0111 227 138 260 202
pottedplant 0.0073 448 231 464 246
pottedplant 0.0062 297 120 314 191
pottedplant 0.0050 218 184 270 244
pottedplant 0.0039 434 217 450 247
pottedplant 0.0035 417 224 438 249
pottedplant 0.0022 455 103 475 117
pottedplant 0.0018 418 127 432 152
pottedplant 0.0015 389 194 428 290
pottedplant 0.0013 412 121 452 154
pottedplant 0.0012 226 182 265 217
pottedplant 0.0011 436 234 446 249
pottedplant 0.0011 115 74 221 148
diningtable 0.7507 148 188 386 370
diningtable 0.0796 160 186 305 239
diningtable 0.0185 157 188 240 264
diningtable 0.0177 145 193 307 279
diningtable 0.0095 211 183 273 249
diningtable 0.0080 100 195 217 314
diningtable 0.0059 209 188 324 224
diningtable 0.0021 311 196 338 214
diningtable 0.0018 270 198 317 349
diningtable 0.0015 302 183 371 330
diningtable 0.0013 226 182 265 217
diningtable 0.0011 390 142 426 284
diningtable 0.0010 102 199 289 353
tvmonitor 0.0098 403 147 413 200
tvmonitor 0.0067 414 164 430 184
tvmonitor 0.0036 402 148 410 186
tvmonitor 0.0012 115 42 221 148
