person 0.8114 345 141 394 208
person 0.0019 345 170 371 209
bicycle 0.8954 347 185 399 244
bicycle 0.0072 346 143 394 211
bicycle 0.0034 347 176 372 211
bicycle 0.0025 391 193 409 212
bicycle 0.0013 344 172 359 196
bicycle 0.0010 349 186 385 218
car 0.0338 110 165 129 174
car 0.0023 99 162 128 174
motorbike 0.0016 347 185 399 244
aeroplane 0.0014 89 159 128 173
bus 0.0633 110 165 128 174
bus 0.0176 89 159 128 173
train 0.0645 0 121 176 242
train 0.0457 110 165 129 174
train 0.0176 89 159 132 173
train 0.0059 82 154 174 233
train 0.0025 65 135 176 157
train 0.0023 -1 116 231 325
train 0.0020 131 146 175 155
train 0.0019 88 147 174 160
train 0.0016 79 148 140 174
train 0.0013 125 150 174 159
train 0.0011 29 133 147 184
train 0.0011 -4 101 426 343
boat 0.0030 110 165 128 174
boat 0.0019 99 162 128 174
boat 0.0011 166 147 174 155
chair 0.0167 391 193 409 212
chair 0.0010 347 185 399 244
pottedplant 0.0029 139 239 211 294
pottedplant 0.0012 136 230 217 371
