person 0.6399 186 325 194 347
person 0.5581 200 322 207 343
person 0.5351 126 321 135 342
person 0.0325 240 326 250 365
person 0.0246 243 325 250 335
person 0.0239 242 326 250 349
person 0.0167 78 313 86 332
person 0.0103 85 318 92 334
person 0.0093 81 314 88 333
person 0.0081 150 329 162 342
person 0.0064 93 321 100 334
person 0.0063 145 315 152 332
person 0.0061 234 329 245 366
person 0.0052 134 321 141 339
person 0.0046 143 319 150 333
person 0.0042 109 317 117 337
person 0.0041 65 323 75 335
person 0.0036 69 314 79 334
person 0.0025 4 315 12 331
person 0.0017 55 322 64 335
person 0.0013 3 299 13 329
person 0.0012 152 319 160 334
person 0.0011 208 326 215 339
person 0.0010 107 319 119 343
bicycle 0.8937 0 349 53 437
bicycle 0.1710 16 349 99 398
bicycle 0.1174 0 350 41 384
bicycle 0.0536 38 352 130 423
bicycle 0.0255 239 338 250 369
bicycle 0.0160 23 357 71 396
bicycle 0.0156 16 356 41 385
bicycle 0.0108 234 337 247 369
bicycle 0.0078 243 342 255 370
bicycle 0.0074 0 342 26 359
bicycle 0.0071 0 346 39 368
bicycle 0.0037 48 355 98 392
bicycle 0.0024 16 347 56 359
bicycle 0.0024 0 356 20 388
bicycle 0.0021 0 350 22 370
bicycle 0.0018 48 349 99 368
bicycle 0.0016 25 348 81 359
bicycle 0.0014 44 347 98 359
bicycle 0.0011 22 350 66 361
bicycle 0.0011 1 329 28 350
bicycle 0.0010 12 342 57 357
bicycle 0.0010 150 329 162 342
bus 0.0038 299 124 334 483
train 0.0026 299 148 331 480
bird 0.0022 123 162 138 175
bird 0.0012 123 159 155 177
chair 0.2933 123 359 157 392
chair 0.0523 51 360 129 422
chair 0.0313 91 365 128 396
chair 0.0137 15 326 29 344
chair 0.0130 1 326 29 357
chair 0.0065 122 364 136 392
chair 0.0060 20 349 106 422
chair 0.0050 150 329 162 342
chair 0.0048 0 340 22 358
chair 0.0040 50 354 97 388
chair 0.0024 65 361 132 395
chair 0.0015 0 348 44 386
chair 0.0014 127 320 135 341
chair 0.0013 77 370 103 391
chair 0.0013 300 354 310 385
chair 0.0011 0 334 15 345
pottedplant 0.0094 145 312 152 332
pottedplant 0.0079 109 317 117 337
pottedplant 0.0079 139 343 154 354
pottedplant 0.0038 127 321 134 342
pottedplant 0.0028 152 334 166 345
pottedplant 0.0027 107 319 119 343
pottedplant 0.0024 109 310 116 329
pottedplant 0.0021 165 334 173 342
pottedplant 0.0020 7 297 16 305
pottedplant 0.0020 78 313 86 332
pottedplant 0.0019 93 321 100 333
pottedplant 0.0017 151 318 159 332
pottedplant 0.0016 139 339 155 349
pottedplant 0.0016 240 333 287 376
pottedplant 0.0015 66 323 76 335
pottedplant 0.0015 69 314 79 334
pottedplant 0.0014 143 319 150 333
pottedplant 0.0014 85 318 92 334
pottedplant 0.0013 3 296 15 328
pottedplant 0.0013 81 314 88 333
pottedplant 0.0012 152 326 163 342
pottedplant 0.0012 141 337 159 347
pottedplant 0.0010 107 334 122 345
pottedplant 0.0010 4 305 13 330
diningtable 0.0117 65 361 132 395
diningtable 0.0046 1 327 29 346
diningtable 0.0020 124 360 156 391
diningtable 0.0017 0 331 28 358
diningtable 0.0015 99 364 132 395
diningtable 0.0013 0 334 15 345
diningtable 0.0010 48 354 97 389
diningtable 0.0010 46 347 141 382
