person 0.7136 95 26 164 125
person 0.5410 473 83 497 132
person 0.2152 472 82 498 178
person 0.0313 333 129 360 163
person 0.0258 424 143 433 161
person 0.0217 334 130 352 153
person 0.0187 443 145 459 160
person 0.0171 433 149 447 161
person 0.0155 433 115 498 227
person 0.0101 310 175 328 184
person 0.0066 414 149 422 162
person 0.0048 484 87 498 176
person 0.0043 426 139 439 160
person 0.0041 432 120 449 160
person 0.0037 433 115 494 162
person 0.0036 283 187 295 211
person 0.0033 274 187 290 211
person 0.0032 400 173 415 181
person 0.0029 226 139 265 234
person 0.0028 234 178 259 234
person 0.0026 400 69 422 128
person 0.0025 317 176 329 188
person 0.0022 112 171 151 237
person 0.0022 437 130 458 160
person 0.0019 264 187 281 229
person 0.0012 45 44 157 104
person 0.0010 194 102 288 239
person 0.0010 398 147 416 161
bicycle 0.0015 333 131 363 162
car 0.0029 308 175 328 184
car 0.0014 400 173 416 181
car 0.0012 6 172 132 234
motorbike 0.0050 3 75 488 231
aeroplane 0.0414 18 81 484 228
aeroplane 0.0068 19 158 482 236
bus 0.0067 135 170 229 204
bus 0.0031 251 163 462 190
bus 0.0017 129 167 259 223
bus 0.0015 3 88 486 236
train 0.0252 3 88 486 236
train 0.0128 42 161 476 234
train 0.0046 245 160 476 220
train 0.0038 251 163 462 190
boat 0.0312 19 158 482 236
boat 0.0180 18 81 484 228
boat 0.0060 245 160 476 220
boat 0.0044 400 68 421 126
boat 0.0029 256 60 472 215
boat 0.0026 261 161 459 190
bird 0.0135 334 130 352 153
bird 0.0022 333 131 363 162
bird 0.0010 433 115 494 162
dog 0.0058 435 114 498 176
dog 0.0024 433 149 447 161
horse 0.8919 11 75 289 235
horse 0.8399 433 115 498 227
horse 0.0132 21 154 479 236
horse 0.0039 4 34 492 232
horse 0.0035 433 115 494 162
horse 0.0030 10 72 211 186
horse 0.0025 6 73 97 195
sheep 0.0010 433 115 497 225
cow 0.0199 433 116 497 227
cow 0.0012 469 84 498 224
chair 0.0036 399 83 422 125
pottedplant 0.0194 333 131 363 162
pottedplant 0.0133 245 148 267 167
pottedplant 0.0062 338 144 363 163
pottedplant 0.0039 424 142 434 161
pottedplant 0.0024 394 145 416 161
pottedplant 0.0018 307 175 326 184
pottedplant 0.0014 367 134 387 162
pottedplant 0.0014 413 148 421 161
tvmonitor 0.0010 2 32 100 205
