person 0.7617 299 314 311 351
person 0.1504 287 286 295 301
person 0.1298 431 285 438 297
person 0.0506 418 284 427 295
person 0.0504 13 224 22 249
person 0.0498 477 283 485 294
person 0.0224 434 285 441 296
person 0.0203 187 249 195 263
person 0.0191 297 285 306 296
person 0.0153 464 284 483 294
person 0.0150 317 297 330 303
person 0.0131 47 250 57 264
person 0.0105 313 297 325 302
person 0.0083 61 251 70 264
person 0.0074 83 300 94 311
person 0.0071 417 287 429 297
person 0.0067 149 258 156 266
person 0.0056 145 258 152 266
person 0.0054 293 285 300 297
person 0.0050 309 295 329 303
person 0.0046 153 258 160 266
person 0.0045 124 261 133 268
person 0.0042 136 260 143 268
person 0.0032 166 298 175 307
person 0.0031 485 238 499 367
person 0.0030 20 313 29 350
person 0.0027 299 313 308 326
person 0.0025 333 293 365 303
person 0.0025 158 259 165 266
person 0.0023 182 254 190 265
person 0.0022 402 287 410 296
person 0.0021 3 332 11 351
person 0.0021 64 309 73 318
person 0.0020 481 353 498 373
person 0.0019 19 312 30 375
person 0.0019 208 244 215 252
person 0.0017 196 246 203 257
person 0.0015 301 284 314 295
person 0.0015 415 283 425 293
person 0.0013 438 283 445 295
person 0.0013 330 294 351 303
person 0.0012 21 314 29 333
person 0.0012 126 260 136 268
person 0.0011 206 290 215 299
person 0.0010 392 287 406 296
bicycle 0.0016 475 283 485 294
bicycle 0.0014 418 286 427 296
bicycle 0.0012 83 301 93 311
bicycle 0.0011 224 298 243 306
bicycle 0.0011 481 353 499 373
car 0.8738 272 293 392 327
car 0.3397 462 286 478 294
car 0.1876 343 292 379 302
car 0.1809 356 292 375 299
car 0.1687 474 284 485 294
car 0.0644 417 285 428 296
car 0.0642 344 291 393 307
car 0.0588 328 292 388 314
car 0.0471 224 298 241 306
car 0.0361 454 287 475 295
car 0.0356 386 287 400 295
car 0.0229 248 297 279 306
car 0.0223 484 241 499 372
car 0.0191 206 297 230 306
car 0.0131 481 353 499 373
car 0.0121 434 285 441 296
car 0.0100 366 294 393 316
car 0.0087 83 300 95 311
car 0.0073 273 298 309 327
car 0.0073 410 288 427 297
car 0.0070 392 287 406 296
car 0.0069 439 286 447 295
car 0.0064 486 256 497 302
car 0.0059 333 293 365 303
car 0.0058 480 327 498 371
car 0.0057 154 172 181 199
car 0.0057 432 285 438 297
car 0.0053 83 298 105 311
car 0.0050 130 294 177 310
car 0.0047 402 287 410 296
car 0.0044 451 287 464 295
car 0.0041 164 286 197 306
car 0.0040 166 293 227 308
car 0.0035 376 300 394 317
car 0.0034 205 291 228 304
car 0.0032 169 285 194 296
car 0.0028 206 291 217 299
car 0.0026 99 299 113 310
car 0.0023 239 298 248 306
car 0.0019 297 285 306 296
car 0.0019 349 291 369 299
car 0.0019 46 235 85 265
car 0.0018 404 287 421 297
car 0.0017 299 313 308 326
car 0.0017 374 290 390 298
car 0.0017 371 290 380 297
car 0.0017 275 296 336 324
car 0.0016 166 297 174 307
car 0.0015 211 188 240 206
car 0.0014 80 290 115 311
car 0.0014 347 289 363 298
car 0.0012 415 283 425 293
car 0.0012 479 289 498 372
car 0.0012 182 297 226 308
car 0.0012 63 309 73 318
car 0.0011 98 291 177 312
car 0.0011 187 197 216 210
car 0.0010 105 170 174 193
car 0.0010 207 289 247 305
motorbike 0.0102 418 286 427 296
motorbike 0.0023 475 283 485 294
motorbike 0.0022 464 284 483 294
motorbike 0.0016 481 353 499 373
motorbike 0.0011 431 284 437 297
motorbike 0.0011 410 288 427 297
aeroplane 0.0033 188 184 280 209
aeroplane 0.0029 185 185 290 231
aeroplane 0.0021 0 6 180 203
aeroplane 0.0013 154 172 180 198
aeroplane 0.0011 2 139 179 202
bus 0.0322 484 241 499 372
bus 0.0052 486 250 498 304
bus 0.0010 386 287 400 295
train 0.0073 484 241 499 372
boat 0.1334 0 0 181 203
boat 0.0096 180 186 290 237
boat 0.0053 152 185 292 269
boat 0.0051 0 182 102 273
boat 0.0049 9 153 172 201
boat 0.0036 4 168 88 191
boat 0.0032 481 206 500 369
boat 0.0031 50 177 84 190
boat 0.0019 56 180 317 287
boat 0.0017 1 109 181 203
boat 0.0017 154 172 180 198
boat 0.0014 137 182 456 289
boat 0.0013 105 170 174 193
boat 0.0012 186 185 274 212
bottle 0.0032 300 314 311 352
bottle 0.0013 13 225 21 248
pottedplant 0.0016 477 283 485 294
pottedplant 0.0015 2 332 11 351
