person 0.0267 320 355 385 374
person 0.0113 320 356 351 374
person 0.0028 182 155 206 196
car 0.0035 300 89 317 95
car 0.0018 6 77 29 88
car 0.0013 491 71 499 80
boat 0.0124 300 89 317 95
bird 0.0196 320 355 385 374
bird 0.0147 321 356 351 374
bird 0.0064 303 162 330 172
bird 0.0061 280 161 329 173
bird 0.0046 284 162 331 185
bird 0.0013 183 154 206 195
cat 0.0016 183 154 207 195
dog 0.1412 183 155 206 195
dog 0.0020 320 355 385 374
dog 0.0013 320 356 354 374
dog 0.0013 190 168 274 206
horse 0.0138 182 155 206 197
horse 0.0012 304 170 386 191
sheep 0.8843 188 187 295 273
sheep 0.8726 261 173 414 282
sheep 0.7133 300 170 387 190
sheep 0.5895 193 168 280 204
sheep 0.5573 182 155 206 197
sheep 0.1400 280 161 330 185
sheep 0.0926 303 162 331 173
sheep 0.0553 203 164 322 195
sheep 0.0438 336 189 415 276
sheep 0.0406 183 180 218 205
sheep 0.0343 279 161 323 174
sheep 0.0282 278 166 303 176
sheep 0.0189 278 166 307 186
sheep 0.0176 298 171 333 189
sheep 0.0150 239 160 310 175
sheep 0.0110 231 165 305 178
sheep 0.0110 211 168 277 183
sheep 0.0099 258 177 300 272
sheep 0.0074 208 183 280 206
sheep 0.0069 275 163 303 173
sheep 0.0044 354 172 387 189
sheep 0.0042 183 156 254 197
sheep 0.0041 183 155 204 173
sheep 0.0040 196 179 222 198
sheep 0.0037 305 164 365 175
sheep 0.0036 188 200 220 239
sheep 0.0032 310 232 348 266
sheep 0.0031 262 172 296 187
sheep 0.0025 228 168 280 177
sheep 0.0021 191 166 337 233
sheep 0.0021 287 184 385 211
sheep 0.0021 372 226 394 256
sheep 0.0019 188 186 240 240
sheep 0.0019 183 187 202 205
sheep 0.0016 195 177 240 203
sheep 0.0014 196 222 220 237
sheep 0.0013 260 173 338 272
sheep 0.0013 198 162 236 181
sheep 0.0011 261 172 296 201
cow 0.0611 183 154 206 195
cow 0.0053 301 89 317 96
cow 0.0024 190 166 309 201
cow 0.0022 299 169 388 191
cow 0.0017 304 162 331 173
cow 0.0013 281 161 330 180
cow 0.0012 188 187 294 271
bottle 0.0030 321 356 351 374
diningtable 0.0011 -2 214 433 370
