person 0.0039 -4 -20 491 373
car 0.0055 -2 -8 486 366
bird 0.0012 -1 -10 442 372
cat 0.5128 9 3 501 368
cat 0.3313 272 76 416 361
cat 0.0304 230 3 476 342
dog 0.0826 -1 -9 473 370
dog 0.0390 274 84 414 367
dog 0.0066 230 3 476 342
horse 0.0061 -3 -11 475 373
horse 0.0020 275 86 410 367
sheep 0.0012 274 84 414 367
cow 0.0059 0 -3 326 372
cow 0.0017 458 212 499 371
chair 0.0121 1 0 499 367
chair 0.0035 251 25 496 369
sofa 0.0206 -2 -25 493 375
sofa 0.0027 230 5 494 369
sofa 0.0017 -2 204 501 374
sofa 0.0016 366 51 498 367
pottedplant 0.0021 -1 -7 466 363
diningtable 0.0017 -7 265 501 374
tvmonitor 0.0013 1 0 499 367
