person 0.0625 308 100 400 195
person 0.0362 192 83 419 195
person 0.0315 307 127 344 179
person 0.0179 351 107 400 156
person 0.0168 249 133 302 180
person 0.0090 312 88 390 151
person 0.0076 173 110 221 172
person 0.0051 263 86 325 173
person 0.0044 355 108 395 138
person 0.0043 238 136 284 184
person 0.0042 225 154 271 194
person 0.0029 178 110 218 147
person 0.0027 314 142 339 173
person 0.0025 238 153 270 183
person 0.0019 256 134 340 182
person 0.0018 315 88 369 128
person 0.0014 169 142 221 186
person 0.0014 266 90 311 150
person 0.0012 274 85 366 157
person 0.0011 239 98 310 174
person 0.0010 179 137 213 169
diningtable 0.0051 16 253 466 371
diningtable 0.0012 7 68 490 370
tvmonitor 0.9496 130 51 438 271
tvmonitor 0.0010 138 50 443 115
