person 0.7358 12 96 487 350
person 0.6395 0 132 184 309
person 0.0879 126 106 495 267
person 0.0124 296 120 500 239
person 0.0040 0 133 81 216
person 0.0038 0 136 72 299
person 0.0022 1 205 99 301
person 0.0020 351 193 429 243
person 0.0013 -67 -207 212 217
cat 0.1326 174 202 453 311
cat 0.0575 351 194 443 243
cat 0.0014 379 211 446 244
cat 0.0011 249 194 455 275
dog 0.5584 180 200 458 304
dog 0.0621 350 194 444 244
dog 0.0468 61 101 460 312
dog 0.0025 276 194 449 262
cow 0.0011 175 198 465 312
bottle 0.0037 114 161 184 243
bottle 0.0033 121 213 170 234
bottle 0.0017 161 212 172 223
bottle 0.0010 123 234 179 265
chair 0.0027 2 94 501 374
sofa 0.3504 1 -8 497 374
sofa 0.0495 6 -2 451 157
sofa 0.0259 1 210 497 372
sofa 0.0240 34 80 506 265
sofa 0.0055 163 112 500 365
sofa 0.0040 213 104 395 140
sofa 0.0018 0 136 248 313
sofa 0.0012 180 1 499 226
