person 0.8292 249 121 437 372
person 0.7372 222 26 378 207
person 0.6340 66 23 266 367
person 0.5280 90 80 391 370
person 0.0256 66 23 260 189
person 0.0101 180 362 212 373
person 0.0052 197 159 256 191
person 0.0026 131 142 273 351
person 0.0026 458 177 498 369
person 0.0019 444 177 499 292
person 0.0018 484 191 499 368
person 0.0016 180 138 323 233
person 0.0015 160 360 211 374
person 0.0014 404 87 460 199
person 0.0013 407 208 499 372
person 0.0013 252 125 308 227
person 0.0011 244 216 385 369
car 0.0037 359 86 498 372
car 0.0019 319 93 373 145
car 0.0013 344 319 360 330
car 0.0013 349 318 383 330
bottle 0.0025 181 363 209 373
bottle 0.0015 344 319 360 330
bottle 0.0014 139 117 163 147
bottle 0.0014 209 222 308 275
bottle 0.0010 200 162 242 188
bottle 0.0010 240 228 254 252
chair 0.4084 17 88 164 371
chair 0.3124 57 92 134 176
chair 0.1988 358 85 499 369
chair 0.1896 27 224 165 371
chair 0.1869 209 86 495 374
chair 0.1481 403 86 461 207
chair 0.1473 444 172 499 240
chair 0.0974 407 92 499 232
chair 0.0667 25 33 272 370
chair 0.0666 17 173 82 242
chair 0.0399 57 141 84 177
chair 0.0309 16 175 83 308
chair 0.0294 444 176 498 305
chair 0.0214 317 92 373 158
chair 0.0175 405 225 497 371
chair 0.0114 66 92 133 111
chair 0.0070 405 87 444 108
chair 0.0066 40 95 134 250
chair 0.0062 217 282 307 371
chair 0.0052 406 86 449 133
chair 0.0050 358 87 460 229
chair 0.0036 53 50 255 214
chair 0.0033 470 181 496 364
chair 0.0031 101 93 131 110
chair 0.0027 47 81 247 166
chair 0.0023 320 93 374 115
chair 0.0022 361 93 376 107
chair 0.0018 62 92 130 134
chair 0.0017 317 94 333 111
chair 0.0015 316 220 483 372
chair 0.0015 490 230 499 278
chair 0.0015 484 191 499 368
chair 0.0014 13 223 479 371
chair 0.0014 448 172 493 199
chair 0.0014 17 171 107 373
chair 0.0013 82 92 406 370
chair 0.0013 32 30 417 247
chair 0.0013 319 87 440 159
chair 0.0012 303 87 410 215
chair 0.0012 160 360 211 374
chair 0.0011 13 194 44 314
sofa 0.6391 5 107 484 371
sofa 0.1839 18 138 163 371
sofa 0.1275 217 96 438 373
sofa 0.0484 353 86 499 370
sofa 0.0377 316 92 373 157
sofa 0.0268 444 172 499 238
sofa 0.0215 407 218 498 371
sofa 0.0205 25 33 272 370
sofa 0.0205 12 256 498 373
sofa 0.0202 321 87 459 214
sofa 0.0139 430 102 500 366
sofa 0.0101 404 87 460 199
sofa 0.0094 58 93 134 159
sofa 0.0049 53 50 255 214
sofa 0.0044 222 40 387 211
sofa 0.0044 217 282 306 372
sofa 0.0037 29 22 413 280
sofa 0.0012 368 87 498 232
diningtable 0.0031 20 170 166 371
diningtable 0.0011 63 92 134 110
tvmonitor 0.0014 405 88 439 103
