person 0.7535 70 15 208 156
person 0.7467 40 84 195 478
person 0.1836 7 205 107 487
person 0.0951 65 15 206 325
person 0.0529 86 168 178 475
person 0.0333 25 109 49 178
person 0.0255 110 219 157 319
person 0.0161 24 180 76 474
person 0.0049 127 228 152 284
person 0.0037 29 109 68 184
person 0.0036 47 98 192 223
person 0.0022 46 125 68 179
person 0.0021 138 225 153 270
person 0.0021 28 110 43 130
bottle 0.0490 136 225 153 272
bottle 0.0086 127 228 152 284
bottle 0.0050 109 286 132 332
bottle 0.0010 140 224 151 242
chair 0.0074 91 161 324 484
chair 0.0017 2 181 108 485
diningtable 0.0046 99 316 321 485
diningtable 0.0025 2 181 108 485
diningtable 0.0010 93 151 326 486
