person 0.9240 34 46 203 370
person 0.9067 382 150 499 372
person 0.9007 183 45 306 371
person 0.8897 275 67 386 370
person 0.7436 0 109 47 368
person 0.3720 44 109 65 175
person 0.1535 381 85 415 157
person 0.1507 45 110 64 145
person 0.1314 345 88 384 154
person 0.1291 468 81 498 152
person 0.0820 5 102 45 176
person 0.0706 471 144 499 193
person 0.0628 368 156 435 223
person 0.0454 0 117 46 227
person 0.0421 423 115 465 163
person 0.0400 449 105 474 141
person 0.0236 352 89 376 135
person 0.0162 352 88 374 115
person 0.0145 356 101 401 156
person 0.0135 28 142 47 181
person 0.0128 370 111 394 154
person 0.0114 467 93 499 195
person 0.0104 333 86 349 117
person 0.0100 443 144 470 162
person 0.0092 367 154 435 188
person 0.0076 416 131 439 171
person 0.0072 19 119 60 289
person 0.0047 32 128 57 184
person 0.0038 430 112 452 140
person 0.0038 184 46 287 173
person 0.0036 434 144 477 204
person 0.0031 338 99 352 136
person 0.0031 354 96 437 217
person 0.0028 355 88 372 105
person 0.0028 445 118 472 157
person 0.0028 22 213 44 290
person 0.0026 396 103 445 168
person 0.0022 423 125 449 157
person 0.0020 382 85 405 118
person 0.0018 48 264 90 371
person 0.0017 50 108 61 120
person 0.0017 431 147 495 238
person 0.0016 10 106 38 149
person 0.0016 185 123 206 144
person 0.0015 470 80 488 111
person 0.0014 436 144 470 179
person 0.0014 0 106 25 152
person 0.0013 323 143 432 206
person 0.0012 479 177 499 332
person 0.0012 23 124 47 162
person 0.0012 391 267 499 372
person 0.0011 471 124 498 157
person 0.0011 340 99 358 145
person 0.0010 388 132 436 171
person 0.0010 381 157 422 174
person 0.0010 288 141 435 295
bicycle 0.0038 31 151 46 181
bicycle 0.0014 20 248 51 287
motorbike 0.0012 29 144 47 181
bottle 0.0091 117 328 151 371
bottle 0.0058 381 157 422 174
bottle 0.0044 364 354 377 365
bottle 0.0031 399 158 408 170
bottle 0.0027 204 277 301 372
bottle 0.0013 205 334 246 373
bottle 0.0013 75 292 150 369
bottle 0.0011 47 238 151 365
chair 0.4224 387 209 498 372
chair 0.1423 471 144 499 194
chair 0.0323 279 172 498 371
chair 0.0315 412 131 438 171
chair 0.0150 390 295 500 373
chair 0.0137 458 331 499 373
chair 0.0123 444 143 470 162
chair 0.0121 372 171 430 223
chair 0.0121 429 134 461 156
chair 0.0085 481 187 499 211
chair 0.0082 372 166 432 194
chair 0.0071 373 155 408 169
chair 0.0070 253 277 277 316
chair 0.0066 392 331 494 373
chair 0.0065 403 131 419 158
chair 0.0062 479 199 498 249
chair 0.0058 195 171 408 371
chair 0.0056 417 132 436 158
chair 0.0056 26 314 75 373
chair 0.0053 29 145 47 180
chair 0.0053 35 137 50 151
chair 0.0052 392 345 422 374
chair 0.0050 371 205 406 366
chair 0.0049 374 200 396 248
chair 0.0045 366 152 382 161
chair 0.0044 482 318 498 332
chair 0.0034 409 151 435 170
chair 0.0028 423 125 449 157
chair 0.0028 32 128 57 184
chair 0.0026 370 111 394 154
chair 0.0025 76 330 91 374
chair 0.0023 388 132 436 171
chair 0.0022 0 306 40 373
chair 0.0021 396 130 412 159
chair 0.0019 401 109 442 154
chair 0.0018 381 157 422 174
chair 0.0018 70 330 86 373
chair 0.0017 21 240 52 287
chair 0.0017 397 287 468 317
chair 0.0017 389 130 407 158
chair 0.0016 432 143 498 222
chair 0.0016 293 186 399 331
chair 0.0016 203 275 304 371
chair 0.0016 368 155 431 186
chair 0.0015 33 156 46 180
chair 0.0014 372 172 415 191
chair 0.0014 281 309 304 365
chair 0.0013 374 160 500 240
chair 0.0012 374 96 417 159
chair 0.0012 366 153 382 170
chair 0.0011 16 276 71 373
chair 0.0010 478 283 500 333
chair 0.0010 418 125 463 170
sofa 0.0445 370 174 499 372
sofa 0.0274 252 168 496 367
sofa 0.0215 369 159 435 224
sofa 0.0054 471 144 499 194
sofa 0.0041 371 155 499 240
sofa 0.0038 367 154 435 188
sofa 0.0032 150 118 425 370
sofa 0.0032 375 185 432 221
sofa 0.0023 400 128 438 171
sofa 0.0013 0 306 39 373
diningtable 0.2485 366 157 435 192
diningtable 0.0555 368 159 452 228
diningtable 0.0403 340 149 439 217
diningtable 0.0344 373 157 422 176
diningtable 0.0172 394 159 410 171
diningtable 0.0166 282 148 439 252
diningtable 0.0100 481 188 499 213
diningtable 0.0039 35 136 50 150
diningtable 0.0030 423 164 495 241
diningtable 0.0028 373 155 408 169
diningtable 0.0027 383 150 500 362
diningtable 0.0027 373 170 429 198
diningtable 0.0020 19 289 51 317
diningtable 0.0020 374 180 431 221
diningtable 0.0015 16 267 62 371
diningtable 0.0013 368 113 437 213
