person 0.0410 177 248 185 273
person 0.0300 205 247 212 276
person 0.0129 207 265 214 278
person 0.0077 171 248 178 270
person 0.0070 172 248 182 272
person 0.0051 168 248 176 267
person 0.0039 192 253 204 272
person 0.0021 315 243 330 298
person 0.0017 0 65 221 494
person 0.0012 235 244 244 282
bicycle 0.0034 0 65 221 494
car 0.0129 0 65 221 494
car 0.0010 191 249 212 271
motorbike 0.7282 2 63 222 496
bus 0.0062 1 63 239 483
train 0.1219 2 77 239 484
chair 0.0019 191 255 205 269
diningtable 0.0011 191 255 205 269
