person 0.7206 222 178 241 198
person 0.0134 103 193 118 223
person 0.0043 183 170 219 195
person 0.0036 198 179 214 195
person 0.0035 93 191 118 241
person 0.0034 205 186 217 196
person 0.0017 245 185 256 200
person 0.0017 443 289 450 296
person 0.0017 171 171 262 197
person 0.0014 97 191 116 209
person 0.0012 201 171 219 195
person 0.0011 238 178 249 196
bicycle 0.0026 93 191 118 241
bicycle 0.0010 101 194 118 223
car 0.0010 113 170 294 289
aeroplane 0.8010 93 156 481 304
aeroplane 0.0201 183 171 219 194
aeroplane 0.0034 150 167 215 194
aeroplane 0.0028 171 171 262 197
aeroplane 0.0025 202 170 220 192
aeroplane 0.0022 129 154 218 194
aeroplane 0.0020 92 134 215 242
aeroplane 0.0014 30 73 489 275
aeroplane 0.0011 238 175 325 216
aeroplane 0.0011 96 135 125 239
bus 0.0010 463 191 498 225
train 0.0030 463 192 499 224
boat 0.0013 463 192 499 224
bird 0.0266 443 289 450 296
chair 0.0016 93 197 117 242
