person 0.9124 0 90 215 474
person 0.8843 161 7 479 481
person 0.0065 14 69 30 118
person 0.0055 55 120 79 154
person 0.0053 48 110 69 147
person 0.0045 12 58 42 120
person 0.0045 0 84 9 120
person 0.0037 16 88 28 116
person 0.0019 471 280 488 446
person 0.0019 179 0 454 278
person 0.0019 -3 81 423 475
person 0.0018 0 97 8 128
person 0.0014 27 78 44 115
person 0.0013 10 81 28 124
person 0.0011 0 59 101 468
dog 0.0024 47 110 68 148
bottle 0.0112 408 442 488 479
bottle 0.0032 408 337 486 479
bottle 0.0022 354 73 366 103
bottle 0.0018 360 75 374 106
bottle 0.0017 469 354 482 425
bottle 0.0014 471 280 488 446
bottle 0.0014 467 322 484 458
bottle 0.0013 457 272 486 455
chair 0.0164 408 440 487 478
chair 0.0067 457 272 486 455
chair 0.0061 471 280 488 446
chair 0.0031 466 290 488 366
chair 0.0026 476 330 488 368
chair 0.0012 476 326 489 409
chair 0.0011 423 268 485 472
chair 0.0010 407 350 487 479
chair 0.0010 390 449 415 477
chair 0.0010 469 356 482 424
sofa 0.0029 19 16 469 478
