person 0.0153 296 58 315 82
person 0.0023 255 52 264 79
person 0.0018 151 2 177 20
person 0.0018 0 325 16 371
bird 0.0014 151 4 176 21
bottle 0.1670 175 49 192 81
bottle 0.0597 237 44 247 78
bottle 0.0515 355 83 369 116
bottle 0.0414 256 49 264 79
bottle 0.0388 310 41 323 79
bottle 0.0242 270 45 282 78
bottle 0.0082 262 48 272 78
bottle 0.0051 224 33 241 79
bottle 0.0048 296 57 316 82
bottle 0.0045 127 1 146 29
bottle 0.0044 258 48 269 78
bottle 0.0040 245 1 256 19
bottle 0.0036 272 44 281 60
bottle 0.0032 280 49 291 77
bottle 0.0030 359 83 368 105
bottle 0.0027 140 46 160 81
bottle 0.0025 242 24 262 79
bottle 0.0018 257 16 266 29
bottle 0.0017 257 0 276 34
bottle 0.0014 254 0 272 18
bottle 0.0011 361 40 376 61
bottle 0.0011 229 0 239 15
bottle 0.0010 18 323 45 373
bottle 0.0010 346 43 363 61
chair 0.9267 306 111 499 370
chair 0.0140 0 262 43 372
chair 0.0071 97 256 170 372
chair 0.0067 308 319 459 373
chair 0.0045 0 261 94 371
chair 0.0042 322 185 391 248
chair 0.0023 2 253 178 371
chair 0.0015 0 321 44 374
chair 0.0014 390 112 500 299
chair 0.0013 480 227 499 283
chair 0.0012 0 324 18 373
chair 0.0010 53 252 430 375
pottedplant 0.0018 84 3 147 88
diningtable 0.0062 48 131 458 362
diningtable 0.0023 89 157 421 241
tvmonitor 0.8974 245 80 324 158
tvmonitor 0.8834 171 84 247 172
tvmonitor 0.0040 97 256 170 371
