person 0.9165 209 55 499 366
person 0.8998 0 7 260 377
person 0.8489 240 194 294 318
person 0.6391 275 192 338 266
person 0.0950 231 208 259 309
person 0.0651 237 207 262 256
person 0.0620 298 192 322 219
person 0.0539 314 191 341 235
person 0.0361 338 217 355 233
person 0.0156 336 203 354 234
person 0.0116 261 197 339 305
person 0.0103 228 247 254 315
person 0.0097 289 174 305 217
person 0.0095 212 203 258 331
person 0.0068 268 194 294 223
person 0.0062 200 200 231 266
person 0.0053 14 0 481 369
person 0.0045 282 195 298 221
person 0.0039 22 20 30 31
person 0.0031 289 188 301 217
person 0.0029 187 194 251 346
person 0.0027 126 177 255 349
person 0.0027 199 200 240 318
person 0.0022 135 169 185 302
person 0.0021 200 264 251 348
person 0.0021 248 189 269 217
person 0.0015 322 215 338 235
person 0.0014 291 194 334 248
person 0.0014 274 234 296 281
person 0.0013 238 259 253 316
person 0.0012 138 200 152 260
person 0.0012 79 258 156 371
person 0.0012 88 264 237 371
person 0.0011 139 174 169 236
person 0.0010 254 193 293 244
car 0.0022 247 188 268 215
car 0.0021 200 190 264 254
car 0.0012 201 185 267 221
dog 0.0012 4 14 210 346
chair 0.0018 199 200 232 269
chair 0.0010 338 220 354 233
