person 0.4139 229 35 238 43
person 0.1730 136 37 153 86
person 0.0518 139 67 153 86
person 0.0422 240 23 250 42
person 0.0384 279 55 309 85
person 0.0269 151 37 180 80
person 0.0266 10 70 22 90
person 0.0257 217 35 238 46
person 0.0155 151 47 171 78
person 0.0110 160 48 181 75
person 0.0089 138 37 154 65
person 0.0075 288 24 310 34
person 0.0071 169 47 183 68
person 0.0054 291 24 323 44
person 0.0052 242 7 251 40
person 0.0038 247 34 260 42
person 0.0035 296 31 315 45
person 0.0033 242 25 260 42
person 0.0032 266 24 291 35
person 0.0027 151 63 162 81
person 0.0027 250 25 298 41
person 0.0027 261 60 293 83
person 0.0026 257 62 279 81
person 0.0026 221 60 239 83
person 0.0023 301 34 318 45
person 0.0021 303 25 332 44
person 0.0021 293 23 329 35
person 0.0020 201 52 241 89
person 0.0019 153 47 170 60
person 0.0019 368 76 383 86
person 0.0017 0 59 8 71
person 0.0017 202 22 343 47
person 0.0016 179 51 188 64
person 0.0015 17 72 32 90
person 0.0014 277 58 298 82
person 0.0014 395 178 406 185
person 0.0014 266 24 315 42
person 0.0014 154 39 169 55
person 0.0013 158 57 176 78
person 0.0013 251 33 276 42
person 0.0013 250 21 330 40
person 0.0012 218 31 245 81
person 0.0012 42 3 51 31
person 0.0011 276 24 298 34
person 0.0011 200 41 210 52
bicycle 0.0028 295 23 330 44
bicycle 0.0022 305 30 330 45
bicycle 0.0010 139 67 153 86
bicycle 0.0010 301 34 318 45
car 0.9362 12 39 483 195
car 0.0187 252 23 302 40
car 0.0092 255 24 277 36
car 0.0047 264 24 290 35
car 0.0044 295 23 330 44
car 0.0031 251 33 276 42
car 0.0022 284 23 317 43
car 0.0021 289 24 310 34
car 0.0011 160 58 179 77
car 0.0011 257 26 340 48
car 0.0010 276 24 298 34
motorbike 0.0022 305 30 330 45
motorbike 0.0014 13 39 486 196
motorbike 0.0014 295 23 330 44
bus 0.0013 0 1 43 32
boat 0.0128 251 23 330 40
boat 0.0046 285 24 310 34
boat 0.0035 266 24 290 35
boat 0.0025 252 24 291 41
boat 0.0023 295 23 330 44
boat 0.0020 284 23 317 43
boat 0.0014 276 24 298 34
bird 0.0031 227 34 239 44
bird 0.0011 396 178 406 185
dog 0.0044 288 24 310 34
dog 0.0028 293 23 329 35
dog 0.0013 291 24 323 44
dog 0.0011 229 35 238 43
horse 0.0020 293 23 329 35
horse 0.0015 288 24 310 34
bottle 0.0011 395 178 406 185
chair 0.0033 303 25 332 44
chair 0.0017 306 24 330 36
chair 0.0013 263 24 291 40
chair 0.0012 284 23 331 41
chair 0.0010 161 56 178 75
pottedplant 0.0246 475 0 499 78
pottedplant 0.0075 0 1 39 31
pottedplant 0.0043 10 70 21 90
pottedplant 0.0026 136 37 153 87
pottedplant 0.0019 151 47 171 78
pottedplant 0.0017 138 37 154 65
pottedplant 0.0016 467 76 499 112
pottedplant 0.0010 152 46 169 65
diningtable 0.0032 256 23 332 40
