person 0.8934 2 20 282 374
person 0.1860 54 0 136 37
person 0.1126 193 0 240 88
person 0.0777 55 0 93 36
person 0.0713 28 78 481 366
person 0.0692 0 0 65 73
person 0.0602 195 0 239 40
person 0.0373 260 142 498 370
person 0.0172 37 0 87 44
person 0.0119 301 234 499 370
person 0.0114 239 72 311 166
person 0.0107 190 0 210 23
person 0.0092 196 0 291 103
person 0.0077 61 0 137 18
person 0.0061 26 0 66 50
person 0.0061 0 322 23 371
person 0.0047 387 95 435 152
person 0.0037 399 98 432 138
person 0.0036 350 6 493 181
person 0.0034 406 98 447 127
person 0.0032 172 0 204 25
person 0.0030 213 21 242 94
person 0.0029 50 1 70 35
person 0.0028 437 102 482 142
person 0.0027 195 1 220 25
person 0.0027 117 182 319 370
person 0.0023 27 0 66 25
person 0.0023 463 102 482 141
person 0.0019 402 100 478 134
person 0.0019 0 291 29 373
person 0.0018 0 0 40 49
person 0.0017 355 88 483 153
person 0.0016 63 0 198 30
person 0.0015 19 0 140 66
person 0.0011 196 0 238 16
person 0.0011 279 162 427 307
person 0.0011 185 284 263 372
person 0.0011 198 0 292 36
bicycle 0.3223 236 44 497 364
bicycle 0.0645 329 4 500 227
bicycle 0.0104 267 219 500 372
bicycle 0.0070 0 127 488 371
bicycle 0.0017 65 -11 501 332
bicycle 0.0017 0 105 53 186
bicycle 0.0016 389 150 498 238
car 0.0073 178 0 209 24
car 0.0046 -8 -14 498 371
car 0.0011 195 0 239 27
motorbike 0.0280 260 116 499 368
motorbike 0.0128 0 127 488 371
motorbike 0.0012 302 230 500 372
bus 0.0019 -7 -15 501 371
train 0.0020 -7 -15 501 371
boat 0.0032 -7 -15 501 371
dog 0.0096 54 0 137 36
dog 0.0015 0 0 52 77
horse 0.0037 0 127 488 371
bottle 0.0383 325 142 349 172
bottle 0.0380 179 335 261 372
bottle 0.0189 326 142 340 158
bottle 0.0103 326 141 338 152
bottle 0.0081 355 173 388 244
bottle 0.0065 315 166 410 274
bottle 0.0051 288 231 317 273
bottle 0.0046 382 218 418 277
bottle 0.0045 321 181 355 237
bottle 0.0035 386 219 396 237
bottle 0.0032 306 263 354 296
bottle 0.0023 290 224 332 270
bottle 0.0021 321 176 353 207
bottle 0.0021 321 143 376 193
bottle 0.0016 385 213 400 241
bottle 0.0015 293 226 319 256
bottle 0.0015 307 225 320 235
bottle 0.0012 299 186 326 240
bottle 0.0011 281 331 310 374
bottle 0.0011 56 1 93 36
bottle 0.0010 325 220 339 243
chair 0.5932 352 0 499 221
chair 0.4434 0 105 53 183
chair 0.3239 54 0 137 35
chair 0.3136 287 5 328 78
chair 0.1776 224 2 292 103
chair 0.0869 0 180 29 371
chair 0.0623 5 292 30 350
chair 0.0444 1 0 56 77
chair 0.0433 0 135 24 187
chair 0.0425 0 106 52 134
chair 0.0399 0 179 19 318
chair 0.0394 382 103 498 221
chair 0.0243 0 178 60 372
chair 0.0223 194 1 241 94
chair 0.0204 196 0 240 43
chair 0.0202 0 297 25 373
chair 0.0194 22 0 140 63
chair 0.0164 238 1 321 69
chair 0.0154 0 341 24 373
chair 0.0151 53 0 94 37
chair 0.0137 238 1 292 34
chair 0.0137 288 24 319 60
chair 0.0121 294 5 355 69
chair 0.0118 364 1 498 104
chair 0.0104 286 3 407 156
chair 0.0087 0 183 17 259
chair 0.0082 0 169 261 373
chair 0.0070 0 5 56 178
chair 0.0062 0 103 55 315
chair 0.0061 21 335 35 371
chair 0.0061 288 5 323 44
chair 0.0059 0 133 28 262
chair 0.0056 336 12 351 32
chair 0.0054 410 103 480 142
chair 0.0052 220 30 243 93
chair 0.0052 315 7 351 34
chair 0.0044 190 0 210 23
chair 0.0043 -16 95 494 370
chair 0.0041 163 0 307 98
chair 0.0041 13 331 80 372
chair 0.0040 28 0 226 76
chair 0.0039 167 -4 497 289
chair 0.0038 3 0 92 61
chair 0.0037 348 3 378 89
chair 0.0034 3 291 81 374
chair 0.0030 294 77 399 153
chair 0.0029 -1 121 46 166
chair 0.0028 343 151 387 186
chair 0.0027 29 347 80 373
chair 0.0025 0 136 29 165
chair 0.0023 150 -2 476 149
chair 0.0020 239 67 498 369
chair 0.0020 172 0 197 25
chair 0.0019 24 -1 64 63
chair 0.0019 235 167 366 369
chair 0.0015 52 2 76 35
chair 0.0014 195 1 220 25
chair 0.0014 2 0 147 104
chair 0.0013 0 244 17 312
chair 0.0013 61 0 137 18
chair 0.0012 208 2 239 32
chair 0.0012 63 0 198 30
chair 0.0012 278 153 399 286
chair 0.0011 32 22 48 63
chair 0.0010 329 16 350 41
chair 0.0010 306 113 395 153
sofa 0.0165 0 291 27 373
sofa 0.0130 -16 95 494 370
sofa 0.0096 2 123 287 372
sofa 0.0091 0 341 23 373
sofa 0.0087 0 207 30 373
sofa 0.0016 0 177 64 370
sofa 0.0015 196 0 291 103
sofa 0.0010 1 242 250 370
diningtable 0.0044 354 0 499 219
diningtable 0.0029 288 4 353 78
diningtable 0.0015 0 341 24 373
diningtable 0.0014 0 57 35 113
diningtable 0.0014 190 0 299 96
diningtable 0.0014 0 53 53 139
diningtable 0.0011 0 107 53 154
