person 0.8722 15 21 334 484
person 0.2212 301 66 332 145
person 0.1809 0 270 239 492
person 0.0259 144 94 333 460
person 0.0227 0 276 87 464
person 0.0119 0 271 71 379
person 0.0069 0 24 177 298
person 0.0054 302 84 331 205
person 0.0050 152 255 330 422
person 0.0026 269 30 305 62
person 0.0023 124 27 335 207
person 0.0016 288 37 306 62
person 0.0015 216 265 331 495
person 0.0014 269 31 292 53
person 0.0012 158 1 305 68
person 0.0012 0 432 244 497
person 0.0010 209 285 328 360
bicycle 0.0018 0 270 330 496
car 0.1211 142 2 332 93
car 0.0167 137 1 302 55
car 0.0142 280 21 332 114
car 0.0084 247 2 333 102
car 0.0050 286 23 328 67
car 0.0026 13 0 312 61
car 0.0015 230 1 322 67
car 0.0014 269 30 305 62
motorbike 0.0015 6 257 335 498
dog 0.0022 0 270 239 492
bottle 0.0024 56 314 83 332
chair 0.4673 197 337 334 497
chair 0.2376 -1 24 175 302
chair 0.1729 -2 23 334 318
chair 0.1015 162 1 305 76
chair 0.0787 -1 273 244 498
chair 0.0374 0 155 334 492
chair 0.0294 301 64 332 194
chair 0.0184 1 429 242 497
chair 0.0105 286 62 328 116
chair 0.0104 301 66 332 129
chair 0.0102 135 45 333 463
chair 0.0064 66 331 334 498
chair 0.0047 292 86 312 118
chair 0.0043 255 370 332 497
chair 0.0034 299 77 320 121
chair 0.0032 18 0 314 60
chair 0.0024 107 30 335 210
chair 0.0020 148 0 333 131
chair 0.0018 273 271 328 304
chair 0.0018 139 3 179 49
chair 0.0016 5 122 144 299
chair 0.0014 299 432 332 498
chair 0.0014 294 367 332 495
chair 0.0012 254 280 280 306
chair 0.0012 319 138 332 187
chair 0.0010 313 110 331 207
sofa 0.5782 2 25 332 488
sofa 0.1597 -1 25 178 296
sofa 0.0284 300 65 332 187
sofa 0.0175 202 337 332 498
sofa 0.0109 140 0 317 65
sofa 0.0038 11 13 324 210
sofa 0.0035 60 434 247 496
sofa 0.0030 11 318 335 498
sofa 0.0018 142 68 333 461
sofa 0.0012 145 248 331 433
diningtable 0.0058 286 62 328 116
diningtable 0.0041 285 48 330 95
diningtable 0.0024 0 434 243 497
diningtable 0.0012 286 35 330 73
diningtable 0.0012 291 85 312 117
