person 0.0027 9 172 18 189
person 0.0018 439 0 460 37
person 0.0016 23 196 33 227
person 0.0012 9 169 21 212
person 0.0011 21 0 39 39
person 0.0010 10 171 19 196
person 0.0010 0 9 20 49
car 0.0111 172 194 186 205
car 0.0029 198 12 252 41
car 0.0017 122 182 140 196
car 0.0017 154 191 169 199
car 0.0016 341 70 354 77
car 0.0016 219 0 250 35
car 0.0012 293 88 308 107
car 0.0012 422 190 433 197
car 0.0010 164 289 178 301
bus 0.0037 293 88 308 106
train 0.0336 293 88 308 106
train 0.0139 8 167 24 214
train 0.0095 177 4 261 43
train 0.0079 434 136 499 169
train 0.0076 9 171 19 193
train 0.0053 10 187 25 212
train 0.0042 19 -6 483 52
train 0.0034 122 182 140 196
train 0.0028 1 158 25 190
train 0.0024 29 173 41 181
train 0.0018 28 174 39 186
train 0.0018 1 179 13 242
train 0.0016 0 152 7 185
train 0.0016 20 64 116 78
train 0.0010 22 185 33 207
boat 0.0017 177 4 261 43
boat 0.0012 462 62 499 137
boat 0.0010 361 45 474 65
