person 0.0052 27 244 373 371
person 0.0033 2 45 385 370
person 0.0012 0 214 67 308
cat 0.8177 137 118 347 368
cat 0.0151 -27 77 325 284
cat 0.0032 54 135 304 313
bottle 0.0043 51 248 85 294
chair 0.2012 2 46 324 368
chair 0.0277 45 204 363 370
chair 0.0047 154 76 361 369
chair 0.0017 11 254 162 370
chair 0.0016 0 47 73 312
chair 0.0015 0 45 218 237
chair 0.0014 46 238 226 370
sofa 0.6057 4 43 351 368
sofa 0.0444 43 219 365 371
sofa 0.0243 3 49 303 236
sofa 0.0057 0 47 73 312
sofa 0.0047 1 48 201 327
sofa 0.0017 10 217 202 370
diningtable 0.0010 44 219 362 371
diningtable 0.0010 329 -1 497 366
