person 0.0049 466 122 498 203
person 0.0033 1 -1 167 149
person 0.0026 1 -10 489 293
person 0.0020 491 123 499 155
person 0.0013 482 123 498 193
person 0.0011 3 194 491 368
boat 0.0013 3 209 491 370
bird 0.0047 466 149 499 201
cat 0.0034 466 150 499 201
cat 0.0025 24 7 464 285
dog 0.9439 6 3 480 262
dog 0.0122 465 124 499 202
horse 0.0031 465 124 499 202
horse 0.0023 270 -4 499 199
sheep 0.0085 465 124 499 203
cow 0.0102 465 124 499 202
bottle 0.0023 27 207 469 360
chair 0.0134 6 209 492 370
chair 0.0041 11 320 486 371
chair 0.0020 -1 4 486 273
chair 0.0015 7 339 98 373
chair 0.0012 274 324 478 372
sofa 0.1336 -1 5 491 384
sofa 0.0388 0 207 491 369
sofa 0.0137 1 -1 167 149
sofa 0.0057 2 299 488 370
diningtable 0.0699 0 214 489 370
diningtable 0.0581 15 317 486 371
diningtable 0.0167 3 330 316 370
diningtable 0.0025 -5 5 493 382
diningtable 0.0012 273 324 476 372
