person 0.0519 51 367 66 390
person 0.0407 169 372 192 399
person 0.0143 177 370 203 393
person 0.0102 201 376 233 401
person 0.0078 335 325 355 367
person 0.0058 362 206 373 225
person 0.0048 94 329 104 366
person 0.0047 151 373 185 401
person 0.0041 48 369 60 391
person 0.0030 210 382 239 401
person 0.0028 333 340 351 368
person 0.0025 215 372 248 400
person 0.0025 360 206 374 251
person 0.0022 256 376 285 393
person 0.0022 388 357 398 368
person 0.0021 371 198 402 255
person 0.0017 400 354 408 368
person 0.0015 273 336 282 359
person 0.0014 401 354 409 380
person 0.0013 331 348 339 368
person 0.0012 331 329 345 369
person 0.0011 189 373 226 405
person 0.0010 306 333 318 373
bicycle 0.0255 42 400 75 421
bicycle 0.0166 0 400 45 453
bicycle 0.0166 27 399 76 434
bicycle 0.0147 0 389 74 453
bicycle 0.0083 0 388 24 421
bicycle 0.0078 0 417 31 453
bicycle 0.0077 361 324 402 368
bicycle 0.0064 22 402 45 450
bicycle 0.0051 364 197 403 257
bicycle 0.0031 26 402 52 426
bicycle 0.0021 23 404 41 423
bicycle 0.0015 362 206 373 225
bicycle 0.0013 361 199 398 224
bicycle 0.0011 366 327 398 351
car 0.9529 34 358 358 489
car 0.0018 51 400 74 418
car 0.0016 -1 389 72 454
car 0.0013 308 332 319 349
car 0.0010 41 321 69 331
motorbike 0.3116 0 389 74 453
motorbike 0.0238 0 395 30 454
motorbike 0.0158 42 400 75 421
motorbike 0.0122 0 389 25 422
motorbike 0.0108 22 402 45 450
motorbike 0.0092 27 399 76 434
motorbike 0.0048 50 367 67 390
bird 0.0029 362 207 372 223
dog 0.0010 48 368 66 390
bottle 0.0043 55 367 66 389
chair 0.0064 74 360 99 389
chair 0.0058 361 326 401 368
chair 0.0029 90 329 105 389
chair 0.0023 74 331 104 390
chair 0.0021 373 206 401 255
chair 0.0018 94 329 104 368
chair 0.0017 364 325 390 346
chair 0.0017 373 326 395 347
chair 0.0015 75 359 97 371
chair 0.0010 81 349 101 383
pottedplant 0.0200 51 367 66 390
pottedplant 0.0067 48 369 60 391
pottedplant 0.0031 361 325 401 367
pottedplant 0.0026 112 146 141 187
pottedplant 0.0025 90 144 114 186
pottedplant 0.0021 333 324 356 365
pottedplant 0.0021 82 143 143 188
pottedplant 0.0017 146 155 171 194
pottedplant 0.0015 371 66 409 102
pottedplant 0.0015 358 298 378 328
pottedplant 0.0014 358 300 385 350
pottedplant 0.0014 363 317 383 342
pottedplant 0.0012 328 294 399 375
pottedplant 0.0012 365 197 404 257
pottedplant 0.0011 35 361 62 391
diningtable 0.0013 362 326 399 368
