person 0.3199 22 12 305 348
person 0.0843 52 60 169 166
person 0.0212 13 198 312 373
person 0.0060 -1 15 178 372
person 0.0059 131 111 268 262
person 0.0056 63 73 260 194
person 0.0046 86 112 222 255
person 0.0028 121 279 251 371
person 0.0022 47 154 121 247
person 0.0022 1 -1 320 168
person 0.0017 145 195 228 256
person 0.0013 296 64 319 101
person 0.0013 102 222 248 358
person 0.0010 67 146 253 288
person 0.0010 162 1 322 217
cat 0.0070 50 57 167 167
cat 0.0015 99 116 270 270
dog 0.0157 135 115 268 264
dog 0.0033 51 58 169 167
bottle 0.2781 93 231 221 304
bottle 0.1722 163 244 218 290
bottle 0.0037 144 195 238 259
bottle 0.0031 182 219 193 242
bottle 0.0030 47 152 121 249
bottle 0.0027 173 201 194 245
bottle 0.0014 155 195 219 295
bottle 0.0011 162 195 210 252
chair 0.0311 -2 25 227 371
chair 0.0156 29 203 307 375
chair 0.0153 40 222 138 373
chair 0.0096 -2 -3 86 371
chair 0.0095 0 226 62 374
chair 0.0029 0 278 33 374
chair 0.0028 117 1 323 366
chair 0.0018 288 75 319 216
chair 0.0012 10 0 203 203
chair 0.0011 -1 94 47 388
chair 0.0011 260 200 319 324
sofa 0.3373 15 -1 316 365
sofa 0.0087 -4 0 322 182
sofa 0.0069 260 201 319 323
sofa 0.0041 -2 -3 86 371
sofa 0.0028 26 197 312 374
sofa 0.0023 232 16 320 344
sofa 0.0013 42 28 218 332
sofa 0.0013 9 226 139 373
