person 0.0031 253 32 273 58
person 0.0019 35 155 217 216
person 0.0017 110 43 129 61
person 0.0010 47 156 125 216
bird 0.0081 110 43 129 61
cat 0.0654 47 156 125 216
cat 0.0317 185 137 245 186
cat 0.0036 38 155 194 218
cat 0.0032 110 43 129 61
dog 0.0493 47 159 126 218
dog 0.0408 41 154 192 218
dog 0.0170 185 137 244 186
dog 0.0033 253 31 274 58
horse 0.0033 253 31 274 58
horse 0.0015 110 43 129 61
chair 0.0410 475 342 499 374
chair 0.0093 13 334 95 373
chair 0.0056 323 133 500 255
chair 0.0048 3 286 101 373
chair 0.0040 454 161 499 255
chair 0.0023 463 144 498 165
chair 0.0022 449 144 498 186
chair 0.0019 8 268 60 372
chair 0.0013 0 280 18 373
sofa 0.9295 310 133 499 254
sofa 0.0022 452 160 499 256
pottedplant 0.8294 278 93 357 190
pottedplant 0.0073 110 43 129 61
pottedplant 0.0029 299 134 322 187
pottedplant 0.0017 299 138 315 174
pottedplant 0.0013 282 143 294 165
pottedplant 0.0012 324 127 352 148
pottedplant 0.0011 341 111 360 145
pottedplant 0.0010 278 130 305 188
