person 0.0087 278 93 289 117
person 0.0048 252 94 289 130
person 0.0027 424 59 432 79
person 0.0014 283 75 291 83
person 0.0013 274 91 290 128
person 0.0011 263 47 271 59
boat 0.0032 464 48 489 90
boat 0.0011 248 105 283 132
bird 0.5038 246 96 289 131
bird 0.4800 309 49 319 59
bird 0.4389 263 47 271 59
bird 0.3273 447 53 453 65
bird 0.2149 424 59 432 78
bird 0.1957 278 93 288 117
bird 0.1343 348 17 361 27
bird 0.1204 354 117 372 130
bird 0.0817 281 74 292 84
bird 0.0546 346 17 362 41
bird 0.0400 284 75 291 82
bird 0.0339 286 47 320 58
bird 0.0326 278 93 306 123
bird 0.0177 360 56 378 67
bird 0.0129 245 82 307 132
bird 0.0105 461 132 482 158
bird 0.0104 250 20 439 118
bird 0.0103 274 91 290 128
bird 0.0069 351 17 364 32
bird 0.0062 435 120 451 147
bird 0.0062 322 43 376 65
bird 0.0056 398 20 409 29
bird 0.0055 354 55 378 83
bird 0.0051 265 47 280 61
bird 0.0045 287 33 390 69
bird 0.0041 255 44 328 78
bird 0.0039 242 37 315 118
bird 0.0028 300 49 318 60
bird 0.0026 411 97 420 105
bird 0.0024 272 74 290 83
bird 0.0024 294 98 307 118
bird 0.0023 285 75 300 83
bird 0.0020 348 56 368 67
bird 0.0019 396 21 411 55
bird 0.0019 465 48 489 89
bird 0.0018 311 29 493 83
bird 0.0018 354 16 364 26
bird 0.0014 361 48 490 90
bird 0.0013 344 56 357 65
bird 0.0012 52 29 357 149
bird 0.0012 254 105 278 124
bird 0.0011 345 16 364 59
bird 0.0010 220 62 434 129
cat 0.0019 252 94 289 130
cat 0.0012 66 106 102 154
dog 0.8917 68 169 192 221
dog 0.8473 64 107 105 170
dog 0.0209 62 108 168 168
dog 0.0095 252 104 282 131
dog 0.0041 62 109 188 217
dog 0.0035 277 93 289 119
dog 0.0023 278 93 306 123
dog 0.0014 68 171 107 206
sheep 0.0017 252 94 289 130
cow 0.0140 252 104 283 131
