person 0.0081 417 310 426 319
person 0.0047 422 298 432 316
person 0.0033 390 299 400 310
person 0.0019 412 295 423 311
person 0.0013 416 303 424 318
person 0.0012 460 268 473 285
person 0.0011 380 315 389 327
bird 0.9660 32 77 391 313
bird 0.0333 446 335 463 344
bird 0.0308 432 337 445 347
bird 0.0260 461 266 475 285
bird 0.0143 371 312 383 328
bird 0.0137 412 295 422 311
bird 0.0111 380 314 390 327
bird 0.0095 6 170 63 199
bird 0.0091 417 310 426 319
bird 0.0090 376 312 389 327
bird 0.0086 377 252 400 263
bird 0.0085 343 219 351 230
bird 0.0083 10 185 31 223
bird 0.0072 393 243 405 250
bird 0.0070 422 299 433 316
bird 0.0067 361 351 374 362
bird 0.0064 462 257 491 284
bird 0.0064 351 307 367 323
bird 0.0054 390 299 399 310
bird 0.0052 374 241 384 249
bird 0.0052 1 161 63 216
bird 0.0046 38 200 49 212
bird 0.0045 375 245 395 260
bird 0.0040 416 303 424 318
bird 0.0040 10 191 22 222
bird 0.0038 375 244 388 256
bird 0.0034 0 169 42 194
bird 0.0029 484 271 497 287
bird 0.0028 439 233 453 244
bird 0.0027 469 314 476 322
bird 0.0025 406 299 417 310
bird 0.0025 398 301 407 310
bird 0.0025 470 192 490 203
bird 0.0023 0 160 14 184
bird 0.0019 362 246 388 259
bird 0.0018 30 199 39 211
bird 0.0016 441 252 450 260
bird 0.0016 332 266 341 280
bird 0.0015 305 345 398 368
bird 0.0014 387 309 394 321
bird 0.0014 48 193 79 207
bird 0.0013 463 237 472 255
bird 0.0013 334 236 343 243
bird 0.0012 391 320 412 330
bird 0.0012 3 150 206 205
bird 0.0010 27 196 39 215
bird 0.0010 7 186 52 224
