person 0.0127 99 377 145 410
person 0.0049 317 71 325 85
person 0.0033 314 72 327 109
person 0.0015 245 78 255 89
bicycle 0.0111 208 98 226 128
bicycle 0.0037 214 98 226 119
bicycle 0.0017 214 98 230 131
car 0.7906 316 62 372 114
car 0.0324 314 70 329 111
car 0.0216 194 61 214 134
car 0.0073 174 54 213 138
car 0.0068 197 87 213 130
car 0.0066 199 93 223 129
car 0.0057 314 87 326 110
car 0.0052 144 43 214 141
car 0.0038 318 69 328 85
car 0.0020 212 99 227 128
car 0.0018 320 65 335 82
car 0.0017 317 66 336 101
car 0.0016 -4 6 215 485
car 0.0014 246 79 254 88
car 0.0010 361 46 374 63
bus 0.0015 113 18 215 139
train 0.0012 -1 8 213 490
boat 0.0015 99 378 145 410
boat 0.0012 -2 6 218 306
bird 0.1058 98 377 145 410
bird 0.0027 207 328 226 347
bird 0.0025 98 375 147 451
bird 0.0016 123 437 134 453
cat 0.0044 99 377 145 410
dog 0.0151 99 378 145 410
dog 0.0013 97 375 146 451
horse 0.0037 -1 8 213 490
horse 0.0010 99 378 145 410
sheep 0.0018 99 379 145 409
cow 0.0048 0 5 214 484
bottle 0.0107 99 378 146 410
