person 0.6387 454 166 470 197
person 0.4951 394 172 407 195
person 0.1115 452 178 469 199
person 0.1067 400 172 412 194
person 0.0688 412 176 422 196
person 0.0588 409 172 419 193
person 0.0353 175 174 181 192
person 0.0282 414 174 423 189
person 0.0219 397 175 419 197
person 0.0135 339 178 347 195
person 0.0126 87 174 94 186
person 0.0052 462 168 473 188
person 0.0028 136 173 143 181
person 0.0024 401 165 413 179
person 0.0017 173 166 180 185
person 0.0015 133 170 142 181
person 0.0013 391 176 403 192
person 0.0012 487 140 494 150
bicycle 0.2417 451 180 469 200
bicycle 0.0137 393 179 409 197
bicycle 0.0079 390 176 420 197
bicycle 0.0038 465 184 476 194
bicycle 0.0017 454 168 470 197
bicycle 0.0016 478 183 491 191
bicycle 0.0013 407 174 418 195
bicycle 0.0013 489 182 499 192
bicycle 0.0010 412 176 422 196
car 0.8724 417 173 458 197
car 0.6473 0 173 10 190
car 0.0365 479 185 489 192
car 0.0284 487 182 499 191
car 0.0256 392 177 405 195
car 0.0235 371 178 386 189
car 0.0127 397 175 419 197
car 0.0088 456 170 468 195
car 0.0068 452 180 470 200
car 0.0065 13 159 31 167
car 0.0063 19 158 32 166
car 0.0061 412 176 422 196
car 0.0047 413 176 427 195
car 0.0045 415 177 443 196
car 0.0041 9 155 32 165
car 0.0038 5 159 30 170
car 0.0037 407 174 418 195
car 0.0037 368 178 393 196
car 0.0037 414 174 423 189
car 0.0030 22 156 35 165
car 0.0030 461 172 472 189
car 0.0024 344 174 386 194
car 0.0022 432 174 455 187
car 0.0022 470 180 480 190
car 0.0018 22 153 46 164
car 0.0018 0 151 20 159
car 0.0016 0 162 12 183
car 0.0015 465 184 476 194
car 0.0015 0 174 15 212
car 0.0014 376 177 392 190
car 0.0012 156 181 179 192
car 0.0012 420 171 435 180
car 0.0011 133 170 142 181
car 0.0010 0 156 15 190
motorbike 0.5272 451 180 469 200
motorbike 0.4979 392 177 409 196
motorbike 0.1133 397 175 419 197
motorbike 0.0293 454 168 470 197
motorbike 0.0171 407 174 418 195
motorbike 0.0129 391 179 403 194
motorbike 0.0122 412 176 422 196
motorbike 0.0116 401 173 413 193
motorbike 0.0089 417 174 457 198
motorbike 0.0052 478 183 491 191
motorbike 0.0029 396 171 408 194
motorbike 0.0028 465 184 476 194
motorbike 0.0021 371 178 386 189
motorbike 0.0019 489 182 499 192
motorbike 0.0013 414 174 423 189
bus 0.0036 0 172 9 189
boat 0.0013 331 53 389 151
bird 0.0041 372 49 388 60
bird 0.0040 121 100 143 108
bird 0.0034 331 58 344 68
horse 0.0019 453 180 470 199
pottedplant 0.0468 323 159 344 194
pottedplant 0.0074 343 174 367 195
pottedplant 0.0039 363 158 380 182
pottedplant 0.0035 339 178 347 195
pottedplant 0.0022 342 162 376 195
pottedplant 0.0022 359 152 411 193
pottedplant 0.0020 333 52 395 200
pottedplant 0.0013 346 170 359 190
pottedplant 0.0011 361 160 373 177
pottedplant 0.0010 87 174 94 186
