person 0.8698 71 -5 491 328
person 0.7099 383 -5 499 329
person 0.0411 386 0 480 107
person 0.0116 2 0 276 330
person 0.0070 226 -5 389 142
person 0.0065 130 212 193 266
person 0.0061 439 118 499 328
person 0.0056 103 16 224 158
person 0.0043 122 -2 460 165
person 0.0042 372 37 396 75
person 0.0025 373 28 456 84
person 0.0023 102 20 303 208
person 0.0019 0 33 29 97
person 0.0011 455 7 500 317
person 0.0011 1 0 223 198
person 0.0010 0 324 21 332
car 0.0063 365 185 410 233
car 0.0014 0 32 29 94
car 0.0013 133 213 193 268
car 0.0011 -27 -7 512 333
car 0.0010 0 30 51 271
aeroplane 0.0021 0 108 78 325
aeroplane 0.0010 0 176 45 249
boat 0.0016 365 186 410 232
bird 0.0021 0 33 29 97
horse 0.0028 371 38 397 75
bottle 0.0100 27 13 303 316
bottle 0.0038 11 0 117 72
bottle 0.0022 12 -1 214 88
bottle 0.0018 0 32 30 93
bottle 0.0014 101 22 258 236
bottle 0.0014 176 139 236 188
chair 0.0258 439 118 499 328
chair 0.0063 423 -8 499 332
chair 0.0031 -27 -7 512 333
chair 0.0019 175 73 498 327
chair 0.0016 0 171 80 325
chair 0.0015 372 37 396 75
chair 0.0011 0 176 44 247
chair 0.0010 1 29 60 290
sofa 0.0043 164 1 499 328
sofa 0.0010 386 -7 498 330
diningtable 0.0038 -7 -2 491 329
diningtable 0.0025 1 1 243 331
diningtable 0.0014 0 13 83 328
tvmonitor 0.0084 -27 -7 512 333
tvmonitor 0.0017 0 176 45 247
tvmonitor 0.0016 11 27 241 323
tvmonitor 0.0013 0 33 50 266
