person 0.7060 10 101 505 371
person 0.0376 50 264 500 371
person 0.0040 78 -4 462 223
person 0.0040 -1 0 191 253
person 0.0034 2 -1 186 85
person 0.0027 346 309 488 373
person 0.0016 0 125 286 371
person 0.0010 193 166 497 369
car 0.0016 294 74 322 93
car 0.0011 291 70 347 95
cat 0.0036 233 172 488 313
dog 0.8279 230 167 493 311
dog 0.0077 233 206 318 306
dog 0.0028 24 191 442 373
bottle 0.0023 294 74 321 93
bottle 0.0015 287 0 332 79
bottle 0.0014 291 70 347 95
chair 0.1660 0 0 189 255
chair 0.0244 117 135 173 216
chair 0.0234 93 23 187 214
chair 0.0152 -7 -1 505 367
chair 0.0069 1 60 297 373
chair 0.0055 0 186 506 371
chair 0.0034 2 -1 186 86
chair 0.0031 115 145 163 194
chair 0.0023 263 0 500 237
chair 0.0021 488 270 499 350
chair 0.0017 0 218 140 369
chair 0.0013 0 98 137 267
chair 0.0011 117 129 221 207
sofa 0.7606 0 -1 189 267
sofa 0.3267 12 25 500 371
sofa 0.0955 43 -5 459 233
sofa 0.0652 259 -1 500 251
sofa 0.0351 5 242 508 371
sofa 0.0115 2 -1 186 86
sofa 0.0053 347 309 493 373
sofa 0.0034 94 21 187 194
sofa 0.0032 366 246 499 359
sofa 0.0032 5 106 319 372
sofa 0.0019 116 140 172 195
sofa 0.0017 368 121 499 354
sofa 0.0013 185 269 498 373
pottedplant 0.0073 174 73 220 118
diningtable 0.0019 347 302 498 372
tvmonitor 0.0016 232 1 378 73
