person 0.0019 156 159 244 268
person 0.0018 191 394 497 460
person 0.0015 129 96 341 154
car 0.0810 25 87 374 177
car 0.0013 9 1 460 186
car 0.0010 -5 -2 500 71
boat 0.0081 14 72 368 176
boat 0.0010 15 2 420 182
bird 0.0045 155 161 243 270
cat 0.0445 156 159 244 268
dog 0.9076 270 191 394 330
dog 0.7846 156 160 244 269
dog 0.0544 109 173 409 325
dog 0.0030 194 409 403 460
dog 0.0013 113 98 350 161
dog 0.0010 118 155 244 184
sheep 0.0292 200 407 380 459
sheep 0.0042 156 165 245 268
sheep 0.0016 109 173 409 325
sheep 0.0011 455 166 499 189
cow 0.0117 156 161 243 269
cow 0.0017 92 174 410 327
chair 0.0031 1 5 221 116
sofa 0.0062 0 5 220 117
sofa 0.0019 13 80 376 180
pottedplant 0.0025 411 11 500 86
diningtable 0.0016 0 6 220 117
