person 0.9227 281 163 337 331
person 0.8636 114 134 161 247
person 0.8581 395 165 435 300
person 0.8569 423 180 455 302
person 0.8294 378 199 410 307
person 0.7752 223 213 267 346
person 0.1460 374 172 397 206
person 0.1069 384 171 398 190
person 0.0423 369 174 397 264
person 0.0304 375 171 391 186
person 0.0258 178 268 209 330
person 0.0140 150 267 212 339
person 0.0133 339 187 392 295
person 0.0117 473 169 481 183
person 0.0114 251 172 260 182
person 0.0086 389 174 404 199
person 0.0064 178 229 240 334
person 0.0057 167 179 185 192
person 0.0053 385 168 406 185
person 0.0041 247 173 258 183
person 0.0038 179 269 198 319
person 0.0035 428 197 437 222
person 0.0028 253 168 262 179
person 0.0027 492 167 499 181
person 0.0025 355 172 384 188
person 0.0025 294 167 302 182
person 0.0018 358 183 384 203
person 0.0017 320 167 335 183
person 0.0016 39 216 54 238
person 0.0013 429 193 444 223
person 0.0013 383 163 397 172
person 0.0011 340 174 388 252
person 0.0010 413 231 431 295
person 0.0010 479 168 493 182
car 0.7647 356 172 382 188
car 0.7380 425 170 450 185
car 0.4963 388 167 412 185
car 0.4686 324 161 357 185
car 0.3284 273 164 296 174
car 0.2284 30 203 66 230
car 0.1732 322 168 340 185
car 0.1649 370 172 387 184
car 0.0822 379 171 393 184
car 0.0597 387 165 404 173
car 0.0493 328 160 355 175
car 0.0449 11 202 67 241
car 0.0422 385 171 398 185
car 0.0332 298 158 325 170
car 0.0283 444 170 454 181
car 0.0203 386 163 402 170
car 0.0132 287 165 300 175
car 0.0128 408 165 426 178
car 0.0101 299 159 326 180
car 0.0086 391 176 410 197
car 0.0075 426 167 449 178
car 0.0073 452 154 494 183
car 0.0067 23 143 64 157
car 0.0058 492 167 499 181
car 0.0043 252 171 260 180
car 0.0042 261 169 271 177
car 0.0042 2 200 41 253
car 0.0037 17 215 48 238
car 0.0033 2 220 19 252
car 0.0028 427 164 444 171
car 0.0022 388 171 399 198
car 0.0022 0 232 16 254
car 0.0021 467 163 486 182
car 0.0021 251 173 259 182
car 0.0019 326 157 353 170
car 0.0018 259 170 269 179
car 0.0017 296 163 311 181
car 0.0017 479 168 493 182
car 0.0017 396 167 434 202
car 0.0013 39 216 54 238
car 0.0012 0 231 8 255
car 0.0011 383 163 397 172
car 0.0011 0 186 12 256
car 0.0011 336 169 357 185
car 0.0010 39 210 62 238
car 0.0010 355 171 370 183
motorbike 0.0031 388 171 399 198
motorbike 0.0025 375 171 391 186
motorbike 0.0021 385 171 398 185
motorbike 0.0013 375 173 397 205
motorbike 0.0012 0 232 16 254
motorbike 0.0010 355 172 384 188
bus 0.0203 452 154 495 183
bus 0.0049 326 161 355 179
bus 0.0034 298 157 326 169
bus 0.0031 477 155 496 182
bus 0.0021 273 164 297 174
bus 0.0020 30 203 66 230
bus 0.0016 386 163 402 170
bus 0.0014 387 167 411 185
bus 0.0014 21 143 64 157
train 0.0012 452 154 495 184
horse 0.9506 44 176 270 354
horse 0.8303 339 188 391 294
horse 0.0358 372 174 397 221
horse 0.0131 369 174 397 264
horse 0.0105 155 173 269 337
horse 0.0075 350 187 431 293
horse 0.0020 362 204 391 289
horse 0.0018 389 174 404 199
horse 0.0013 372 177 405 302
cow 0.0040 372 174 397 221
