person 0.0321 191 185 213 209
person 0.0211 170 187 184 209
person 0.0085 215 189 226 206
person 0.0053 200 191 211 211
person 0.0014 189 194 202 209
person 0.0010 139 190 150 211
car 0.0100 0 364 12 373
car 0.0039 412 322 448 341
car 0.0028 412 321 447 330
car 0.0026 428 352 440 366
car 0.0026 419 328 443 341
car 0.0026 433 333 442 342
car 0.0022 455 332 472 340
car 0.0020 376 314 401 323
car 0.0011 178 365 223 374
car 0.0011 173 354 225 374
aeroplane 0.8780 38 113 479 257
bus 0.0129 176 354 225 374
bus 0.0046 412 321 447 332
bus 0.0036 0 364 12 373
bus 0.0028 412 322 448 341
bus 0.0016 1 363 21 373
bus 0.0010 401 309 454 325
train 0.0024 412 321 447 332
train 0.0017 175 354 225 374
boat 0.0021 176 354 225 373
pottedplant 0.0105 176 354 225 374
pottedplant 0.0052 178 365 223 374
