person 0.8841 113 11 330 359
person 0.8800 1 0 209 372
person 0.8714 249 30 499 356
person 0.0881 1 5 413 374
person 0.0032 384 199 499 372
person 0.0022 341 32 499 258
person 0.0019 303 26 367 196
person 0.0017 253 5 412 230
person 0.0010 0 151 328 370
bicycle 0.0016 344 273 425 373
bicycle 0.0010 285 252 423 370
chair 0.4148 387 227 499 372
chair 0.0929 344 273 425 373
chair 0.0617 279 267 368 346
chair 0.0391 269 249 424 370
chair 0.0287 309 176 361 245
chair 0.0129 202 152 421 369
chair 0.0128 273 232 388 335
chair 0.0122 -1 86 455 372
chair 0.0102 323 176 359 224
chair 0.0077 141 240 429 371
chair 0.0065 298 48 367 263
chair 0.0063 308 208 357 243
chair 0.0060 293 77 323 131
chair 0.0060 312 272 359 320
chair 0.0043 302 264 392 364
chair 0.0041 257 172 366 290
chair 0.0040 96 5 395 323
chair 0.0038 315 268 385 327
chair 0.0037 253 191 496 371
chair 0.0032 351 328 406 373
chair 0.0032 181 318 324 372
chair 0.0029 470 112 499 145
chair 0.0028 344 302 374 371
chair 0.0021 356 273 383 303
chair 0.0021 325 272 354 294
chair 0.0020 303 266 327 293
chair 0.0020 309 315 357 372
chair 0.0016 352 271 382 334
chair 0.0016 300 7 389 187
chair 0.0014 323 267 384 299
chair 0.0013 311 5 398 52
chair 0.0012 376 7 404 36
chair 0.0011 296 49 344 140
chair 0.0011 478 140 499 171
chair 0.0010 274 275 312 324
chair 0.0010 469 110 499 183
sofa 0.1156 7 10 402 374
sofa 0.0110 387 226 499 372
sofa 0.0015 179 316 326 372
sofa 0.0014 175 53 436 363
diningtable 0.0939 385 224 499 373
diningtable 0.0011 336 272 422 372
tvmonitor 0.0118 387 226 499 372
