person 0.8039 296 231 330 287
person 0.0580 296 231 313 261
person 0.0122 289 253 298 265
person 0.0093 298 233 327 259
person 0.0043 311 242 330 269
person 0.0042 300 230 309 247
person 0.0036 147 250 187 272
person 0.0024 293 241 313 268
person 0.0020 278 251 288 265
person 0.0015 150 251 174 267
person 0.0012 103 241 112 265
person 0.0012 313 254 329 279
person 0.0011 193 254 201 269
bicycle 0.8838 280 260 348 292
bicycle 0.0196 289 252 299 265
bicycle 0.0063 324 265 349 290
bicycle 0.0059 278 251 288 265
bicycle 0.0053 290 254 321 276
bicycle 0.0033 146 250 195 272
bicycle 0.0029 280 261 311 293
bicycle 0.0018 315 263 339 286
bicycle 0.0016 311 242 330 269
bicycle 0.0011 293 241 313 268
car 0.3709 149 250 196 272
car 0.2308 419 242 434 259
car 0.1659 140 256 159 266
car 0.0661 143 252 180 269
car 0.0170 195 248 215 267
car 0.0104 222 217 237 224
car 0.0090 376 236 435 263
car 0.0084 173 254 196 270
car 0.0080 201 248 215 261
car 0.0071 403 239 434 260
car 0.0044 128 254 137 267
car 0.0028 141 253 165 266
car 0.0025 193 254 201 269
car 0.0024 223 216 248 224
motorbike 0.0317 142 251 198 272
motorbike 0.0070 289 252 300 265
motorbike 0.0026 280 260 348 292
motorbike 0.0018 419 242 434 259
motorbike 0.0012 142 254 177 270
aeroplane 0.0046 446 78 492 110
aeroplane 0.0021 262 137 370 235
bus 0.0070 328 197 373 212
bus 0.0045 145 241 202 271
bus 0.0025 419 242 434 259
bus 0.0016 222 216 238 224
train 0.0031 412 142 498 216
train 0.0019 328 197 373 212
boat 0.0059 328 197 373 212
boat 0.0010 448 79 488 109
chair 0.0023 282 259 349 292
chair 0.0017 419 240 434 260
chair 0.0016 289 253 298 265
chair 0.0014 128 254 136 268
