person 0.0513 138 272 296 331
person 0.0072 76 213 359 329
person 0.0013 28 0 153 84
bicycle 0.0012 59 203 363 330
bird 0.8372 129 108 277 225
bird 0.4294 159 176 261 231
bird 0.1634 7 12 68 120
bird 0.1429 100 53 266 170
bird 0.0949 103 55 181 160
bird 0.0613 47 1 150 83
bird 0.0270 89 44 290 241
bird 0.0164 6 10 129 123
bird 0.0117 5 4 282 192
bird 0.0080 44 -2 175 158
bird 0.0039 111 21 148 65
bird 0.0033 63 182 373 330
bird 0.0032 32 12 64 94
bird 0.0031 167 196 221 229
bird 0.0023 16 103 81 193
bird 0.0018 7 45 343 301
bird 0.0013 7 16 87 202
bird 0.0013 164 183 212 208
bird 0.0010 7 77 64 116
chair 0.0036 59 210 364 330
pottedplant 0.0221 424 134 499 329
pottedplant 0.0022 62 189 369 330
