person 0.9192 136 49 343 371
person 0.2493 313 97 339 228
person 0.0662 386 88 409 183
person 0.0570 12 106 40 155
person 0.0465 257 133 278 172
person 0.0332 2 106 42 232
person 0.0197 0 108 20 187
person 0.0124 146 149 177 189
person 0.0120 245 272 338 373
person 0.0117 0 107 17 153
person 0.0114 313 97 330 164
person 0.0113 391 80 410 122
person 0.0109 25 107 40 152
person 0.0080 313 118 325 172
person 0.0076 436 120 499 282
person 0.0065 7 160 42 231
person 0.0061 315 129 329 212
person 0.0060 401 40 499 278
person 0.0051 381 89 407 141
person 0.0048 12 118 31 154
person 0.0047 260 123 303 276
person 0.0043 315 82 390 235
person 0.0041 168 37 211 102
person 0.0041 297 269 341 324
person 0.0034 390 113 406 181
person 0.0034 387 112 407 149
person 0.0032 270 122 293 167
person 0.0030 381 91 392 126
person 0.0029 80 156 90 184
person 0.0027 21 106 36 128
person 0.0027 98 153 112 185
person 0.0026 268 134 279 157
person 0.0024 4 105 18 135
person 0.0023 166 38 214 171
person 0.0021 29 164 41 192
person 0.0020 78 143 95 186
person 0.0019 412 40 499 114
person 0.0019 475 119 499 273
person 0.0019 281 73 335 206
person 0.0019 325 150 339 205
person 0.0017 7 114 36 191
person 0.0016 484 136 499 252
person 0.0016 233 61 349 360
person 0.0016 107 154 119 185
person 0.0015 248 15 290 174
person 0.0014 114 152 132 189
person 0.0014 89 156 104 187
person 0.0014 260 107 279 158
person 0.0014 1 153 22 231
person 0.0013 12 175 27 208
person 0.0012 318 146 336 232
person 0.0011 297 269 338 292
person 0.0011 402 83 419 114
person 0.0011 8 160 34 197
person 0.0011 168 40 266 115
person 0.0011 272 98 323 231
person 0.0011 391 66 421 119
person 0.0010 436 119 463 233
person 0.0010 28 120 39 153
bicycle 0.0012 107 228 341 371
bicycle 0.0010 432 114 498 324
car 0.0045 0 162 43 232
car 0.0024 110 231 343 373
car 0.0018 21 62 43 74
car 0.0018 413 43 499 117
motorbike 0.0013 113 238 341 372
bus 0.0062 0 4 81 326
bus 0.0010 -2 -11 206 350
train 0.0064 0 12 83 310
boat 0.0010 16 61 44 74
cat 0.0015 190 351 252 374
dog 0.0054 12 106 40 155
dog 0.0038 190 351 252 374
dog 0.0019 25 107 41 152
horse 0.0018 11 107 40 154
bottle 0.0112 349 92 357 125
bottle 0.0102 359 168 369 200
bottle 0.0099 342 91 351 123
bottle 0.0091 354 168 363 200
bottle 0.0089 356 92 367 124
bottle 0.0070 368 176 378 198
bottle 0.0037 334 95 343 121
bottle 0.0036 346 169 355 200
bottle 0.0035 365 165 376 200
bottle 0.0032 372 34 393 96
bottle 0.0028 369 142 377 163
bottle 0.0023 362 146 369 162
bottle 0.0021 362 169 373 197
bottle 0.0020 358 111 367 125
bottle 0.0019 352 146 360 163
bottle 0.0017 342 179 353 200
bottle 0.0016 341 164 354 198
bottle 0.0016 348 144 356 164
bottle 0.0016 408 37 431 76
bottle 0.0015 340 131 350 143
bottle 0.0014 371 34 401 127
bottle 0.0014 246 320 278 348
bottle 0.0014 369 93 379 125
bottle 0.0013 338 143 346 163
bottle 0.0012 344 144 352 163
bottle 0.0011 355 144 362 164
bottle 0.0011 317 97 328 117
bottle 0.0010 264 332 288 350
chair 0.2919 99 227 341 372
chair 0.2585 100 234 167 372
chair 0.0227 297 269 341 324
chair 0.0164 433 109 499 322
chair 0.0144 286 268 341 371
chair 0.0088 100 229 153 316
chair 0.0061 112 229 140 262
chair 0.0057 339 90 377 126
chair 0.0053 297 270 334 295
chair 0.0037 358 91 370 124
chair 0.0029 157 303 257 373
chair 0.0027 349 92 357 124
chair 0.0023 114 265 256 373
chair 0.0020 352 97 374 125
chair 0.0017 112 229 137 247
chair 0.0016 134 227 143 264
chair 0.0015 441 292 499 330
chair 0.0014 316 88 385 204
chair 0.0014 342 92 351 124
chair 0.0013 108 239 142 295
chair 0.0013 114 266 140 324
chair 0.0012 368 91 377 125
chair 0.0012 398 113 448 232
chair 0.0011 305 268 336 282
chair 0.0010 334 95 343 121
sofa 0.0205 107 239 341 371
sofa 0.0065 296 268 341 322
sofa 0.0029 99 229 229 371
sofa 0.0028 251 267 340 368
sofa 0.0028 100 229 164 371
sofa 0.0017 436 116 499 286
pottedplant 0.0064 396 39 499 261
pottedplant 0.0020 435 120 498 280
pottedplant 0.0014 118 149 176 194
pottedplant 0.0014 79 144 178 249
pottedplant 0.0010 125 8 170 104
diningtable 0.0027 99 235 165 372
tvmonitor 0.0234 399 107 465 232
tvmonitor 0.0095 436 117 499 271
tvmonitor 0.0017 389 113 407 183
