person 0.0664 319 99 371 144
person 0.0149 168 98 226 142
person 0.0109 159 99 197 133
person 0.0069 270 94 374 145
person 0.0050 312 97 347 134
person 0.0026 262 97 317 144
person 0.0017 282 124 352 144
person 0.0015 340 109 373 146
person 0.0014 189 103 247 145
person 0.0010 66 223 93 277
person 0.0010 383 106 449 155
car 0.3430 82 56 454 311
car 0.0034 81 46 164 273
car 0.0019 82 56 201 170
motorbike 0.0083 78 53 456 306
bus 0.0064 78 58 459 309
dog 0.0094 320 99 373 146
dog 0.0041 282 124 352 144
dog 0.0017 267 97 374 145
dog 0.0012 340 109 373 146
cow 0.0021 81 63 453 304
chair 0.0031 464 231 499 339
chair 0.0012 276 125 357 144
sofa 0.0185 91 55 451 305
