person 0.0082 489 130 499 160
person 0.0024 135 21 145 37
person 0.0020 143 20 152 41
person 0.0016 85 94 96 131
person 0.0011 155 81 178 117
bicycle 0.0088 86 100 102 133
bicycle 0.0021 167 79 203 100
bicycle 0.0011 183 72 214 108
car 0.0096 19 73 157 120
car 0.0081 84 80 152 127
car 0.0056 445 81 499 157
car 0.0056 484 80 499 93
car 0.0027 89 101 132 131
car 0.0021 489 136 499 160
car 0.0018 83 92 106 132
car 0.0015 475 81 499 99
car 0.0012 478 71 499 95
motorbike 0.9238 4 77 259 277
motorbike 0.9206 145 113 497 351
motorbike 0.0114 131 82 217 150
motorbike 0.0027 0 144 14 235
motorbike 0.0023 120 78 252 190
motorbike 0.0018 3 103 147 267
motorbike 0.0014 155 81 200 144
chair 0.0226 131 105 158 149
chair 0.0142 86 100 102 133
chair 0.0090 128 107 146 148
chair 0.0076 132 92 209 149
chair 0.0048 93 101 136 131
chair 0.0023 130 102 149 125
chair 0.0011 123 102 137 143
chair 0.0010 84 99 145 141
pottedplant 0.0417 423 46 457 86
pottedplant 0.0251 143 19 152 41
pottedplant 0.0183 82 28 201 122
pottedplant 0.0159 134 18 145 40
pottedplant 0.0118 136 21 149 40
pottedplant 0.0031 131 19 151 55
pottedplant 0.0016 92 26 109 59
pottedplant 0.0013 239 47 291 91
pottedplant 0.0011 85 23 183 76
pottedplant 0.0011 126 26 160 57
