person 0.7665 86 54 352 364
person 0.6634 214 247 314 370
person 0.3743 156 66 500 360
person 0.1456 279 77 496 269
person 0.0698 314 231 340 280
person 0.0455 315 251 334 280
person 0.0317 201 98 339 369
person 0.0218 283 256 294 275
person 0.0181 293 178 498 309
person 0.0150 99 155 304 222
person 0.0144 277 87 423 170
person 0.0114 150 55 336 164
person 0.0063 99 180 345 254
person 0.0060 0 0 22 45
person 0.0037 467 175 483 204
person 0.0026 421 189 430 210
person 0.0024 389 192 460 260
person 0.0019 360 156 405 256
person 0.0018 328 183 431 255
person 0.0017 426 204 437 214
person 0.0014 270 232 282 271
person 0.0014 411 189 420 208
person 0.0014 362 134 410 188
person 0.0012 485 174 496 201
person 0.0012 235 218 329 317
person 0.0011 404 188 418 208
person 0.0010 403 186 431 252
car 0.0023 62 41 460 276
bird 0.0013 283 254 294 275
bottle 0.0101 365 136 411 160
bottle 0.0029 421 188 429 210
bottle 0.0024 411 189 422 208
bottle 0.0021 314 230 340 280
bottle 0.0019 0 0 22 42
bottle 0.0018 102 211 348 271
bottle 0.0017 312 47 374 84
bottle 0.0012 404 188 418 208
chair 0.0142 94 359 145 373
chair 0.0062 82 54 351 349
chair 0.0044 0 256 43 304
chair 0.0031 201 98 339 369
chair 0.0023 338 231 386 265
chair 0.0018 78 163 297 349
chair 0.0015 0 203 44 305
chair 0.0011 421 188 429 210
chair 0.0010 404 188 418 208
sofa 0.0059 53 68 508 360
sofa 0.0036 75 157 351 350
sofa 0.0024 81 35 331 191
diningtable 0.0017 381 257 498 322
diningtable 0.0011 74 162 290 349
diningtable 0.0010 3 148 104 370
tvmonitor 0.0110 78 36 348 329
tvmonitor 0.0103 33 157 90 362
tvmonitor 0.0046 334 231 386 265
tvmonitor 0.0035 81 35 331 191
tvmonitor 0.0025 357 231 382 253
tvmonitor 0.0021 321 232 369 258
tvmonitor 0.0018 313 231 360 271
tvmonitor 0.0014 463 161 499 212
tvmonitor 0.0013 5 132 76 232
tvmonitor 0.0013 23 35 480 207
