person 0.0027 434 37 456 55
car 0.0016 43 36 493 359
bird 0.0261 428 35 458 55
bird 0.0046 38 45 499 344
bird 0.0025 399 35 460 57
bird 0.0014 342 0 353 8
bird 0.0011 452 50 498 66
cat 0.0102 38 45 499 344
dog 0.0293 39 49 499 354
dog 0.0058 428 35 458 55
horse 0.6533 46 43 487 355
horse 0.0459 48 54 246 313
sheep 0.3379 28 42 502 350
sheep 0.0026 277 328 491 367
sheep 0.0023 488 61 499 70
sheep 0.0010 263 197 491 354
cow 0.4241 47 45 488 354
cow 0.0154 49 55 251 314
cow 0.0116 454 51 498 66
cow 0.0048 428 35 459 55
cow 0.0034 390 34 458 57
cow 0.0030 488 61 499 70
cow 0.0028 390 43 435 58
cow 0.0011 170 257 285 342
