person 0.0014 29 62 60 105
bicycle 0.1747 268 217 476 370
bicycle 0.0126 29 62 63 124
bicycle 0.0091 29 60 108 123
bicycle 0.0052 273 220 365 292
bicycle 0.0034 271 224 363 365
bicycle 0.0030 320 224 363 269
car 0.0050 0 69 229 372
motorbike 0.0030 271 213 492 371
motorbike 0.0025 29 62 63 124
motorbike 0.0013 29 60 108 123
bird 0.0188 29 64 59 113
bird 0.0012 31 63 49 100
cat 0.0502 30 64 59 118
dog 0.0054 29 64 59 113
horse 0.0070 30 64 59 118
chair 0.8836 1 70 228 369
chair 0.0288 33 60 113 124
chair 0.0189 91 61 112 81
chair 0.0107 27 73 222 233
chair 0.0036 30 66 59 122
chair 0.0024 0 172 72 221
chair 0.0016 359 244 497 372
chair 0.0010 48 92 60 122
sofa 0.6262 1 62 229 368
sofa 0.0043 359 134 500 371
sofa 0.0017 360 250 497 371
sofa 0.0012 272 209 495 374
pottedplant 0.8474 268 -1 499 369
pottedplant 0.1044 29 63 59 123
pottedplant 0.0458 361 234 499 371
pottedplant 0.0334 272 209 495 374
pottedplant 0.0132 29 60 108 123
pottedplant 0.0085 327 0 389 75
pottedplant 0.0060 48 98 60 122
pottedplant 0.0053 410 46 499 350
pottedplant 0.0044 271 223 354 354
pottedplant 0.0032 272 224 339 297
pottedplant 0.0030 283 0 394 147
