person 0.0389 461 0 499 48
person 0.0176 460 0 500 109
person 0.0056 -3 -1 502 373
person 0.0034 0 10 65 162
person 0.0031 214 -2 462 82
person 0.0024 76 114 304 330
person 0.0011 305 374 379 438
cat 0.0067 7 179 268 352
cat 0.0020 126 101 400 242
cat 0.0012 76 114 304 330
dog 0.8841 14 179 271 349
dog 0.7366 193 50 467 190
dog 0.5708 119 97 402 237
dog 0.1691 66 111 393 342
dog 0.0166 112 108 265 229
chair 0.0071 0 -5 471 368
chair 0.0043 458 0 499 104
chair 0.0018 462 -3 499 47
chair 0.0018 206 -1 466 80
sofa 0.7764 0 -9 503 373
sofa 0.0338 206 -1 466 80
sofa 0.0155 459 0 499 102
sofa 0.0135 0 -3 238 287
sofa 0.0099 22 -3 489 97
sofa 0.0048 461 0 499 48
sofa 0.0023 0 -1 198 166
sofa 0.0020 201 0 488 175
