person 0.0360 122 101 499 369
person 0.0067 206 211 312 355
cat 0.0033 150 70 313 322
cat 0.0024 12 180 499 372
cat 0.0017 120 69 481 363
dog 0.6428 118 72 484 368
dog 0.4906 156 76 316 342
dog 0.0548 0 230 499 369
dog 0.0118 54 277 233 370
dog 0.0040 291 130 499 370
dog 0.0018 104 215 355 371
dog 0.0015 151 72 319 205
dog 0.0013 192 216 316 367
sheep 0.0069 2 266 485 371
sheep 0.0048 14 280 238 371
sheep 0.0011 -3 157 507 374
bottle 0.0014 229 41 252 79
chair 0.0090 130 4 177 90
chair 0.0060 2 294 96 371
chair 0.0054 158 125 499 371
chair 0.0030 0 278 233 371
chair 0.0027 129 0 234 91
chair 0.0026 32 -10 499 378
chair 0.0025 134 19 163 84
chair 0.0023 228 43 252 80
chair 0.0020 376 129 499 377
chair 0.0019 180 1 254 86
sofa 0.0422 48 58 502 370
sofa 0.0041 2 264 489 370
sofa 0.0036 303 129 500 366
sofa 0.0033 2 277 252 371
sofa 0.0011 2 294 94 372
diningtable 0.0247 131 1 191 90
diningtable 0.0037 128 0 266 96
diningtable 0.0025 9 64 508 372
tvmonitor 0.0012 0 70 31 111
