person 0.7516 86 77 123 103
person 0.0157 84 77 105 103
person 0.0121 100 82 123 103
person 0.0072 105 90 123 103
person 0.0040 350 444 374 499
person 0.0028 128 92 136 103
person 0.0017 230 148 251 188
bird 0.0012 128 38 138 61
dog 0.0019 105 90 123 103
dog 0.0012 85 77 122 104
dog 0.0011 231 147 253 186
bottle 0.0923 100 134 109 156
bottle 0.0670 101 137 114 161
bottle 0.0544 106 237 118 280
bottle 0.0286 100 134 107 147
bottle 0.0192 75 21 83 40
bottle 0.0191 56 0 64 26
bottle 0.0160 115 134 122 150
bottle 0.0140 62 93 71 104
bottle 0.0123 128 38 138 60
bottle 0.0085 326 99 335 112
bottle 0.0075 322 95 334 111
bottle 0.0055 311 91 320 103
bottle 0.0048 316 88 335 111
bottle 0.0035 341 78 348 90
bottle 0.0035 78 23 89 40
bottle 0.0034 316 71 325 84
bottle 0.0026 55 26 67 63
bottle 0.0018 42 5 61 26
bottle 0.0017 57 2 66 35
bottle 0.0016 48 20 56 29
bottle 0.0014 128 92 136 103
bottle 0.0012 144 134 154 150
chair 0.8929 45 160 103 253
chair 0.8307 241 146 283 219
chair 0.8289 108 156 157 251
chair 0.7814 164 146 215 239
chair 0.5489 -1 356 274 496
chair 0.5453 119 134 153 151
chair 0.4937 70 134 103 152
chair 0.4524 0 176 45 239
chair 0.1959 0 216 28 326
chair 0.1218 72 245 156 365
chair 0.0901 149 148 198 178
chair 0.0455 107 140 158 201
chair 0.0405 1 151 63 209
chair 0.0336 279 148 329 224
chair 0.0302 69 135 111 180
chair 0.0252 0 157 18 171
chair 0.0231 264 192 301 309
chair 0.0224 350 444 374 499
chair 0.0186 3 149 74 177
chair 0.0166 115 134 123 150
chair 0.0163 68 134 78 151
chair 0.0154 113 136 153 165
chair 0.0153 111 144 174 178
chair 0.0150 141 134 156 147
chair 0.0145 243 146 282 157
chair 0.0144 243 145 283 177
chair 0.0139 70 135 111 226
chair 0.0128 48 160 90 189
chair 0.0113 135 149 194 239
chair 0.0108 239 118 300 206
chair 0.0096 145 134 154 150
chair 0.0095 107 161 151 187
chair 0.0094 149 163 170 240
chair 0.0077 174 149 197 175
chair 0.0066 265 193 285 262
chair 0.0056 86 157 115 242
chair 0.0049 80 135 154 175
chair 0.0047 231 147 252 186
chair 0.0044 230 167 243 183
chair 0.0040 64 136 166 243
chair 0.0039 120 145 154 162
chair 0.0039 29 163 49 215
chair 0.0038 37 162 53 219
chair 0.0030 70 134 86 150
chair 0.0029 102 142 114 160
chair 0.0029 0 179 25 196
chair 0.0025 86 166 107 191
chair 0.0024 247 183 279 216
chair 0.0023 204 144 216 187
chair 0.0023 8 141 107 179
chair 0.0017 100 134 109 156
chair 0.0016 106 89 124 103
chair 0.0016 266 195 371 318
chair 0.0016 239 148 252 162
chair 0.0015 77 155 107 193
chair 0.0013 79 87 90 100
chair 0.0012 70 145 106 164
chair 0.0011 0 181 25 220
chair 0.0011 27 174 43 203
chair 0.0010 286 239 365 317
chair 0.0010 0 176 41 201
chair 0.0010 84 133 134 151
chair 0.0010 206 144 216 168
chair 0.0010 84 79 103 103
sofa 0.8448 0 355 267 496
sofa 0.8154 0 218 28 322
sofa 0.0090 0 177 44 240
sofa 0.0040 264 192 300 310
sofa 0.0035 282 147 328 226
sofa 0.0028 350 444 374 498
sofa 0.0021 165 144 215 235
sofa 0.0020 3 149 72 178
sofa 0.0018 240 148 283 216
sofa 0.0016 149 148 198 178
sofa 0.0014 72 244 155 334
pottedplant 0.4501 297 0 348 23
pottedplant 0.2276 316 88 335 110
pottedplant 0.0431 343 0 363 16
pottedplant 0.0135 322 95 334 111
pottedplant 0.0090 298 149 328 167
pottedplant 0.0043 311 91 320 103
pottedplant 0.0029 230 148 251 186
pottedplant 0.0028 56 0 64 25
pottedplant 0.0025 128 38 138 60
pottedplant 0.0025 312 79 347 116
pottedplant 0.0024 326 99 335 112
pottedplant 0.0021 310 152 329 167
pottedplant 0.0016 128 73 158 104
pottedplant 0.0016 312 73 336 107
pottedplant 0.0014 235 147 274 199
pottedplant 0.0012 69 6 90 23
pottedplant 0.0011 42 5 61 26
diningtable 0.6781 5 147 195 248
diningtable 0.2120 5 150 74 177
diningtable 0.1896 0 151 66 237
diningtable 0.1483 105 149 196 178
diningtable 0.0828 8 147 196 199
diningtable 0.0734 8 141 107 179
diningtable 0.0578 66 141 161 179
diningtable 0.0508 101 147 198 241
diningtable 0.0408 72 243 156 363
diningtable 0.0322 64 136 166 243
diningtable 0.0244 149 148 198 177
diningtable 0.0198 153 150 195 237
diningtable 0.0142 349 445 374 498
diningtable 0.0141 240 147 282 160
diningtable 0.0095 0 180 26 199
diningtable 0.0087 0 177 44 240
diningtable 0.0069 69 135 111 180
diningtable 0.0066 70 135 111 226
diningtable 0.0059 7 135 193 174
diningtable 0.0048 241 147 283 219
diningtable 0.0046 243 146 282 173
diningtable 0.0035 84 133 134 151
diningtable 0.0032 0 182 24 215
diningtable 0.0029 282 147 328 226
diningtable 0.0026 15 235 234 415
diningtable 0.0022 0 162 54 198
diningtable 0.0021 0 176 41 201
diningtable 0.0019 0 219 27 315
diningtable 0.0014 0 157 18 171
diningtable 0.0013 0 195 10 218
diningtable 0.0012 148 165 198 209
diningtable 0.0012 245 157 280 196
diningtable 0.0011 72 134 103 152
diningtable 0.0011 151 170 198 188
diningtable 0.0011 69 146 110 164
diningtable 0.0010 118 145 153 163
diningtable 0.0010 285 239 365 317
tvmonitor 0.1382 282 148 328 226
tvmonitor 0.0298 283 150 304 214
tvmonitor 0.0019 241 147 283 219
tvmonitor 0.0014 300 163 323 225
tvmonitor 0.0011 298 103 333 158
