person 0.5998 451 287 499 371
person 0.0363 448 130 464 145
person 0.0285 2 154 15 163
person 0.0185 451 132 473 147
person 0.0073 461 135 475 150
person 0.0044 425 128 496 164
person 0.0023 68 365 111 374
person 0.0020 455 290 496 316
person 0.0018 458 136 494 163
person 0.0016 456 296 475 314
person 0.0016 447 107 484 149
person 0.0016 409 102 498 156
person 0.0013 6 324 135 371
person 0.0012 81 201 99 221
person 0.0011 0 334 9 366
person 0.0011 393 293 499 373
person 0.0010 92 319 130 370
person 0.0010 462 287 498 307
person 0.0010 3 154 29 171
bicycle 0.0022 3 304 328 373
bicycle 0.0016 0 364 37 374
bicycle 0.0012 0 262 483 371
bicycle 0.0011 -11 164 511 380
car 0.0109 1 364 36 374
car 0.0058 0 356 48 373
car 0.0022 6 330 88 372
car 0.0022 59 259 79 269
car 0.0020 394 300 453 326
car 0.0016 388 274 408 283
car 0.0014 50 258 76 268
car 0.0010 182 308 273 331
motorbike 0.0140 -1 85 497 370
motorbike 0.0061 0 262 483 371
aeroplane 0.0827 266 101 499 273
aeroplane 0.0023 12 90 496 370
aeroplane 0.0013 106 266 483 372
aeroplane 0.0012 211 301 314 352
aeroplane 0.0011 402 99 498 153
bus 0.0013 265 97 499 270
train 0.0045 266 101 499 273
boat 0.0438 266 101 499 273
boat 0.0373 51 267 480 372
boat 0.0371 13 171 496 382
boat 0.0197 163 301 377 371
boat 0.0096 3 304 328 373
boat 0.0031 0 358 48 373
boat 0.0015 387 273 408 282
boat 0.0014 10 15 506 346
boat 0.0012 0 365 35 374
boat 0.0012 8 327 85 365
boat 0.0011 218 296 478 374
bird 0.0019 2 154 15 163
chair 0.7380 353 298 414 349
chair 0.5187 382 350 420 373
chair 0.4924 306 314 337 348
chair 0.3925 92 319 130 372
chair 0.3906 186 320 260 374
chair 0.3799 451 300 499 373
chair 0.3571 346 329 380 372
chair 0.3537 405 319 441 374
chair 0.3354 251 329 385 373
chair 0.3188 286 302 312 334
chair 0.2595 175 311 204 372
chair 0.2149 64 328 124 372
chair 0.2084 451 336 499 374
chair 0.1926 11 330 87 371
chair 0.1378 218 302 314 353
chair 0.1064 186 318 222 371
chair 0.1051 421 322 456 373
chair 0.0793 92 336 116 369
chair 0.0407 198 339 250 374
chair 0.0363 117 319 150 374
chair 0.0352 206 316 278 334
chair 0.0346 353 298 377 331
chair 0.0337 68 365 111 374
chair 0.0294 121 356 148 373
chair 0.0272 0 321 131 372
chair 0.0268 195 336 221 373
chair 0.0261 65 359 112 373
chair 0.0246 421 302 475 373
chair 0.0244 186 309 279 332
chair 0.0229 116 314 198 373
chair 0.0197 406 317 432 353
chair 0.0186 207 321 245 360
chair 0.0185 3 353 48 374
chair 0.0172 112 319 130 366
chair 0.0158 188 318 217 346
chair 0.0155 376 334 413 353
chair 0.0140 210 309 272 320
chair 0.0137 368 336 415 373
chair 0.0134 451 337 469 373
chair 0.0112 255 345 346 373
chair 0.0106 55 340 108 368
chair 0.0104 47 363 107 374
chair 0.0101 262 301 314 334
chair 0.0097 78 339 102 365
chair 0.0094 424 323 441 334
chair 0.0092 285 308 325 346
chair 0.0092 7 324 72 350
chair 0.0082 424 324 446 358
chair 0.0079 431 317 445 332
chair 0.0077 369 301 393 324
chair 0.0076 390 294 499 373
chair 0.0062 395 300 452 371
chair 0.0060 371 300 406 332
chair 0.0056 24 347 86 373
chair 0.0056 396 302 447 326
chair 0.0051 180 305 383 373
chair 0.0051 0 364 37 374
chair 0.0049 424 325 444 341
chair 0.0048 431 312 459 334
chair 0.0046 351 329 379 351
chair 0.0041 8 323 48 336
chair 0.0039 206 342 235 363
chair 0.0038 174 310 221 322
chair 0.0038 0 327 52 372
chair 0.0038 1 304 297 373
chair 0.0036 355 299 392 317
chair 0.0033 211 322 316 365
chair 0.0032 447 316 464 372
chair 0.0032 413 352 443 374
chair 0.0029 43 358 90 373
chair 0.0026 386 316 413 343
chair 0.0025 185 339 201 374
chair 0.0023 215 350 263 372
chair 0.0022 418 316 441 331
chair 0.0022 387 273 408 282
chair 0.0021 0 333 19 363
chair 0.0021 393 298 418 306
chair 0.0020 181 309 249 327
chair 0.0019 201 350 225 373
chair 0.0019 465 359 499 373
chair 0.0018 112 342 141 372
chair 0.0018 417 302 462 320
chair 0.0017 185 313 218 330
chair 0.0017 102 352 120 373
chair 0.0016 9 335 20 355
chair 0.0015 370 341 393 372
chair 0.0015 450 314 473 369
chair 0.0014 255 360 354 373
chair 0.0014 420 335 441 373
chair 0.0014 439 305 460 323
chair 0.0013 291 301 310 316
chair 0.0013 353 298 376 308
chair 0.0013 4 321 90 336
chair 0.0013 95 360 122 374
chair 0.0013 491 326 499 374
chair 0.0012 107 282 484 371
chair 0.0011 393 305 423 319
chair 0.0011 209 323 237 347
chair 0.0010 390 307 413 326
chair 0.0010 416 297 466 313
sofa 0.0042 451 294 499 371
sofa 0.0034 353 298 414 348
sofa 0.0027 10 328 89 369
sofa 0.0011 12 331 85 353
diningtable 0.0893 394 300 449 323
diningtable 0.0557 395 300 452 371
diningtable 0.0467 192 321 383 372
diningtable 0.0414 393 295 498 372
diningtable 0.0139 186 309 279 332
diningtable 0.0082 0 358 48 373
diningtable 0.0068 10 328 89 369
diningtable 0.0068 12 331 84 353
diningtable 0.0064 421 302 475 373
diningtable 0.0053 349 328 419 373
diningtable 0.0053 209 315 281 339
diningtable 0.0047 255 333 400 374
diningtable 0.0037 404 304 445 314
diningtable 0.0030 431 312 459 334
diningtable 0.0030 425 310 446 322
diningtable 0.0026 417 302 462 320
diningtable 0.0020 257 344 351 373
diningtable 0.0020 418 316 441 331
diningtable 0.0017 118 300 411 372
diningtable 0.0017 448 292 500 372
diningtable 0.0016 15 319 131 372
diningtable 0.0013 426 315 460 372
diningtable 0.0013 0 365 36 374
diningtable 0.0013 348 328 384 373
diningtable 0.0013 55 340 108 368
diningtable 0.0012 47 363 107 374
diningtable 0.0012 395 305 426 318
diningtable 0.0011 210 309 272 320
diningtable 0.0010 177 309 278 372
diningtable 0.0010 353 298 413 349
diningtable 0.0010 398 306 437 328
tvmonitor 0.0096 256 346 345 371
tvmonitor 0.0087 221 330 304 351
tvmonitor 0.0059 207 313 282 339
tvmonitor 0.0036 12 331 84 353
tvmonitor 0.0027 3 353 47 374
tvmonitor 0.0018 10 328 89 369
tvmonitor 0.0014 182 308 273 331
tvmonitor 0.0012 285 301 312 334
