person 0.0018 121 156 143 191
dog 0.0014 331 176 403 260
dog 0.0013 324 55 495 262
dog 0.0011 110 155 144 194
horse 0.1142 111 156 144 193
horse 0.0927 329 56 494 262
horse 0.0024 331 174 414 260
horse 0.0012 121 157 142 183
horse 0.0012 111 177 123 193
sheep 0.0202 111 156 143 192
sheep 0.0016 324 55 495 262
sheep 0.0015 111 177 123 193
cow 0.9072 330 58 493 258
cow 0.8372 111 155 144 193
cow 0.0616 112 167 133 193
cow 0.0470 111 177 123 193
cow 0.0109 331 178 408 260
cow 0.0037 332 165 478 257
cow 0.0028 134 156 144 179
