person 0.3890 237 100 255 115
person 0.3023 273 107 288 157
person 0.1560 221 99 235 114
person 0.1371 201 99 216 113
person 0.0778 217 98 230 113
person 0.0363 245 100 257 115
person 0.0248 194 96 218 113
person 0.0245 170 107 178 118
person 0.0217 208 98 235 124
person 0.0078 230 67 252 91
person 0.0071 267 94 280 121
person 0.0070 242 70 254 92
person 0.0052 273 129 289 175
person 0.0036 220 83 233 92
person 0.0035 273 106 284 125
person 0.0035 274 108 286 135
person 0.0024 261 94 288 156
person 0.0021 266 90 277 110
person 0.0017 175 90 282 178
person 0.0011 233 158 253 190
car 0.7711 176 90 282 178
car 0.5384 228 67 250 90
car 0.0385 273 108 289 173
car 0.0082 259 93 288 164
car 0.0075 206 82 222 91
car 0.0071 242 70 254 92
car 0.0042 269 104 285 134
car 0.0040 152 60 173 76
car 0.0031 220 83 233 92
car 0.0027 170 107 178 118
car 0.0020 275 64 289 73
car 0.0019 188 89 216 112
car 0.0015 179 89 225 122
car 0.0013 269 102 282 122
car 0.0011 273 106 284 125
car 0.0010 171 108 184 119
motorbike 0.0212 273 109 289 166
motorbike 0.0015 258 101 288 177
motorbike 0.0012 228 68 249 90
bus 0.0914 228 67 249 90
bus 0.0041 175 90 282 178
train 0.0012 228 66 251 91
bird 0.0217 232 158 256 190
bird 0.0063 34 50 52 64
bird 0.0046 170 107 178 118
bird 0.0013 274 107 289 157
cat 0.0030 233 158 253 190
dog 0.0415 233 158 254 190
dog 0.0043 170 107 180 119
dog 0.0025 273 107 288 155
dog 0.0018 146 156 257 259
dog 0.0010 366 171 449 266
horse 0.0021 274 107 288 155
horse 0.0012 170 107 180 119
sheep 0.9602 366 171 449 265
sheep 0.9523 141 158 249 259
sheep 0.0233 34 50 51 63
sheep 0.0088 233 158 253 190
sheep 0.0079 32 50 55 75
sheep 0.0071 25 48 53 68
sheep 0.0031 14 46 54 80
sheep 0.0027 170 107 180 119
sheep 0.0024 273 107 288 155
sheep 0.0021 20 46 39 65
sheep 0.0019 20 46 32 60
sheep 0.0016 3 41 49 70
sheep 0.0012 204 80 221 90
sheep 0.0010 355 107 379 120
cow 0.0131 170 107 178 118
cow 0.0034 141 157 249 259
cow 0.0016 274 107 288 156
cow 0.0016 233 158 253 190
cow 0.0016 204 80 221 90
diningtable 0.0010 479 175 499 214
