bird 0.0056 321 279 336 307
sheep 0.9471 295 6 399 90
sheep 0.9447 363 53 446 123
sheep 0.9390 9 190 137 310
sheep 0.9317 109 184 223 341
sheep 0.9291 253 7 297 84
sheep 0.9220 251 186 361 314
sheep 0.9113 212 199 274 322
sheep 0.0171 310 9 355 42
sheep 0.0105 309 6 393 38
sheep 0.0086 48 177 400 337
sheep 0.0067 106 207 155 325
sheep 0.0035 311 12 335 40
sheep 0.0030 145 271 179 317
sheep 0.0030 41 257 95 305
sheep 0.0023 212 253 250 316
sheep 0.0020 321 278 336 309
sheep 0.0016 274 263 307 307
sheep 0.0015 315 11 338 29
sheep 0.0014 10 187 256 329
cow 0.0017 253 7 297 83
