person 0.0680 483 210 497 237
person 0.0035 482 221 491 238
person 0.0014 0 66 79 216
person 0.0010 0 80 39 214
person 0.0010 59 83 470 315
bicycle 0.8740 65 72 469 316
bicycle 0.0045 299 114 466 309
bicycle 0.0033 3 65 269 219
bicycle 0.0023 88 65 213 133
bicycle 0.0018 352 0 495 32
motorbike 0.0040 68 82 467 316
bus 0.0014 70 66 465 315
train 0.0049 5 -11 490 343
boat 0.0761 10 -15 493 349
boat 0.0023 2 -14 500 168
bird 0.0363 483 212 495 237
cat 0.0013 483 211 498 235
dog 0.0040 483 210 497 237
bottle 0.0063 263 215 298 255
bottle 0.0054 270 202 301 246
bottle 0.0020 266 228 291 255
bottle 0.0014 285 217 302 255
bottle 0.0012 217 138 243 195
chair 0.0014 68 82 467 316
pottedplant 0.0012 68 82 467 316
