person 0.3370 166 68 491 374
person 0.0208 323 74 491 366
person 0.0057 0 0 72 142
person 0.0052 3 -1 498 345
person 0.0049 146 3 286 163
person 0.0036 0 1 14 38
person 0.0012 0 1 22 119
car 0.0016 443 100 499 253
cat 0.0078 241 117 336 210
cat 0.0032 165 68 489 371
cat 0.0022 187 110 340 226
cat 0.0011 238 112 310 161
dog 0.6564 169 68 490 370
dog 0.1525 169 116 352 288
dog 0.0217 243 119 337 211
dog 0.0200 245 126 425 243
dog 0.0073 9 49 422 368
dog 0.0062 293 148 405 242
dog 0.0048 217 84 479 257
dog 0.0033 338 69 484 352
dog 0.0015 196 111 312 170
horse 0.0082 0 7 425 371
horse 0.0011 181 6 282 45
horse 0.0011 128 92 406 337
sheep 0.0805 169 120 346 294
sheep 0.0295 148 116 435 342
sheep 0.0196 177 5 283 48
sheep 0.0108 9 49 422 368
sheep 0.0034 165 2 288 142
cow 0.0809 166 2 285 50
cow 0.0470 93 25 497 370
cow 0.0139 165 2 288 142
cow 0.0118 128 92 406 337
cow 0.0026 0 4 74 146
cow 0.0012 165 1 226 48
cow 0.0010 244 123 336 208
bottle 0.0436 317 243 442 326
bottle 0.0044 309 250 348 288
bottle 0.0040 311 250 328 275
bottle 0.0023 311 251 388 294
chair 0.0105 -4 -3 496 360
chair 0.0020 467 187 499 244
chair 0.0019 446 113 499 248
chair 0.0018 163 8 292 165
chair 0.0015 174 70 494 375
sofa 0.1546 -8 18 508 381
sofa 0.0059 154 15 333 158
sofa 0.0059 29 6 486 197
sofa 0.0029 305 92 493 370
sofa 0.0027 446 95 499 244
sofa 0.0015 139 118 492 371
sofa 0.0011 344 83 499 263
diningtable 0.0018 468 188 498 244
diningtable 0.0017 0 3 494 382
tvmonitor 0.0032 446 113 499 248
tvmonitor 0.0013 401 58 498 243
tvmonitor 0.0012 465 187 499 245
