person 0.8404 32 87 66 182
person 0.5980 12 130 24 166
person 0.1008 133 103 141 115
person 0.0885 124 99 132 116
person 0.0694 0 144 9 192
person 0.0483 21 139 29 167
person 0.0442 70 120 80 141
person 0.0412 16 130 25 151
person 0.0375 144 101 152 115
person 0.0346 69 121 80 158
person 0.0270 40 111 62 183
person 0.0230 144 101 156 121
person 0.0190 29 137 38 164
person 0.0171 60 117 69 140
person 0.0154 148 117 162 126
person 0.0139 119 99 127 114
person 0.0128 69 114 85 151
person 0.0125 59 114 72 164
person 0.0094 81 103 108 150
person 0.0089 93 104 106 118
person 0.0078 114 100 122 112
person 0.0072 24 138 33 166
person 0.0072 20 129 28 151
person 0.0071 19 139 27 168
person 0.0066 146 84 171 122
person 0.0062 37 135 45 165
person 0.0048 3 117 26 171
person 0.0047 138 116 157 127
person 0.0045 162 84 185 115
person 0.0040 27 122 41 166
person 0.0039 153 83 167 118
person 0.0034 74 115 98 150
person 0.0031 143 117 162 134
person 0.0030 157 84 174 119
person 0.0030 170 86 186 110
person 0.0029 162 120 197 164
person 0.0028 67 133 77 162
person 0.0028 1 124 17 164
person 0.0026 3 141 11 163
person 0.0025 37 89 61 111
person 0.0018 0 173 9 191
person 0.0018 132 109 152 123
person 0.0017 52 87 62 101
person 0.0017 93 103 120 119
person 0.0017 173 116 201 142
person 0.0016 174 84 188 101
person 0.0016 56 121 66 161
person 0.0015 123 88 138 116
person 0.0015 153 82 165 103
person 0.0013 212 73 236 102
person 0.0011 57 121 66 141
person 0.0010 61 103 74 144
bicycle 0.0041 134 116 162 126
bicycle 0.0033 149 116 162 126
bicycle 0.0027 101 118 151 171
bicycle 0.0023 21 139 29 166
bicycle 0.0020 139 116 162 137
bicycle 0.0020 61 28 412 126
bicycle 0.0016 145 112 162 125
bicycle 0.0016 3 142 12 163
bicycle 0.0014 12 134 21 166
bicycle 0.0011 19 139 27 168
car 0.0039 134 116 162 126
car 0.0030 1 114 32 165
car 0.0022 87 102 104 114
car 0.0020 131 116 160 134
car 0.0018 1 124 17 164
car 0.0017 29 137 38 164
car 0.0016 171 117 201 145
car 0.0015 66 102 104 132
car 0.0013 67 100 104 117
car 0.0010 21 139 29 166
motorbike 0.9350 30 37 493 319
motorbike 0.7310 54 102 160 191
motorbike 0.0130 101 118 151 171
motorbike 0.0122 134 116 162 126
motorbike 0.0086 131 116 160 134
motorbike 0.0066 83 108 124 157
motorbike 0.0040 126 116 159 147
motorbike 0.0030 3 117 26 171
motorbike 0.0023 60 27 399 126
motorbike 0.0019 148 117 162 126
motorbike 0.0019 8 119 52 170
motorbike 0.0016 73 106 158 160
motorbike 0.0015 2 107 105 183
motorbike 0.0013 103 107 123 123
motorbike 0.0011 132 109 152 123
motorbike 0.0010 198 48 484 275
bus 0.0119 1 114 32 165
train 0.0048 0 114 34 171
bottle 0.0095 137 149 175 190
bottle 0.0015 173 116 201 142
bottle 0.0012 162 126 192 165
bottle 0.0012 157 151 175 178
bottle 0.0010 164 116 201 159
chair 0.0016 69 123 80 160
chair 0.0013 21 137 30 172
chair 0.0010 59 120 76 164
