person 0.0987 319 130 352 168
person 0.0943 291 141 326 177
person 0.0513 293 129 357 176
person 0.0292 213 140 268 187
person 0.0251 252 140 294 183
person 0.0224 197 140 247 189
person 0.0132 198 143 224 190
person 0.0099 334 142 362 173
person 0.0053 427 124 438 139
person 0.0051 425 123 439 157
person 0.0050 423 117 461 171
person 0.0025 235 143 279 185
person 0.0021 226 138 307 186
person 0.0019 338 129 384 172
person 0.0014 206 143 222 161
person 0.0014 8 119 27 139
person 0.0014 400 42 408 74
person 0.0010 202 130 385 181
person 0.0010 239 160 267 185
bicycle 0.0010 2 318 71 332
car 0.7883 114 93 487 323
car 0.3547 417 99 499 239
car 0.0431 467 116 499 187
car 0.0139 477 163 499 222
car 0.0069 117 183 161 204
car 0.0066 487 173 499 225
car 0.0058 0 316 74 332
car 0.0042 491 183 499 219
car 0.0020 119 163 170 205
motorbike 0.0015 113 85 489 323
bus 0.0053 416 96 499 240
bus 0.0032 107 84 481 321
bus 0.0026 467 116 499 187
bird 0.0040 7 119 27 139
bird 0.0019 7 118 24 130
dog 0.0013 291 141 327 177
