person 0.6745 91 163 123 226
person 0.0482 102 163 123 204
person 0.0472 0 202 23 287
person 0.0164 43 188 67 222
person 0.0129 191 142 213 173
person 0.0105 58 188 73 234
person 0.0091 42 189 50 217
person 0.0067 89 208 102 238
person 0.0045 59 206 76 235
person 0.0044 88 200 106 231
person 0.0043 193 143 213 155
person 0.0042 57 189 67 206
person 0.0037 191 148 203 174
person 0.0035 200 150 208 174
person 0.0034 189 159 198 174
person 0.0031 10 224 26 283
person 0.0030 64 179 74 205
person 0.0030 474 173 486 192
person 0.0029 107 186 154 227
person 0.0028 139 175 153 192
person 0.0027 466 172 480 192
person 0.0024 0 112 32 298
person 0.0021 105 163 116 184
person 0.0021 215 173 228 193
person 0.0018 22 62 37 109
person 0.0017 42 187 54 208
person 0.0016 62 206 102 239
person 0.0015 112 164 123 191
person 0.0015 247 70 269 113
person 0.0015 435 177 464 222
person 0.0014 107 161 120 179
person 0.0014 250 80 274 148
person 0.0013 91 171 104 200
person 0.0012 490 163 499 179
person 0.0012 3 207 56 333
person 0.0011 462 173 499 213
person 0.0011 161 138 179 210
person 0.0011 206 173 226 205
person 0.0010 136 122 156 181
bicycle 0.0025 0 202 23 285
bicycle 0.0020 88 203 104 236
bicycle 0.0013 73 201 121 231
car 0.0169 43 188 67 222
car 0.0041 435 177 464 222
car 0.0040 58 207 74 229
car 0.0029 55 190 66 207
car 0.0028 140 175 155 193
car 0.0017 64 202 106 238
car 0.0015 44 213 67 232
car 0.0012 57 180 72 206
car 0.0011 436 177 462 194
car 0.0010 58 188 73 234
car 0.0010 42 189 50 217
aeroplane 0.0032 14 -4 478 326
bus 0.0023 0 0 477 318
bus 0.0012 3 11 208 295
train 0.0273 14 -4 478 326
boat 0.0052 0 -6 468 328
boat 0.0011 47 210 345 290
bird 0.0045 248 70 270 113
bird 0.0015 59 206 76 235
bird 0.0012 9 -9 468 281
bird 0.0010 193 143 213 156
dog 0.0022 89 205 106 232
horse 0.0024 0 202 24 291
bottle 0.0012 89 216 101 238
chair 0.0600 211 176 241 208
chair 0.0583 212 187 240 224
chair 0.0547 212 173 229 201
chair 0.0291 436 177 466 245
chair 0.0224 188 172 220 210
chair 0.0151 43 185 71 230
chair 0.0136 140 175 155 193
chair 0.0120 58 188 73 234
chair 0.0117 217 173 228 192
chair 0.0099 112 193 155 225
chair 0.0088 59 200 105 237
chair 0.0087 59 206 74 230
chair 0.0087 56 178 74 207
chair 0.0078 97 201 122 225
chair 0.0077 0 203 23 282
chair 0.0077 205 178 220 208
chair 0.0074 88 199 107 230
chair 0.0069 185 175 202 208
chair 0.0064 49 180 84 236
chair 0.0059 10 220 28 280
chair 0.0058 223 195 241 226
chair 0.0057 89 208 104 237
chair 0.0053 64 179 74 205
chair 0.0050 57 188 67 206
chair 0.0048 112 207 195 232
chair 0.0045 44 213 67 232
chair 0.0045 213 192 283 224
chair 0.0045 140 193 154 218
chair 0.0040 7 222 102 305
chair 0.0035 174 173 188 208
chair 0.0033 191 144 208 174
chair 0.0033 75 202 159 234
chair 0.0032 173 174 182 205
chair 0.0031 89 221 102 240
chair 0.0029 227 161 241 195
chair 0.0027 73 201 121 231
chair 0.0026 1 282 17 329
chair 0.0024 3 207 56 333
chair 0.0020 190 151 201 174
chair 0.0020 66 181 97 205
chair 0.0019 189 159 198 174
chair 0.0019 50 211 77 235
chair 0.0016 54 177 110 233
chair 0.0016 199 172 228 186
chair 0.0016 41 241 127 303
chair 0.0015 156 173 181 209
chair 0.0015 112 209 156 232
chair 0.0015 461 176 500 215
chair 0.0015 0 254 15 320
chair 0.0015 90 177 116 202
chair 0.0014 113 205 145 224
chair 0.0013 439 218 466 246
chair 0.0013 135 220 192 231
chair 0.0013 227 203 287 226
chair 0.0013 0 269 77 331
chair 0.0013 14 232 31 292
chair 0.0013 135 194 191 228
chair 0.0012 436 178 462 205
chair 0.0011 104 195 122 218
chair 0.0011 47 210 345 290
chair 0.0011 64 184 155 231
chair 0.0011 65 212 104 243
chair 0.0011 213 165 271 225
chair 0.0011 113 210 124 224
chair 0.0011 153 193 164 229
chair 0.0010 0 213 20 334
chair 0.0010 1 144 72 265
sofa 0.0248 435 176 464 221
sofa 0.0022 111 190 155 225
pottedplant 0.0901 434 137 469 219
pottedplant 0.0516 0 10 66 322
pottedplant 0.0367 435 177 464 221
pottedplant 0.0338 437 116 497 210
pottedplant 0.0119 1 -6 128 335
pottedplant 0.0113 438 145 468 188
pottedplant 0.0070 139 175 153 192
pottedplant 0.0058 111 190 155 225
pottedplant 0.0049 0 0 477 318
pottedplant 0.0047 436 177 462 195
pottedplant 0.0046 7 13 218 273
pottedplant 0.0045 461 171 498 214
pottedplant 0.0042 139 192 155 219
pottedplant 0.0041 461 178 484 215
pottedplant 0.0036 0 106 24 290
pottedplant 0.0032 86 48 196 208
pottedplant 0.0029 435 165 443 177
pottedplant 0.0028 191 142 213 173
pottedplant 0.0025 0 204 28 322
pottedplant 0.0022 0 150 24 221
pottedplant 0.0021 477 167 498 197
pottedplant 0.0020 120 181 186 230
pottedplant 0.0019 0 136 74 261
pottedplant 0.0017 134 108 190 221
pottedplant 0.0016 153 193 164 229
pottedplant 0.0015 3 207 56 333
pottedplant 0.0015 445 152 477 212
pottedplant 0.0014 487 165 499 192
pottedplant 0.0013 84 81 190 148
pottedplant 0.0013 102 122 164 175
pottedplant 0.0013 193 143 213 156
pottedplant 0.0013 465 173 480 192
pottedplant 0.0012 154 182 177 229
pottedplant 0.0011 438 165 464 191
pottedplant 0.0011 152 121 180 226
pottedplant 0.0010 476 173 488 192
diningtable 0.2385 185 172 227 209
diningtable 0.0725 43 227 221 303
diningtable 0.0593 42 239 151 301
diningtable 0.0558 60 201 104 237
diningtable 0.0350 87 197 108 229
diningtable 0.0280 212 176 240 217
diningtable 0.0242 61 200 156 242
diningtable 0.0190 186 172 223 183
diningtable 0.0180 65 194 108 220
diningtable 0.0174 204 173 228 200
diningtable 0.0172 42 239 121 256
diningtable 0.0170 88 196 106 209
diningtable 0.0096 213 190 241 209
diningtable 0.0095 47 210 345 290
diningtable 0.0092 67 220 179 244
diningtable 0.0090 100 221 264 285
diningtable 0.0075 199 172 228 186
diningtable 0.0072 5 221 127 300
diningtable 0.0053 73 201 121 231
diningtable 0.0052 64 182 102 208
diningtable 0.0051 112 223 195 241
diningtable 0.0050 186 175 202 207
diningtable 0.0049 54 209 243 256
diningtable 0.0047 107 186 154 227
diningtable 0.0047 90 227 213 246
diningtable 0.0043 112 207 195 232
diningtable 0.0039 96 201 122 224
diningtable 0.0034 45 173 250 240
diningtable 0.0033 8 220 80 252
diningtable 0.0030 90 190 102 201
diningtable 0.0029 49 180 84 236
diningtable 0.0024 217 191 241 226
diningtable 0.0024 43 242 119 268
diningtable 0.0023 54 177 110 233
diningtable 0.0023 246 212 336 227
diningtable 0.0022 51 207 73 229
diningtable 0.0021 44 194 72 230
diningtable 0.0021 213 192 283 224
diningtable 0.0018 12 216 68 234
diningtable 0.0018 139 175 155 193
diningtable 0.0017 10 219 28 269
diningtable 0.0017 90 177 116 202
diningtable 0.0016 45 221 66 230
diningtable 0.0013 253 210 346 269
diningtable 0.0013 217 173 228 192
diningtable 0.0013 56 178 74 207
diningtable 0.0013 205 178 220 208
diningtable 0.0013 184 225 252 275
diningtable 0.0012 5 189 71 238
diningtable 0.0010 112 209 156 232
tvmonitor 0.0047 191 148 203 174
tvmonitor 0.0026 191 144 213 174
tvmonitor 0.0016 228 162 240 195
tvmonitor 0.0010 200 150 208 174
