person 0.3116 374 182 421 232
person 0.0701 383 180 404 206
person 0.0628 186 69 212 97
person 0.0493 189 69 203 95
person 0.0352 390 183 418 209
person 0.0316 241 45 266 81
person 0.0202 325 184 350 218
person 0.0172 415 19 447 73
person 0.0119 254 63 272 80
person 0.0118 404 186 432 234
person 0.0099 404 185 420 205
person 0.0098 382 178 417 202
person 0.0088 417 183 429 200
person 0.0082 374 195 392 224
person 0.0058 406 58 423 79
person 0.0047 378 192 392 209
person 0.0033 417 19 445 51
person 0.0032 463 112 499 241
person 0.0031 349 197 359 219
person 0.0030 333 29 376 79
person 0.0022 289 59 300 80
person 0.0021 355 191 375 221
person 0.0020 437 111 485 235
person 0.0020 326 190 341 214
person 0.0018 352 55 364 79
person 0.0018 179 67 220 121
person 0.0016 352 48 373 80
person 0.0016 388 55 421 80
person 0.0016 390 179 416 191
person 0.0015 241 61 251 81
person 0.0015 278 61 292 80
person 0.0015 397 181 418 197
person 0.0014 303 60 325 80
person 0.0013 346 31 373 69
person 0.0013 216 40 227 63
person 0.0013 280 59 299 80
person 0.0011 325 196 335 215
person 0.0011 439 166 456 239
person 0.0011 375 205 403 231
person 0.0011 0 64 14 90
person 0.0010 250 46 272 70
person 0.0010 391 41 431 77
bicycle 0.0011 437 112 496 242
motorbike 0.0066 437 111 496 242
bird 0.0020 256 59 269 79
bird 0.0020 280 61 292 80
cat 0.0107 452 111 482 158
cat 0.0040 388 56 416 80
cat 0.0028 254 63 271 80
cat 0.0028 241 45 267 81
cat 0.0026 189 69 203 95
cat 0.0014 325 184 350 218
cat 0.0013 279 62 293 80
cat 0.0011 289 59 300 80
cat 0.0010 261 62 273 80
cat 0.0010 186 69 212 97
dog 0.0238 452 112 482 159
dog 0.0064 254 63 272 80
dog 0.0038 374 183 421 234
dog 0.0033 241 45 266 81
dog 0.0025 404 183 419 203
dog 0.0021 417 183 429 198
dog 0.0012 416 20 444 52
dog 0.0010 340 364 374 374
dog 0.0010 83 206 103 258
dog 0.0010 397 181 418 197
dog 0.0010 388 56 416 80
horse 0.0036 242 44 276 81
horse 0.0012 437 111 485 235
horse 0.0010 374 183 421 234
horse 0.0010 255 63 272 80
horse 0.0010 353 53 370 81
bottle 0.0088 323 58 331 80
bottle 0.0087 95 147 104 162
bottle 0.0077 277 211 290 227
bottle 0.0043 437 126 452 157
bottle 0.0040 353 58 364 79
bottle 0.0035 289 59 300 80
bottle 0.0028 0 307 15 323
bottle 0.0023 280 62 292 80
bottle 0.0018 274 200 288 227
bottle 0.0018 77 278 99 303
bottle 0.0017 0 307 19 347
bottle 0.0014 349 199 359 218
bottle 0.0014 90 281 102 301
bottle 0.0013 334 61 350 78
bottle 0.0012 326 184 350 218
bottle 0.0010 273 93 284 111
chair 0.0903 74 347 232 372
chair 0.0463 78 163 109 257
chair 0.0423 102 186 238 264
chair 0.0377 403 192 432 233
chair 0.0167 111 118 248 215
chair 0.0154 374 183 421 234
chair 0.0130 94 195 136 257
chair 0.0087 101 206 198 281
chair 0.0052 390 179 416 191
chair 0.0046 340 364 374 374
chair 0.0044 0 361 36 374
chair 0.0043 105 159 132 200
chair 0.0037 23 334 101 373
chair 0.0036 236 219 257 240
chair 0.0030 92 164 111 219
chair 0.0030 302 362 373 373
chair 0.0029 257 284 342 373
chair 0.0027 10 304 326 371
chair 0.0025 79 156 140 260
chair 0.0023 110 202 139 234
chair 0.0023 82 136 105 161
chair 0.0022 277 211 290 227
chair 0.0019 77 156 111 209
chair 0.0019 382 178 417 202
chair 0.0019 0 307 19 348
chair 0.0017 184 259 228 315
chair 0.0017 329 193 350 218
chair 0.0017 206 277 226 316
chair 0.0016 303 218 363 244
chair 0.0016 332 210 348 219
chair 0.0014 9 330 208 373
chair 0.0014 81 101 243 268
chair 0.0013 105 160 152 216
chair 0.0012 391 209 415 233
sofa 0.8589 101 119 250 262
sofa 0.0753 247 212 433 247
sofa 0.0309 108 192 239 262
sofa 0.0147 78 346 249 373
sofa 0.0098 3 265 323 370
sofa 0.0061 335 186 422 245
sofa 0.0032 374 184 430 237
sofa 0.0016 24 335 101 373
sofa 0.0011 227 184 440 247
sofa 0.0010 100 95 219 148
pottedplant 0.7828 205 73 241 112
pottedplant 0.6381 90 208 214 328
pottedplant 0.5277 308 0 389 81
pottedplant 0.4233 235 182 283 226
pottedplant 0.1250 275 201 288 226
pottedplant 0.0324 351 46 374 80
pottedplant 0.0240 266 191 285 223
pottedplant 0.0132 0 307 19 347
pottedplant 0.0129 327 184 350 218
pottedplant 0.0093 336 40 374 79
pottedplant 0.0091 437 110 497 242
pottedplant 0.0086 186 69 212 97
pottedplant 0.0084 276 214 288 226
pottedplant 0.0083 268 190 281 204
pottedplant 0.0081 365 59 385 80
pottedplant 0.0061 105 278 193 327
pottedplant 0.0060 103 210 202 285
pottedplant 0.0060 280 61 292 80
pottedplant 0.0059 353 58 364 79
pottedplant 0.0057 185 264 213 284
pottedplant 0.0057 334 61 350 78
pottedplant 0.0057 144 231 206 287
pottedplant 0.0053 79 234 115 301
pottedplant 0.0052 387 57 418 80
pottedplant 0.0050 254 183 279 202
pottedplant 0.0044 474 111 499 176
pottedplant 0.0034 256 59 269 79
pottedplant 0.0032 453 157 494 242
pottedplant 0.0031 241 45 268 80
pottedplant 0.0030 298 198 329 218
pottedplant 0.0027 87 245 115 288
pottedplant 0.0026 77 155 110 257
pottedplant 0.0026 324 44 352 80
pottedplant 0.0025 300 200 310 217
pottedplant 0.0024 349 199 359 218
pottedplant 0.0022 307 5 351 76
pottedplant 0.0022 391 41 431 77
pottedplant 0.0021 289 59 300 80
pottedplant 0.0021 250 46 272 70
pottedplant 0.0020 166 240 204 284
pottedplant 0.0020 181 253 203 282
pottedplant 0.0019 169 260 208 284
pottedplant 0.0019 243 204 277 225
pottedplant 0.0017 303 60 326 80
pottedplant 0.0016 323 58 331 80
pottedplant 0.0015 325 196 335 216
pottedplant 0.0013 355 191 375 221
pottedplant 0.0012 241 64 251 82
pottedplant 0.0012 345 6 389 80
pottedplant 0.0012 84 267 104 295
pottedplant 0.0012 385 16 444 85
pottedplant 0.0012 179 248 225 315
pottedplant 0.0011 436 71 470 123
pottedplant 0.0011 483 111 499 148
pottedplant 0.0011 238 184 274 206
pottedplant 0.0011 332 210 348 219
pottedplant 0.0011 95 147 104 162
pottedplant 0.0010 326 190 341 214
pottedplant 0.0010 236 219 257 240
pottedplant 0.0010 267 203 278 224
diningtable 0.5016 0 259 328 369
diningtable 0.0349 247 215 376 244
diningtable 0.0271 0 268 101 370
diningtable 0.0241 209 253 341 370
diningtable 0.0073 303 218 364 244
diningtable 0.0069 0 266 41 307
diningtable 0.0052 292 216 432 249
diningtable 0.0034 64 273 219 355
diningtable 0.0026 0 326 101 373
diningtable 0.0025 19 281 101 333
diningtable 0.0019 215 282 316 325
diningtable 0.0016 2 291 43 324
diningtable 0.0015 257 284 342 373
diningtable 0.0015 103 316 311 373
diningtable 0.0012 216 320 287 372
diningtable 0.0012 228 259 326 295
diningtable 0.0012 84 345 255 373
diningtable 0.0011 0 360 36 374
diningtable 0.0011 218 258 275 280
diningtable 0.0010 101 189 236 260
tvmonitor 0.0025 167 39 201 62
