person 0.0173 48 182 57 190
person 0.0070 55 182 63 190
person 0.0049 65 229 77 243
person 0.0037 207 174 219 187
person 0.0028 59 183 67 190
person 0.0019 26 242 54 265
person 0.0019 50 180 60 190
person 0.0011 68 184 75 190
person 0.0011 203 176 222 191
car 0.0464 26 243 54 259
car 0.0259 83 231 105 244
car 0.0047 65 227 88 244
car 0.0035 76 228 155 244
car 0.0011 45 182 55 190
aeroplane 0.9209 13 71 483 244
aeroplane 0.0376 26 242 54 263
aeroplane 0.0054 356 230 381 241
aeroplane 0.0052 474 233 499 243
aeroplane 0.0039 77 227 163 244
aeroplane 0.0015 451 233 460 241
aeroplane 0.0014 354 228 370 241
aeroplane 0.0013 380 231 389 241
aeroplane 0.0012 438 233 453 240
bus 0.0622 474 234 499 244
bus 0.0038 26 242 54 263
bus 0.0021 76 227 156 245
bus 0.0018 4 236 19 242
train 0.0925 474 234 499 244
train 0.0010 26 243 55 257
boat 0.0111 474 234 499 244
boat 0.0018 356 230 381 241
boat 0.0018 26 242 54 263
