person 0.0082 270 181 304 205
person 0.0012 249 178 303 208
person 0.0012 70 120 90 147
boat 0.0111 54 90 217 425
boat 0.0084 70 120 91 147
boat 0.0049 53 226 325 456
boat 0.0021 69 130 92 160
boat 0.0020 -83 0 21 432
bird 0.8200 75 100 121 253
bird 0.4353 249 178 303 207
bird 0.1708 55 94 230 447
bird 0.0371 55 230 222 412
bird 0.0369 271 181 303 205
bird 0.0241 249 177 269 191
bird 0.0190 53 208 317 456
bird 0.0039 69 119 90 146
bird 0.0034 65 98 144 388
bird 0.0019 291 186 304 202
bird 0.0017 228 10 310 205
bird 0.0016 69 101 121 152
bird 0.0011 282 180 305 198
bird 0.0011 109 160 307 210
bird 0.0010 245 93 315 206
cat 0.0063 271 181 304 205
dog 0.0064 271 181 303 205
dog 0.0010 247 178 304 207
horse 0.0059 271 181 304 205
sheep 0.0082 271 181 304 205
cow 0.0068 270 180 303 206
chair 0.0013 69 120 91 147
pottedplant 0.0054 202 6 314 203
