person 0.1580 0 -1 110 303
person 0.0150 13 0 451 347
person 0.0022 94 2 263 92
person 0.0011 41 0 446 174
person 0.0010 2 0 199 353
bird 0.0022 285 66 449 281
cat 0.0243 285 66 449 281
cat 0.0021 97 44 459 286
cat 0.0016 107 27 277 286
dog 0.8404 99 39 458 289
dog 0.4987 106 26 284 286
dog 0.3259 282 67 448 280
dog 0.0153 0 0 506 371
sheep 0.0014 284 66 446 282
sheep 0.0011 106 53 450 284
chair 0.0775 6 264 486 370
chair 0.0321 9 28 491 357
chair 0.0060 41 0 446 174
chair 0.0036 99 0 265 113
chair 0.0034 0 274 28 371
chair 0.0024 48 3 320 286
chair 0.0016 363 276 458 372
chair 0.0014 4 265 101 372
sofa 0.3554 1 0 506 333
sofa 0.0555 10 265 484 370
sofa 0.0351 0 161 490 373
sofa 0.0116 73 0 422 110
sofa 0.0050 34 0 483 176
sofa 0.0024 0 4 125 361
sofa 0.0021 48 3 320 286
