person 0.0369 61 91 89 123
person 0.0212 111 109 146 128
person 0.0148 98 83 144 129
person 0.0104 206 101 230 131
person 0.0058 60 85 105 127
person 0.0045 245 107 283 149
person 0.0041 186 100 231 138
person 0.0030 102 106 132 130
person 0.0028 23 85 72 123
person 0.0027 128 111 160 126
person 0.0020 106 95 162 126
person 0.0019 107 108 165 134
person 0.0019 42 85 75 114
person 0.0018 24 93 48 113
person 0.0015 98 84 126 98
person 0.0015 15 82 98 130
person 0.0011 266 109 292 154
person 0.0011 95 84 112 98
car 0.9221 42 80 452 310
car 0.9179 0 69 183 241
car 0.6153 61 62 187 107
car 0.0790 0 62 25 71
car 0.0479 0 63 40 82
car 0.0469 1 61 59 76
car 0.0408 58 62 170 80
car 0.0211 57 66 95 74
car 0.0198 0 63 65 87
car 0.0180 1 64 169 89
car 0.0158 24 60 55 68
car 0.0146 6 62 110 74
car 0.0144 56 64 135 75
car 0.0100 79 62 155 73
car 0.0081 58 61 133 71
car 0.0062 19 60 69 71
car 0.0044 23 64 66 75
car 0.0026 84 35 122 43
car 0.0022 451 127 491 145
car 0.0019 0 61 60 122
car 0.0017 66 35 124 54
car 0.0010 0 62 31 126
bus 0.0055 39 79 456 309
bus 0.0036 4 63 184 99
cow 0.0016 452 127 491 145
pottedplant 0.0061 299 343 318 358
