person 0.8434 178 154 227 264
person 0.8378 337 135 395 192
person 0.8209 225 182 300 302
person 0.7954 282 128 331 193
person 0.7888 309 177 405 314
person 0.7671 398 157 492 312
person 0.7613 238 143 289 206
person 0.6741 315 126 340 169
person 0.6235 452 114 489 167
person 0.5869 477 120 499 171
person 0.5023 420 139 484 216
person 0.2226 452 132 497 176
person 0.2110 438 134 499 195
person 0.0931 303 107 318 144
person 0.0675 427 140 471 188
person 0.0624 463 115 486 148
person 0.0468 438 139 471 164
person 0.0364 323 179 406 238
person 0.0229 326 147 341 193
person 0.0192 422 154 451 215
person 0.0147 428 142 447 179
person 0.0142 491 125 499 158
person 0.0129 402 171 452 227
person 0.0121 346 97 361 121
person 0.0116 303 106 313 134
person 0.0110 488 122 499 144
person 0.0058 347 97 360 111
person 0.0058 338 59 347 87
person 0.0047 366 93 379 115
person 0.0039 117 157 166 250
person 0.0038 326 88 350 122
person 0.0037 452 137 475 163
person 0.0037 328 166 339 193
person 0.0035 345 175 421 225
person 0.0032 360 94 372 115
person 0.0028 424 181 452 218
person 0.0027 234 184 286 225
person 0.0027 436 141 451 161
person 0.0026 346 64 362 112
person 0.0025 428 159 440 177
person 0.0024 246 141 264 158
person 0.0023 478 193 499 226
person 0.0022 480 116 495 139
person 0.0020 358 68 373 114
person 0.0020 351 57 363 95
person 0.0019 117 160 155 214
person 0.0018 326 93 333 121
person 0.0017 345 70 376 121
person 0.0017 239 176 251 218
person 0.0016 354 92 371 129
person 0.0015 361 89 379 143
person 0.0015 418 162 493 234
person 0.0014 326 108 335 121
person 0.0014 213 168 224 201
person 0.0014 341 183 352 193
person 0.0014 301 105 311 127
person 0.0014 477 159 499 185
person 0.0013 291 128 309 150
person 0.0013 478 41 499 119
person 0.0012 339 89 379 149
person 0.0012 327 98 362 131
person 0.0012 304 120 319 150
person 0.0012 257 155 287 179
person 0.0012 469 180 499 261
person 0.0012 119 179 147 242
person 0.0012 144 57 155 84
person 0.0012 221 183 252 230
person 0.0011 272 76 285 94
person 0.0011 345 113 361 129
person 0.0011 113 74 170 268
person 0.0010 481 174 498 191
train 0.0039 22 -9 184 323
train 0.0027 34 -13 485 331
train 0.0011 101 24 421 259
boat 0.0183 3 -12 183 326
boat 0.0116 0 130 97 327
boat 0.0042 24 -31 461 331
boat 0.0020 101 24 421 259
bird 0.0048 338 59 346 81
bird 0.0014 348 56 362 96
bottle 0.7135 309 194 319 223
bottle 0.5402 283 187 294 225
bottle 0.0834 325 198 335 220
bottle 0.0350 293 193 304 219
bottle 0.0313 297 195 310 222
bottle 0.0260 324 189 332 215
bottle 0.0236 324 186 331 200
bottle 0.0234 273 210 281 226
bottle 0.0202 356 188 363 203
bottle 0.0184 283 206 294 226
bottle 0.0177 353 192 362 208
bottle 0.0151 285 187 294 204
bottle 0.0121 273 201 282 223
bottle 0.0099 303 105 317 139
bottle 0.0076 292 227 300 244
bottle 0.0060 319 196 328 220
bottle 0.0059 341 182 352 193
bottle 0.0058 327 204 336 224
bottle 0.0051 328 166 339 193
bottle 0.0050 345 194 360 210
bottle 0.0039 327 182 337 195
bottle 0.0035 321 185 330 197
bottle 0.0034 338 59 347 87
bottle 0.0031 264 90 272 104
bottle 0.0027 360 163 376 178
bottle 0.0026 293 206 301 226
bottle 0.0025 376 194 388 217
bottle 0.0020 377 203 388 215
bottle 0.0014 337 200 348 214
bottle 0.0013 356 184 366 198
bottle 0.0011 293 189 308 206
bottle 0.0011 386 176 396 193
bottle 0.0011 304 105 312 124
bottle 0.0010 318 173 365 207
bottle 0.0010 325 217 335 230
bottle 0.0010 243 197 283 255
bottle 0.0010 353 171 370 188
chair 0.9160 400 222 493 328
chair 0.9039 209 255 304 328
chair 0.8994 314 247 410 328
chair 0.7433 151 194 216 299
chair 0.3630 110 251 164 328
chair 0.3301 310 223 331 270
chair 0.2996 266 154 288 173
chair 0.2916 341 183 352 193
chair 0.2904 479 195 499 227
chair 0.2366 477 194 499 262
chair 0.1604 152 193 190 265
chair 0.1570 152 194 182 231
chair 0.1331 302 118 318 147
chair 0.1280 347 126 361 151
chair 0.1212 420 181 439 215
chair 0.1075 487 202 499 269
chair 0.0993 477 188 499 202
chair 0.0845 328 164 342 194
chair 0.0730 470 164 499 176
chair 0.0618 336 146 355 160
chair 0.0508 281 157 292 183
chair 0.0507 480 174 499 190
chair 0.0475 384 174 396 193
chair 0.0405 274 171 288 191
chair 0.0349 269 162 287 187
chair 0.0342 238 165 248 195
chair 0.0317 239 192 251 216
chair 0.0307 327 124 348 145
chair 0.0268 415 181 430 205
chair 0.0235 394 179 420 196
chair 0.0209 186 238 219 289
chair 0.0197 289 268 313 292
chair 0.0190 323 148 335 168
chair 0.0184 388 176 398 193
chair 0.0159 335 128 358 149
chair 0.0156 439 152 497 202
chair 0.0155 340 177 371 192
chair 0.0154 340 166 386 192
chair 0.0152 316 303 344 329
chair 0.0151 462 204 496 319
chair 0.0144 282 160 316 193
chair 0.0137 344 112 362 134
chair 0.0135 238 175 249 210
chair 0.0128 288 180 328 195
chair 0.0122 177 192 195 243
chair 0.0121 477 146 499 169
chair 0.0121 465 148 500 175
chair 0.0119 283 157 301 182
chair 0.0113 153 193 183 207
chair 0.0110 371 157 391 180
chair 0.0106 411 179 428 200
chair 0.0103 337 139 392 193
chair 0.0100 338 170 353 191
chair 0.0090 422 172 452 218
chair 0.0089 291 172 327 190
chair 0.0084 466 163 500 187
chair 0.0081 439 139 471 164
chair 0.0081 275 173 287 208
chair 0.0079 288 266 318 325
chair 0.0077 402 171 452 227
chair 0.0075 328 112 345 122
chair 0.0074 332 161 345 187
chair 0.0074 375 161 394 191
chair 0.0074 265 149 291 160
chair 0.0073 289 183 308 195
chair 0.0072 315 135 330 163
chair 0.0072 119 196 142 252
chair 0.0071 188 238 224 264
chair 0.0069 170 191 185 198
chair 0.0065 220 192 253 228
chair 0.0064 326 150 338 172
chair 0.0063 291 128 310 149
chair 0.0063 178 220 226 264
chair 0.0061 330 194 355 208
chair 0.0059 253 164 388 248
chair 0.0058 287 241 312 270
chair 0.0058 339 96 380 147
chair 0.0056 345 175 421 225
chair 0.0055 288 221 330 292
chair 0.0053 452 137 475 163
chair 0.0052 304 128 318 151
chair 0.0048 347 162 380 182
chair 0.0045 315 149 326 164
chair 0.0044 262 149 274 161
chair 0.0043 1 205 82 328
chair 0.0043 345 196 358 210
chair 0.0042 238 151 280 193
chair 0.0041 339 222 398 255
chair 0.0041 301 105 315 136
chair 0.0041 279 152 293 165
chair 0.0039 284 133 330 192
chair 0.0039 311 143 321 154
chair 0.0039 338 160 351 179
chair 0.0038 315 127 339 167
chair 0.0037 382 193 417 226
chair 0.0037 239 162 267 193
chair 0.0037 227 218 245 231
chair 0.0035 326 113 336 121
chair 0.0035 369 159 384 174
chair 0.0033 131 179 168 239
sofa 0.0012 266 153 289 174
sofa 0.0011 302 118 318 147
sofa 0.0010 337 139 392 193
pottedplant 0.1161 348 97 360 111
pottedplant 0.0231 347 69 362 110
pottedplant 0.0119 346 97 361 121
pottedplant 0.0107 272 76 285 94
pottedplant 0.0092 345 113 361 129
pottedplant 0.0083 345 70 376 121
pottedplant 0.0065 328 99 363 132
pottedplant 0.0057 388 166 427 196
pottedplant 0.0047 339 89 379 149
pottedplant 0.0046 344 107 360 122
pottedplant 0.0042 358 95 376 119
pottedplant 0.0038 389 165 426 180
pottedplant 0.0037 350 95 365 113
pottedplant 0.0035 270 82 284 102
pottedplant 0.0029 326 91 356 121
pottedplant 0.0027 287 76 301 93
pottedplant 0.0025 327 71 365 122
pottedplant 0.0022 264 91 272 104
pottedplant 0.0020 329 111 346 121
pottedplant 0.0016 336 64 347 87
pottedplant 0.0013 303 107 318 144
pottedplant 0.0013 349 61 362 96
pottedplant 0.0013 259 76 274 103
pottedplant 0.0011 317 48 379 144
pottedplant 0.0011 287 84 301 101
diningtable 0.5845 268 181 422 252
diningtable 0.2347 480 175 499 190
diningtable 0.1573 327 121 357 145
diningtable 0.1120 387 165 425 180
diningtable 0.0987 388 166 427 196
diningtable 0.0815 339 178 420 226
diningtable 0.0757 477 188 499 202
diningtable 0.0578 472 164 499 178
diningtable 0.0561 327 110 361 129
diningtable 0.0552 375 186 420 225
diningtable 0.0493 394 176 423 196
diningtable 0.0398 471 184 499 216
diningtable 0.0392 342 112 362 124
diningtable 0.0353 347 126 361 152
diningtable 0.0352 180 182 359 281
diningtable 0.0332 396 180 500 216
diningtable 0.0309 336 146 355 160
diningtable 0.0242 384 167 500 201
diningtable 0.0208 329 112 346 122
diningtable 0.0181 299 166 425 217
diningtable 0.0164 289 179 327 195
diningtable 0.0136 383 207 415 225
diningtable 0.0134 275 205 323 268
diningtable 0.0132 325 112 370 150
diningtable 0.0122 478 193 499 226
diningtable 0.0109 403 173 427 191
diningtable 0.0107 344 163 497 219
diningtable 0.0092 406 170 444 227
diningtable 0.0082 320 172 399 207
diningtable 0.0078 152 193 186 234
diningtable 0.0077 439 152 497 202
diningtable 0.0059 477 159 499 185
diningtable 0.0056 321 184 391 239
diningtable 0.0056 291 174 327 188
diningtable 0.0056 394 193 421 214
diningtable 0.0051 335 134 358 155
diningtable 0.0050 266 151 290 171
diningtable 0.0050 290 172 488 328
diningtable 0.0033 292 183 321 198
diningtable 0.0031 388 176 397 194
diningtable 0.0031 465 148 500 175
diningtable 0.0031 469 180 499 261
diningtable 0.0031 326 161 341 193
diningtable 0.0028 411 179 428 200
diningtable 0.0026 309 146 424 197
diningtable 0.0026 397 181 415 196
diningtable 0.0026 200 195 330 325
diningtable 0.0024 337 139 392 193
diningtable 0.0023 109 179 326 250
diningtable 0.0020 383 174 499 274
diningtable 0.0020 150 190 286 302
diningtable 0.0020 330 194 355 208
diningtable 0.0019 152 193 195 267
diningtable 0.0018 173 191 186 201
diningtable 0.0017 409 184 427 208
diningtable 0.0016 313 183 329 194
diningtable 0.0016 287 184 370 270
diningtable 0.0015 323 60 377 141
diningtable 0.0015 339 96 380 147
diningtable 0.0015 383 172 395 193
diningtable 0.0014 342 175 371 191
diningtable 0.0014 326 91 356 121
diningtable 0.0013 239 190 254 217
diningtable 0.0013 340 166 386 192
diningtable 0.0012 112 248 164 314
diningtable 0.0012 324 115 349 134
diningtable 0.0011 296 169 327 183
diningtable 0.0010 365 113 504 221
diningtable 0.0010 326 140 371 175
tvmonitor 0.0159 1 205 85 327
