person 0.0904 48 62 65 90
person 0.0615 67 59 82 90
person 0.0137 351 145 377 191
person 0.0136 30 70 44 91
person 0.0071 28 57 55 91
person 0.0031 26 53 79 91
person 0.0030 49 61 62 80
person 0.0025 34 60 68 90
person 0.0018 31 59 41 86
cat 0.0039 351 146 377 191
cat 0.0019 449 92 472 120
dog 0.0069 351 146 377 191
bottle 0.0030 448 77 473 120
bottle 0.0025 398 141 414 198
bottle 0.0019 454 147 499 212
bottle 0.0013 9 167 57 256
chair 0.5407 78 287 319 331
sofa 0.0022 77 288 323 330
pottedplant 0.0223 447 77 473 121
pottedplant 0.0012 479 107 495 127
diningtable 0.0164 24 208 367 328
diningtable 0.0040 0 215 103 313
diningtable 0.0018 440 110 499 212
diningtable 0.0018 63 269 331 326
diningtable 0.0013 446 122 499 136
tvmonitor 0.8824 119 38 351 185
tvmonitor 0.0049 11 117 89 223
tvmonitor 0.0013 26 95 67 124
tvmonitor 0.0012 400 240 499 302
tvmonitor 0.0011 77 287 322 330
