person 0.8777 179 182 230 374
person 0.6737 94 176 117 219
person 0.4263 256 189 277 233
person 0.2831 179 74 215 106
person 0.2663 334 79 361 108
person 0.2601 63 71 113 116
person 0.1152 255 186 280 283
person 0.1040 211 188 247 229
person 0.0685 302 78 328 100
person 0.0648 80 173 104 213
person 0.0602 87 69 125 113
person 0.0566 190 52 221 104
person 0.0553 363 86 384 113
person 0.0528 313 80 330 101
person 0.0451 360 81 373 111
person 0.0347 383 86 393 115
person 0.0294 81 45 115 96
person 0.0263 153 70 215 111
person 0.0220 197 53 219 83
person 0.0214 246 188 276 322
person 0.0211 6 191 15 236
person 0.0157 138 47 183 101
person 0.0150 157 176 182 201
person 0.0144 125 52 206 110
person 0.0127 133 73 185 109
person 0.0124 267 185 275 209
person 0.0108 331 80 346 103
person 0.0107 303 76 317 98
person 0.0101 385 93 393 110
person 0.0074 112 62 152 105
person 0.0068 148 50 172 77
person 0.0061 232 198 247 230
person 0.0059 77 64 97 99
person 0.0054 237 210 249 238
person 0.0042 2 203 13 234
person 0.0037 24 191 39 240
person 0.0037 262 186 275 219
person 0.0036 298 55 327 99
person 0.0035 160 185 190 227
person 0.0035 210 189 223 219
person 0.0035 6 207 13 230
person 0.0033 340 195 354 204
person 0.0030 310 198 319 206
person 0.0029 415 225 424 233
person 0.0028 254 180 296 323
person 0.0028 81 180 94 213
person 0.0026 375 184 388 214
person 0.0022 53 193 61 218
person 0.0020 392 262 409 312
person 0.0020 102 69 142 111
person 0.0020 236 194 262 290
person 0.0020 255 55 280 105
person 0.0019 120 172 147 203
person 0.0019 107 173 131 201
person 0.0018 320 174 359 213
person 0.0018 135 181 158 220
person 0.0017 7 191 14 214
person 0.0016 240 205 263 231
person 0.0016 369 82 382 108
person 0.0016 27 195 36 209
person 0.0016 316 76 340 103
person 0.0016 310 179 320 206
person 0.0014 114 178 153 223
person 0.0014 118 57 176 102
person 0.0013 208 173 224 213
person 0.0012 67 177 99 220
person 0.0011 81 56 192 113
person 0.0011 355 78 381 114
person 0.0011 377 196 387 211
person 0.0011 312 196 322 214
person 0.0011 27 195 38 218
person 0.0011 212 188 251 291
person 0.0011 341 208 350 218
person 0.0010 341 198 354 217
car 0.0013 6 192 41 236
car 0.0012 340 195 354 204
bus 0.9293 23 -3 452 348
bus 0.0109 311 166 368 221
bus 0.0060 441 158 474 232
bus 0.0032 320 174 359 213
bus 0.0030 302 161 412 223
bus 0.0013 397 164 442 234
train 0.0030 397 164 442 234
boat 0.0059 401 232 499 274
boat 0.0026 392 154 497 278
bottle 0.0053 201 281 216 304
chair 0.0051 302 77 326 100
chair 0.0036 385 87 394 115
chair 0.0018 367 89 386 114
chair 0.0011 335 79 360 108
