person 0.0126 10 24 501 373
person 0.0067 44 243 490 371
person 0.0060 -1 230 221 373
person 0.0016 0 227 104 370
bicycle 0.0538 0 227 106 371
bicycle 0.0076 0 226 73 316
bicycle 0.0025 -1 228 217 372
car 0.1554 4 -5 501 370
car 0.0735 2 -2 491 145
car 0.0155 1 -1 176 250
car 0.0013 2 0 177 124
car 0.0011 342 0 399 34
motorbike 0.0089 1 227 103 370
motorbike 0.0012 4 2 502 374
cat 0.0051 41 85 196 296
cat 0.0013 181 158 487 371
cat 0.0011 167 57 462 219
dog 0.8932 151 59 490 369
dog 0.7879 41 86 196 292
dog 0.0258 165 57 468 221
dog 0.0039 17 70 365 313
horse 0.0012 4 2 502 374
cow 0.0016 10 37 504 371
chair 0.0703 0 -4 507 367
chair 0.0674 0 225 94 371
chair 0.0535 0 296 106 372
chair 0.0139 3 329 69 373
chair 0.0117 0 -1 176 250
chair 0.0116 0 226 72 314
chair 0.0084 0 229 189 372
chair 0.0076 28 -2 498 160
chair 0.0033 44 243 490 371
chair 0.0019 0 112 75 332
chair 0.0013 49 254 288 371
sofa 0.3034 5 -3 502 371
sofa 0.0259 21 -2 500 164
sofa 0.0127 0 0 176 255
sofa 0.0104 0 230 108 373
sofa 0.0100 44 243 490 371
sofa 0.0086 0 229 217 375
sofa 0.0040 320 0 499 152
sofa 0.0024 49 254 288 371
sofa 0.0010 0 128 67 241
diningtable 0.0014 0 -2 176 252
diningtable 0.0011 4 2 502 374
tvmonitor 0.0055 0 -2 176 252
tvmonitor 0.0033 1 -1 176 81
