person 0.0031 83 -2 392 373
person 0.0017 334 84 380 120
person 0.0017 287 0 400 75
bird 0.0019 0 7 143 195
cat 0.7688 112 10 384 373
cat 0.5892 0 1 140 195
cat 0.0066 287 0 400 75
cat 0.0051 4 3 396 231
cat 0.0039 195 0 397 85
dog 0.1210 87 2 358 372
dog 0.1099 0 3 142 196
dog 0.0079 288 0 403 74
dog 0.0042 195 0 397 85
sheep 0.0017 0 4 142 193
sheep 0.0013 44 9 365 370
bottle 0.0012 392 0 461 49
bottle 0.0010 334 84 380 120
chair 0.0032 2 -7 474 360
sofa 0.0071 1 -6 433 374
diningtable 0.0011 -5 -4 473 364
tvmonitor 0.0011 6 -5 464 364
