bottle 0.8649 174 58 292 463
bottle 0.0218 120 117 185 353
bottle 0.0105 183 14 279 203
bottle 0.0024 -92 32 4 444
chair 0.1205 0 157 66 336
chair 0.0033 -1 155 132 344
chair 0.0027 1 155 65 199
chair 0.0026 0 155 64 248
chair 0.0021 114 197 179 342
chair 0.0012 1 65 178 385
sofa 0.0024 0 153 64 341
sofa 0.0013 6 27 305 496
diningtable 0.7946 4 332 307 496
diningtable 0.3441 2 36 310 492
diningtable 0.0237 88 335 181 422
diningtable 0.0157 15 408 318 495
diningtable 0.0136 0 326 79 422
diningtable 0.0026 -95 104 140 477
diningtable 0.0013 -200 268 268 576
diningtable 0.0013 0 155 66 342
diningtable 0.0012 1 325 168 444
