person 0.3319 376 124 384 141
person 0.1604 367 126 374 140
person 0.1077 491 63 499 98
person 0.0831 465 173 479 181
person 0.0759 227 126 238 138
person 0.0594 211 124 218 137
person 0.0419 465 173 481 188
person 0.0283 464 173 482 205
person 0.0221 474 178 487 207
person 0.0212 478 90 487 98
person 0.0154 122 129 129 139
person 0.0148 476 65 485 95
person 0.0147 476 179 496 220
person 0.0133 481 90 492 98
person 0.0132 475 89 483 99
person 0.0096 359 126 366 139
person 0.0081 456 92 471 99
person 0.0076 479 126 488 133
person 0.0061 180 115 190 123
person 0.0055 474 176 490 232
person 0.0043 487 181 499 207
person 0.0037 134 82 187 102
person 0.0036 214 125 224 138
person 0.0035 487 87 495 98
person 0.0025 469 87 478 99
person 0.0021 449 175 490 238
person 0.0020 297 128 307 137
person 0.0017 478 126 493 134
person 0.0015 463 91 475 99
person 0.0015 472 125 486 133
person 0.0015 464 176 486 226
person 0.0014 453 92 463 99
person 0.0013 464 172 489 181
person 0.0013 123 132 139 141
person 0.0013 482 124 498 134
person 0.0010 139 132 147 142
car 0.0628 456 91 472 99
car 0.0171 481 90 492 98
car 0.0132 463 91 475 99
car 0.0097 487 87 495 98
car 0.0085 478 126 493 134
car 0.0070 475 89 483 99
car 0.0063 379 93 390 102
car 0.0058 469 125 487 134
car 0.0058 478 90 487 98
car 0.0038 491 68 499 97
car 0.0033 359 68 375 75
car 0.0033 226 126 238 138
car 0.0027 453 92 463 99
car 0.0027 482 125 498 137
car 0.0020 39 107 70 115
car 0.0017 479 126 488 133
car 0.0017 297 128 307 137
car 0.0016 180 115 190 123
car 0.0012 390 126 400 133
motorbike 0.0016 226 126 238 138
aeroplane 0.0024 134 82 187 102
bus 0.0052 38 106 69 115
bus 0.0013 456 91 472 99
bus 0.0012 491 62 499 97
bus 0.0010 455 68 484 99
train 0.0025 38 106 69 115
boat 0.0236 38 106 69 115
boat 0.0207 225 127 238 138
boat 0.0040 478 126 493 134
boat 0.0025 170 133 245 159
boat 0.0024 5 131 142 164
boat 0.0020 25 97 331 163
boat 0.0020 379 93 390 102
boat 0.0020 180 115 190 123
boat 0.0019 38 107 69 123
boat 0.0019 465 173 478 181
boat 0.0018 384 98 496 136
boat 0.0015 179 124 237 144
boat 0.0012 214 125 224 138
boat 0.0011 437 188 479 208
bird 0.0352 226 126 238 138
bird 0.0282 465 173 477 180
bird 0.0060 180 115 190 123
bird 0.0050 134 82 187 102
bird 0.0012 465 173 481 188
bird 0.0011 210 124 218 138
dog 0.9071 174 126 289 259
dog 0.0068 465 173 479 181
dog 0.0063 172 140 222 246
dog 0.0024 226 126 237 138
horse 0.0036 225 127 238 138
horse 0.0025 465 173 478 181
sheep 0.0030 227 126 238 138
sheep 0.0021 180 116 190 123
sheep 0.0017 465 173 477 180
cow 0.0072 227 126 238 138
cow 0.0014 465 173 479 181
chair 0.0021 483 90 492 98
chair 0.0014 225 127 238 138
