person 0.8560 449 139 472 198
person 0.8243 471 140 497 206
person 0.8166 419 139 438 196
person 0.2314 416 138 426 183
person 0.1376 446 139 455 165
person 0.1173 471 141 481 163
person 0.0672 469 147 481 195
person 0.0587 419 138 426 162
person 0.0292 487 141 499 203
person 0.0223 427 139 438 168
person 0.0199 201 106 232 141
person 0.0158 433 148 445 174
person 0.0141 468 139 477 157
person 0.0135 448 140 458 161
person 0.0129 212 113 232 139
person 0.0114 421 137 429 151
person 0.0100 416 165 423 182
person 0.0091 415 172 423 183
person 0.0078 473 146 489 169
person 0.0072 478 140 492 159
person 0.0068 442 145 453 173
person 0.0056 446 147 455 174
person 0.0052 471 150 483 176
person 0.0042 453 138 462 150
person 0.0042 488 139 498 157
person 0.0041 463 138 474 160
person 0.0040 437 151 455 193
person 0.0034 460 138 468 148
person 0.0033 451 139 465 157
person 0.0032 200 106 219 137
person 0.0031 430 149 441 178
person 0.0029 460 140 470 154
person 0.0026 415 151 424 183
person 0.0020 398 137 410 153
person 0.0019 483 145 496 169
person 0.0017 489 147 499 174
person 0.0013 402 139 412 151
person 0.0011 490 133 499 153
car 0.0013 435 158 446 172
train 0.9006 65 48 482 304
train 0.7919 0 61 92 300
train 0.0022 444 134 486 179
