person 0.9170 140 67 495 372
person 0.0612 212 228 235 257
person 0.0234 201 190 238 259
person 0.0076 -18 -126 235 100
person 0.0047 116 160 225 310
person 0.0031 204 187 274 270
person 0.0030 294 219 317 239
person 0.0017 162 259 339 371
person 0.0016 245 217 294 267
person 0.0016 245 208 268 261
person 0.0013 109 168 304 326
person 0.0012 119 213 155 268
person 0.0010 -2 -40 227 72
person 0.0010 274 82 428 268
car 0.7473 5 -18 504 369
car 0.1408 133 172 325 341
car 0.0996 201 184 294 272
car 0.0381 -8 -119 503 165
car 0.0155 294 220 317 239
car 0.0151 112 140 500 360
car 0.0137 260 217 293 265
car 0.0129 263 218 287 232
car 0.0060 220 186 267 264
car 0.0053 224 194 325 268
car 0.0049 7 154 343 372
car 0.0040 0 -1 253 367
car 0.0029 199 179 352 303
car 0.0027 292 217 332 269
car 0.0026 263 216 313 237
car 0.0020 -2 -40 227 72
car 0.0017 265 209 319 253
car 0.0014 235 212 294 269
car 0.0013 247 203 295 248
car 0.0012 294 220 324 251
car 0.0012 202 188 243 259
car 0.0012 -18 -126 235 100
car 0.0010 245 208 268 261
motorbike 0.0076 294 219 317 239
motorbike 0.0034 31 12 499 375
motorbike 0.0015 137 179 325 336
bus 0.0034 193 186 284 272
bus 0.0029 112 175 325 331
bus 0.0024 13 -20 505 373
bird 0.0102 117 162 224 308
cat 0.0040 117 162 224 308
dog 0.0121 116 162 224 309
bottle 0.7411 113 162 225 309
bottle 0.0016 118 214 156 270
chair 0.0014 189 285 274 326
chair 0.0014 131 173 323 345
