person 0.0029 441 184 449 196
car 0.0041 441 184 479 194
car 0.0032 366 190 395 199
car 0.0030 472 172 499 216
car 0.0029 189 167 228 181
car 0.0016 408 183 442 192
car 0.0011 223 185 249 197
car 0.0010 440 185 449 196
aeroplane 0.8060 2 91 496 198
aeroplane 0.4838 472 171 499 217
aeroplane 0.1314 12 89 222 181
aeroplane 0.0236 69 133 449 198
aeroplane 0.0213 479 156 499 167
aeroplane 0.0195 11 139 72 169
aeroplane 0.0125 471 152 499 171
aeroplane 0.0113 472 135 499 168
aeroplane 0.0097 0 117 31 154
aeroplane 0.0083 442 177 488 192
aeroplane 0.0075 17 89 149 151
aeroplane 0.0067 441 184 479 194
aeroplane 0.0037 435 160 497 190
aeroplane 0.0036 0 153 16 166
aeroplane 0.0033 0 147 25 165
aeroplane 0.0031 0 144 19 160
aeroplane 0.0026 83 130 463 164
aeroplane 0.0021 0 134 23 158
aeroplane 0.0018 208 144 492 194
aeroplane 0.0016 16 90 87 147
aeroplane 0.0015 408 183 442 192
aeroplane 0.0013 486 159 499 169
aeroplane 0.0012 189 167 225 181
aeroplane 0.0011 485 138 499 167
aeroplane 0.0010 382 153 495 201
aeroplane 0.0010 0 118 18 134
aeroplane 0.0010 438 156 498 215
bus 0.0015 363 190 395 199
bus 0.0014 11 139 68 169
train 0.0037 472 171 499 217
boat 0.0030 472 171 499 217
