person 0.1440 464 167 470 177
person 0.0251 315 172 322 187
person 0.0216 475 139 484 150
person 0.0140 474 139 484 160
person 0.0130 323 170 330 187
person 0.0105 472 138 493 176
person 0.0080 337 171 343 187
person 0.0069 348 170 357 188
person 0.0054 491 135 499 175
person 0.0048 483 134 498 175
person 0.0043 423 164 431 179
person 0.0039 85 99 98 113
person 0.0037 463 151 475 176
person 0.0032 159 126 169 142
person 0.0031 136 120 147 136
person 0.0028 492 134 499 154
person 0.0018 465 138 485 177
person 0.0017 492 159 499 175
person 0.0015 345 173 353 188
person 0.0015 31 78 49 100
person 0.0012 305 175 312 186
person 0.0012 112 103 129 129
person 0.0010 28 75 63 104
car 0.0736 383 174 408 187
car 0.0066 395 175 411 187
car 0.0059 359 177 377 187
car 0.0014 402 176 413 187
car 0.0010 441 148 451 156
bus 0.0035 380 173 406 188
train 0.8341 -1 12 294 213
train 0.0106 344 134 387 187
train 0.0061 381 174 409 188
train 0.0044 422 132 497 181
train 0.0032 257 167 310 186
train 0.0028 433 147 450 158
train 0.0026 380 160 413 187
train 0.0016 441 148 451 158
train 0.0014 387 145 488 184
train 0.0014 427 148 447 160
train 0.0013 388 157 436 181
train 0.0013 335 156 350 185
train 0.0013 288 175 304 186
train 0.0011 359 140 411 189
train 0.0011 359 177 377 187
boat 0.0020 381 174 409 188
dog 0.0012 463 167 471 177
chair 0.0070 28 76 49 97
chair 0.0050 28 75 63 104
chair 0.0016 441 148 451 156
chair 0.0015 463 167 471 177
chair 0.0011 136 113 149 136
pottedplant 0.0050 463 167 471 177
pottedplant 0.0020 395 175 411 187
pottedplant 0.0015 402 176 413 187
pottedplant 0.0013 383 174 408 188
