bird 0.0015 458 262 499 331
sheep 0.1077 326 280 472 372
sheep 0.0880 421 284 498 349
sheep 0.0845 458 262 499 330
sheep 0.0318 164 311 344 373
sheep 0.0234 464 232 499 266
sheep 0.0121 402 244 490 288
sheep 0.0097 403 233 501 353
sheep 0.0064 96 204 257 256
sheep 0.0038 101 217 150 253
sheep 0.0027 8 307 146 373
sheep 0.0024 350 249 487 337
sheep 0.0019 108 211 370 328
sheep 0.0011 444 342 498 374
sheep 0.0011 403 227 498 274
cow 0.7993 200 102 361 230
cow 0.0333 57 105 370 245
cow 0.0130 89 202 359 297
cow 0.0028 97 204 260 257
cow 0.0012 56 167 346 262
pottedplant 0.0013 6 307 149 373
