aeroplane 0.0010 389 205 408 215
boat 0.3802 390 206 408 215
boat 0.0591 418 208 446 214
boat 0.0147 369 209 394 216
boat 0.0073 349 210 379 218
boat 0.0038 359 211 388 219
boat 0.0036 320 208 397 221
boat 0.0036 345 209 369 217
boat 0.0034 326 211 336 219
boat 0.0033 391 203 448 213
boat 0.0022 312 211 324 218
boat 0.0020 331 210 345 218
boat 0.0019 343 207 352 215
boat 0.0015 329 209 337 218
boat 0.0013 371 201 408 215
bird 0.0017 104 302 124 320
dog 0.0057 104 302 124 320
dog 0.0029 105 292 192 319
horse 0.0015 107 272 198 320
sheep 0.7171 118 270 199 317
sheep 0.0066 104 302 125 319
sheep 0.0018 105 292 192 319
cow 0.5248 112 271 198 319
cow 0.0244 104 302 124 320
