person 0.5284 77 80 109 159
person 0.4775 64 131 93 214
person 0.3964 83 80 109 128
person 0.1824 124 89 132 104
person 0.1661 67 127 93 174
person 0.1134 67 72 109 205
person 0.0955 70 158 92 212
person 0.0166 119 89 131 117
person 0.0106 62 150 93 275
person 0.0083 107 169 116 191
person 0.0069 89 92 108 154
person 0.0046 184 88 190 100
person 0.0039 194 86 202 96
person 0.0039 59 154 69 213
person 0.0028 61 178 83 254
person 0.0025 97 93 109 122
person 0.0024 105 92 133 114
person 0.0021 125 90 134 110
person 0.0019 294 50 303 81
person 0.0014 281 100 288 111
person 0.0014 153 88 173 103
person 0.0014 296 67 303 81
train 0.9335 4 -5 223 372
train 0.0030 0 12 105 365
dog 0.0012 64 128 94 176
