car 0.0029 -8 33 331 505
boat 0.0012 53 330 164 368
cat 0.8150 -3 195 145 407
cat 0.0069 47 203 165 365
cat 0.0024 -3 160 206 497
dog 0.0044 11 196 165 380
bottle 0.0028 317 460 331 499
chair 0.0246 -9 11 330 502
chair 0.0064 0 319 208 497
chair 0.0044 138 168 330 337
chair 0.0036 124 183 331 498
chair 0.0031 2 173 189 446
chair 0.0011 0 130 92 214
pottedplant 0.6538 -5 18 294 374
pottedplant 0.0036 2 146 185 440
pottedplant 0.0020 0 41 299 218
pottedplant 0.0019 1 70 101 213
diningtable 0.0597 -1 313 215 495
diningtable 0.0237 128 218 330 499
diningtable 0.0173 -2 142 328 497
diningtable 0.0011 54 330 163 368
tvmonitor 0.0014 128 229 328 498
tvmonitor 0.0011 -2 313 217 495
