person 0.0046 0 44 219 333
person 0.0025 311 26 427 132
car 0.0022 1 18 424 331
car 0.0014 340 228 498 291
car 0.0011 412 270 457 289
car 0.0010 358 266 499 331
bird 0.0079 314 25 427 131
cat 0.0075 -1 54 221 330
cat 0.0029 20 2 439 336
dog 0.7309 2 6 376 331
dog 0.0394 0 49 218 329
dog 0.0034 53 21 428 139
dog 0.0034 39 190 372 326
dog 0.0018 313 26 428 130
dog 0.0015 310 37 421 280
dog 0.0010 203 19 428 322
horse 0.0011 13 5 430 332
sheep 0.0105 16 4 432 331
sheep 0.0055 312 27 426 131
sheep 0.0013 -3 51 205 327
cow 0.1036 5 8 412 331
cow 0.0016 312 25 427 130
sofa 0.0021 12 -6 449 322
