person 0.9057 316 91 382 244
person 0.0698 210 169 222 190
person 0.0316 199 169 222 192
person 0.0088 188 169 216 193
person 0.0078 238 142 265 173
person 0.0074 316 118 339 145
person 0.0033 237 145 258 166
person 0.0027 209 153 249 187
person 0.0024 228 194 242 228
person 0.0020 302 148 311 166
person 0.0016 315 96 373 160
person 0.0013 58 64 67 88
person 0.0012 253 79 266 87
person 0.0010 217 146 264 181
car 0.0011 253 80 267 87
train 0.0013 128 -7 309 277
boat 0.8459 127 -2 311 276
boat 0.1509 1 66 28 87
boat 0.0898 0 79 28 88
boat 0.0793 59 64 68 88
boat 0.0776 253 79 268 89
boat 0.0706 27 70 46 88
boat 0.0619 255 81 279 91
boat 0.0588 10 54 28 87
boat 0.0538 82 63 96 88
boat 0.0506 106 58 116 86
boat 0.0404 24 82 54 90
boat 0.0399 95 60 107 88
boat 0.0368 48 69 58 88
boat 0.0336 39 68 52 88
boat 0.0324 85 83 108 90
boat 0.0283 109 58 131 89
boat 0.0273 115 76 133 87
boat 0.0268 89 62 102 88
boat 0.0265 109 82 131 90
boat 0.0261 52 68 65 88
boat 0.0205 100 57 113 88
boat 0.0200 104 84 124 91
boat 0.0188 247 4 277 90
boat 0.0171 27 80 44 88
boat 0.0137 49 82 63 90
boat 0.0089 63 66 76 88
boat 0.0079 73 83 93 89
boat 0.0070 45 61 58 85
boat 0.0068 260 85 278 92
boat 0.0067 257 81 330 92
boat 0.0064 71 72 84 87
boat 0.0058 253 56 273 85
boat 0.0050 22 59 38 87
boat 0.0048 135 144 308 278
boat 0.0043 247 0 305 94
boat 0.0042 461 79 498 91
boat 0.0037 64 82 79 90
boat 0.0034 3 73 21 89
boat 0.0030 250 26 269 89
boat 0.0029 453 86 498 96
boat 0.0022 77 52 100 85
boat 0.0019 111 -8 463 286
boat 0.0018 309 92 319 122
boat 0.0016 410 83 465 93
boat 0.0015 0 74 14 85
boat 0.0013 97 54 119 86
boat 0.0012 357 82 424 92
boat 0.0011 11 -151 96 171
bird 0.0019 194 64 202 72
bird 0.0011 302 147 311 166
bird 0.0010 59 64 68 87
horse 0.0016 191 168 222 193
chair 0.0016 191 168 222 193
