person 0.2133 0 187 31 235
person 0.0133 13 187 30 222
person 0.0030 0 184 30 288
person 0.0023 274 170 284 185
person 0.0019 15 197 25 234
person 0.0012 383 173 391 183
bird 0.0078 0 187 31 234
bird 0.0025 383 173 393 183
bird 0.0016 13 187 30 222
bird 0.0016 274 170 284 185
bird 0.0012 362 195 371 209
cat 0.0015 0 187 30 235
dog 0.0149 0 187 30 236
dog 0.0014 13 187 30 222
dog 0.0011 205 192 254 229
horse 0.0105 205 192 254 229
horse 0.0057 0 187 30 236
sheep 0.0028 205 192 254 229
sheep 0.0025 270 195 313 226
sheep 0.0020 255 194 283 207
sheep 0.0016 231 193 254 218
sheep 0.0011 229 204 269 227
sheep 0.0010 236 194 273 225
sheep 0.0010 237 194 254 207
cow 0.8061 205 192 254 229
cow 0.7353 243 193 316 227
cow 0.3440 230 204 270 227
cow 0.2198 252 194 280 207
cow 0.1309 241 193 254 207
cow 0.0437 274 170 284 185
cow 0.0171 254 197 274 223
cow 0.0161 231 193 254 218
cow 0.0132 255 194 290 224
cow 0.0075 215 193 280 210
cow 0.0044 255 189 310 207
cow 0.0027 267 181 282 196
cow 0.0026 268 185 279 194
cow 0.0021 205 193 226 228
cow 0.0020 270 176 282 192
cow 0.0014 275 191 308 205
cow 0.0011 0 187 30 236
cow 0.0010 271 183 299 196
chair 0.0025 0 193 29 235
