person 0.0044 -7 -5 498 367
person 0.0033 320 0 343 14
person 0.0033 0 3 145 358
person 0.0030 0 182 188 369
person 0.0022 0 198 489 370
person 0.0021 438 0 474 22
person 0.0016 329 0 488 78
person 0.0011 401 0 477 33
bird 0.0012 19 -8 498 362
cat 0.7609 51 -10 484 335
cat 0.0050 0 182 188 369
cat 0.0013 58 -3 374 184
dog 0.0532 16 -5 498 360
chair 0.0269 0 5 140 359
chair 0.0171 0 -12 504 368
chair 0.0024 0 8 116 224
sofa 0.1593 -3 -6 503 369
sofa 0.0536 0 2 150 359
sofa 0.0337 0 206 501 373
sofa 0.0039 0 0 119 207
diningtable 0.0070 -6 -5 505 358
tvmonitor 0.0028 327 0 489 78
tvmonitor 0.0010 330 0 416 74
