person 0.0010 110 235 138 278
bicycle 0.9465 26 24 412 366
bicycle 0.0368 41 192 193 329
bicycle 0.0247 265 29 404 232
bicycle 0.0111 101 235 143 282
bicycle 0.0023 142 27 406 252
bicycle 0.0022 96 249 142 294
bicycle 0.0016 108 225 176 283
bicycle 0.0015 97 248 128 279
bicycle 0.0014 114 235 136 265
motorbike 0.0011 33 28 414 364
bottle 0.0723 280 142 306 183
bottle 0.0364 299 138 308 154
bottle 0.0192 264 119 309 182
bottle 0.0028 287 131 322 189
bottle 0.0021 300 133 312 154
bottle 0.0017 247 132 311 196
pottedplant 0.0014 105 236 143 282
