person 0.1010 113 235 120 241
person 0.0431 443 262 456 282
person 0.0344 492 260 499 279
person 0.0336 444 272 476 284
person 0.0272 444 272 456 283
person 0.0272 463 277 475 284
person 0.0226 468 277 480 285
person 0.0150 458 276 473 284
person 0.0059 473 277 494 286
person 0.0054 23 209 44 235
person 0.0037 26 210 43 219
person 0.0022 81 260 97 272
person 0.0022 468 261 499 287
person 0.0020 54 263 63 272
person 0.0017 34 210 44 218
person 0.0012 419 293 431 299
person 0.0010 229 241 238 250
aeroplane 0.0044 23 209 43 221
boat 0.8508 172 167 246 234
boat 0.7502 438 122 499 299
boat 0.6138 442 274 499 299
boat 0.0499 134 215 146 224
boat 0.0446 176 221 240 233
boat 0.0328 66 214 73 224
boat 0.0327 442 229 499 300
boat 0.0311 442 261 456 282
boat 0.0306 485 128 499 286
boat 0.0268 469 123 499 293
boat 0.0129 440 234 468 283
boat 0.0122 134 178 198 228
boat 0.0097 56 214 70 225
boat 0.0088 246 209 277 225
boat 0.0084 441 263 473 284
boat 0.0071 135 216 167 226
boat 0.0062 446 273 475 285
boat 0.0061 68 214 77 224
boat 0.0049 28 210 44 219
boat 0.0043 440 179 484 293
boat 0.0041 263 210 275 221
boat 0.0041 463 277 474 284
boat 0.0035 231 242 238 250
boat 0.0028 113 235 120 241
boat 0.0027 131 215 140 223
boat 0.0025 479 279 498 288
boat 0.0023 20 208 48 237
boat 0.0019 46 212 73 228
boat 0.0018 416 293 430 299
boat 0.0018 246 210 263 224
boat 0.0018 173 211 242 232
boat 0.0017 167 190 195 226
boat 0.0014 241 211 250 222
boat 0.0013 203 225 239 233
boat 0.0013 454 235 462 248
boat 0.0012 445 276 472 295
boat 0.0012 82 260 97 271
boat 0.0012 135 209 148 223
boat 0.0012 66 206 73 224
boat 0.0012 444 271 456 283
boat 0.0010 473 277 494 286
bird 0.0971 24 209 43 220
bird 0.0493 82 260 97 271
bird 0.0453 23 209 44 235
bird 0.0151 63 243 71 254
bird 0.0150 22 0 91 57
bird 0.0136 34 210 44 218
bird 0.0120 100 303 123 317
bird 0.0110 230 243 238 251
bird 0.0075 101 302 116 313
bird 0.0063 113 235 120 241
bird 0.0050 50 251 63 268
bird 0.0043 51 247 66 261
bird 0.0042 0 221 10 230
bird 0.0040 76 252 98 272
bird 0.0039 94 248 103 255
bird 0.0038 53 263 62 272
bird 0.0038 80 248 101 260
bird 0.0035 101 296 121 306
bird 0.0029 66 260 76 270
bird 0.0024 98 315 115 328
bird 0.0022 100 300 113 310
bird 0.0020 50 244 71 270
bird 0.0020 98 294 118 303
bird 0.0019 1 221 23 231
bird 0.0018 102 320 120 343
bird 0.0018 442 261 454 281
bird 0.0017 51 264 62 275
bird 0.0017 34 260 53 269
bird 0.0017 103 320 117 332
bird 0.0015 95 276 103 283
bird 0.0015 95 301 122 342
bird 0.0015 108 306 124 316
bird 0.0014 412 293 431 301
bird 0.0014 108 331 121 347
bird 0.0013 23 220 35 237
bird 0.0012 27 239 37 251
bird 0.0012 35 214 51 227
bird 0.0010 68 301 124 344
bird 0.0010 65 242 73 252
bird 0.0010 64 299 76 313
bird 0.0010 418 293 431 299
bird 0.0010 69 241 78 251
dog 0.0011 23 209 44 235
pottedplant 0.0013 2 211 126 373
