person 0.4026 172 118 197 163
person 0.0857 175 117 196 142
person 0.0407 179 117 194 134
person 0.0310 402 72 418 108
person 0.0254 428 133 442 163
person 0.0242 119 114 161 162
person 0.0130 138 117 162 152
person 0.0087 392 81 402 94
person 0.0086 392 82 405 103
person 0.0076 142 135 158 151
person 0.0076 491 194 499 233
person 0.0050 438 133 450 163
person 0.0042 124 134 158 162
person 0.0037 2 137 27 184
person 0.0035 124 113 198 165
person 0.0030 3 140 13 157
person 0.0029 2 140 13 171
person 0.0028 430 132 440 145
person 0.0024 197 128 208 142
person 0.0022 492 197 499 214
person 0.0019 236 125 253 141
person 0.0019 175 104 220 143
person 0.0019 450 138 468 163
person 0.0018 97 109 140 162
person 0.0016 237 122 265 142
person 0.0016 14 141 26 177
person 0.0014 93 123 121 163
person 0.0013 186 119 209 142
person 0.0012 404 129 422 159
person 0.0011 418 94 427 108
person 0.0010 488 153 499 221
car 0.0636 492 197 499 214
car 0.0151 491 194 499 233
car 0.0031 0 200 17 251
car 0.0029 0 109 31 250
car 0.0026 490 144 499 223
car 0.0023 0 171 23 250
car 0.0015 0 137 27 185
car 0.0014 4 36 493 340
car 0.0012 491 160 499 175
bus 0.9536 11 40 490 338
bus 0.1680 0 109 31 250
bus 0.0463 489 142 499 220
bus 0.0154 0 181 18 250
bus 0.0083 0 113 30 186
bus 0.0053 489 145 499 176
bus 0.0031 482 130 501 224
bus 0.0024 491 160 499 175
train 0.0147 0 113 30 186
train 0.0055 0 111 33 252
train 0.0015 0 180 18 250
boat 0.0018 0 109 31 250
chair 0.0025 172 118 198 163
chair 0.0015 428 133 442 163
pottedplant 0.0027 490 158 499 220
