person 0.7433 378 150 391 177
person 0.0099 392 146 402 162
person 0.0051 431 157 444 190
person 0.0049 431 172 442 190
person 0.0036 432 158 464 191
person 0.0034 80 157 111 218
person 0.0031 432 178 451 190
person 0.0014 456 154 482 190
person 0.0011 62 150 93 217
bicycle 0.0279 432 177 464 190
bicycle 0.0065 447 178 464 190
bicycle 0.0046 432 162 464 190
bicycle 0.0040 432 179 448 190
bicycle 0.0013 481 172 494 182
car 0.0252 450 154 465 162
car 0.0155 25 -1 167 17
car 0.0071 432 154 464 165
car 0.0068 480 150 498 168
car 0.0061 446 153 486 187
car 0.0060 481 172 494 182
car 0.0040 -2 -99 496 119
car 0.0037 431 157 464 186
car 0.0021 449 150 481 164
car 0.0017 446 145 489 172
motorbike 0.0031 432 177 464 190
motorbike 0.0010 447 178 464 190
bus 0.0054 447 148 488 179
bus 0.0013 449 154 467 164
train 0.9133 3 14 421 374
train 0.3383 393 131 497 170
train 0.1014 433 150 498 171
train 0.0142 432 155 470 187
train 0.0126 448 154 464 163
train 0.0105 447 148 488 179
train 0.0075 470 148 499 169
train 0.0060 393 147 501 183
train 0.0044 432 154 464 165
train 0.0039 449 150 481 164
train 0.0025 479 122 499 168
train 0.0025 397 160 470 190
train 0.0018 481 172 494 182
train 0.0010 388 164 435 183
train 0.0010 398 147 435 163
dog 0.0010 432 178 451 190
chair 0.0023 0 327 24 373
chair 0.0021 450 179 464 190
chair 0.0020 437 178 463 191
chair 0.0018 481 172 494 182
chair 0.0011 432 178 451 190
pottedplant 0.0011 432 158 464 191
diningtable 0.0027 432 177 464 190
diningtable 0.0019 432 162 464 190
diningtable 0.0012 481 170 499 182
diningtable 0.0011 0 327 24 373
