person 0.0237 290 271 303 279
person 0.0077 359 296 367 304
person 0.0027 398 276 405 283
boat 0.0536 366 270 374 282
boat 0.0199 377 271 385 282
boat 0.0037 397 276 405 283
boat 0.0028 357 271 369 282
boat 0.0018 343 271 352 281
bird 0.0449 290 271 303 279
bird 0.0373 329 293 344 302
bird 0.0232 366 271 374 281
bird 0.0167 359 298 367 305
bird 0.0106 341 271 350 280
bird 0.0061 377 272 384 281
bird 0.0046 398 276 405 283
bird 0.0025 359 270 371 282
bird 0.0024 407 275 415 283
bird 0.0010 319 269 352 286
dog 0.0015 359 296 367 304
dog 0.0015 290 271 303 280
sheep 0.9389 189 134 324 281
sheep 0.0297 290 271 303 280
sheep 0.0035 359 296 367 304
sheep 0.0010 331 107 361 132
cow 0.0024 290 271 303 279
cow 0.0023 359 296 367 304
