person 0.0019 161 21 171 64
person 0.0013 9 293 37 330
person 0.0011 36 231 155 397
bicycle 0.0019 9 293 37 329
bicycle 0.0018 0 48 8 78
cat 0.0012 9 293 37 330
bottle 0.0090 141 379 170 408
bottle 0.0050 1 361 25 389
bottle 0.0041 32 354 54 385
bottle 0.0033 162 361 174 378
bottle 0.0025 169 357 189 387
bottle 0.0011 10 293 37 329
chair 0.9346 139 282 247 342
chair 0.8475 0 427 93 498
chair 0.0338 296 485 331 499
chair 0.0229 10 293 37 329
chair 0.0182 292 473 332 499
chair 0.0096 37 294 69 332
chair 0.0079 0 252 27 328
chair 0.0077 0 446 19 501
chair 0.0036 215 366 331 497
chair 0.0030 22 294 44 329
chair 0.0024 291 434 332 500
chair 0.0020 233 342 334 382
chair 0.0019 73 465 162 498
chair 0.0018 0 444 39 499
chair 0.0018 0 446 11 486
chair 0.0016 37 292 82 320
chair 0.0016 0 297 13 329
chair 0.0014 0 329 23 346
chair 0.0014 14 292 72 341
chair 0.0013 9 301 25 328
chair 0.0012 278 463 330 498
chair 0.0011 0 405 163 497
chair 0.0010 280 353 332 380
pottedplant 0.7622 36 235 158 399
pottedplant 0.0367 9 293 37 328
pottedplant 0.0185 13 294 59 361
pottedplant 0.0121 38 293 82 329
pottedplant 0.0084 41 299 84 377
pottedplant 0.0071 244 254 315 355
pottedplant 0.0064 41 231 145 311
pottedplant 0.0051 39 295 122 394
pottedplant 0.0046 9 286 86 332
pottedplant 0.0037 23 339 54 362
pottedplant 0.0032 150 179 320 353
pottedplant 0.0024 59 352 138 397
pottedplant 0.0023 39 306 71 355
pottedplant 0.0017 9 301 25 328
pottedplant 0.0015 0 254 28 329
pottedplant 0.0012 52 304 95 355
pottedplant 0.0010 -3 236 120 386
diningtable 0.8760 -10 329 337 495
diningtable 0.0151 138 334 228 374
diningtable 0.0099 0 252 27 328
diningtable 0.0071 -1 398 168 497
diningtable 0.0059 203 373 332 444
diningtable 0.0024 130 331 331 385
diningtable 0.0015 233 342 334 382
diningtable 0.0013 49 466 321 497
