person 0.0124 94 139 102 157
person 0.0104 343 185 359 221
person 0.0076 320 180 349 222
person 0.0056 339 182 360 242
person 0.0041 166 140 175 158
person 0.0026 187 156 194 176
person 0.0026 317 179 358 273
person 0.0018 121 129 130 140
person 0.0014 164 157 191 189
person 0.0011 26 152 41 171
person 0.0010 97 143 107 157
bicycle 0.0025 164 164 192 189
bicycle 0.0016 97 143 107 157
car 0.0028 26 153 41 171
bus 0.0021 0 110 42 176
train 0.9282 115 -6 502 276
train 0.1133 0 80 96 185
train 0.0616 0 109 42 175
train 0.0156 0 48 141 190
train 0.0107 25 154 40 173
train 0.0107 0 -3 195 205
train 0.0020 59 101 106 168
train 0.0020 10 114 75 178
train 0.0017 26 148 65 176
boat 0.0013 25 154 40 173
boat 0.0012 0 110 42 176
chair 0.0738 26 153 41 172
chair 0.0707 24 153 41 188
chair 0.0426 93 145 107 188
chair 0.0293 93 142 140 189
chair 0.0168 94 146 120 189
chair 0.0134 95 141 103 159
chair 0.0103 97 142 108 159
chair 0.0085 164 169 192 189
chair 0.0065 320 180 348 222
chair 0.0065 104 130 114 153
chair 0.0065 50 143 69 161
chair 0.0064 102 143 111 156
chair 0.0046 87 145 95 157
chair 0.0043 27 151 59 175
chair 0.0037 343 185 359 221
chair 0.0033 86 133 96 157
chair 0.0032 51 124 70 151
chair 0.0028 48 144 69 174
chair 0.0026 28 147 42 165
chair 0.0025 114 128 131 152
chair 0.0024 110 129 120 150
chair 0.0023 93 130 102 157
chair 0.0020 96 127 105 156
chair 0.0017 121 129 130 140
chair 0.0016 186 156 194 180
chair 0.0016 48 113 86 157
chair 0.0015 112 139 129 155
chair 0.0012 121 129 132 156
chair 0.0011 75 116 85 154
chair 0.0011 175 154 194 187
sofa 0.0013 93 141 139 189
pottedplant 0.0015 121 129 130 140
pottedplant 0.0013 97 143 107 157
pottedplant 0.0010 121 129 131 149
diningtable 0.0226 92 139 141 189
diningtable 0.0035 27 151 59 175
diningtable 0.0017 26 152 41 172
diningtable 0.0016 25 153 42 186
diningtable 0.0013 93 141 108 187
