person 0.9374 275 73 497 368
person 0.9332 26 84 236 371
person 0.0246 0 292 69 372
person 0.0020 85 65 493 380
person 0.0019 77 340 217 374
bicycle 0.0014 41 197 252 371
bicycle 0.0013 211 259 236 307
car 0.2193 417 34 499 85
car 0.0447 0 123 76 183
car 0.0336 1 124 99 294
car 0.0063 4 116 201 311
car 0.0029 416 0 499 74
car 0.0026 447 -1 497 23
car 0.0022 416 0 463 24
car 0.0015 445 45 498 84
car 0.0014 439 0 499 46
car 0.0013 415 4 458 45
bus 0.0044 1 124 99 294
bus 0.0020 4 116 201 311
bus 0.0015 418 2 499 87
boat 0.0012 268 161 499 371
cat 0.0024 0 306 67 373
cat 0.0019 276 145 494 375
dog 0.8257 284 152 487 368
dog 0.1159 0 292 68 373
cow 0.0048 0 293 67 373
chair 0.4562 202 180 261 372
chair 0.3729 35 180 264 371
chair 0.2049 -1 291 68 373
chair 0.1004 271 184 496 372
chair 0.0732 174 177 201 189
chair 0.0649 245 297 268 373
chair 0.0509 0 122 77 183
chair 0.0385 71 274 95 364
chair 0.0201 216 297 268 373
chair 0.0191 78 315 93 342
chair 0.0171 64 191 104 213
chair 0.0169 66 284 82 363
chair 0.0143 62 168 104 212
chair 0.0137 215 315 234 345
chair 0.0135 215 290 240 371
chair 0.0109 23 290 68 348
chair 0.0082 1 120 103 220
chair 0.0079 20 268 94 368
chair 0.0070 224 208 244 283
chair 0.0068 70 192 102 204
chair 0.0067 200 188 247 203
chair 0.0062 211 201 243 370
chair 0.0060 78 266 95 305
chair 0.0053 211 258 236 307
chair 0.0051 243 184 388 370
chair 0.0051 77 276 94 330
chair 0.0047 199 187 249 244
chair 0.0041 147 186 245 377
chair 0.0037 64 170 102 192
chair 0.0037 216 320 236 370
chair 0.0035 74 314 93 359
chair 0.0034 242 187 261 277
chair 0.0030 276 181 294 203
chair 0.0029 247 188 260 203
chair 0.0027 273 205 295 371
chair 0.0026 171 177 244 195
chair 0.0026 23 191 102 359
chair 0.0025 224 184 259 320
chair 0.0018 274 206 318 371
chair 0.0017 276 269 301 371
chair 0.0015 66 245 135 361
chair 0.0015 137 168 227 210
chair 0.0015 274 254 368 371
chair 0.0015 22 275 253 372
chair 0.0012 50 284 93 368
chair 0.0011 270 276 485 372
chair 0.0010 158 174 243 251
sofa 0.0060 0 292 69 372
sofa 0.0029 1 122 76 182
sofa 0.0012 38 181 264 371
pottedplant 0.0193 11 68 123 168
pottedplant 0.0069 59 75 125 125
pottedplant 0.0018 77 96 118 123
pottedplant 0.0017 131 -1 218 65
pottedplant 0.0013 0 65 76 124
diningtable 0.0175 200 186 260 361
diningtable 0.0061 200 188 247 203
diningtable 0.0037 166 186 247 210
diningtable 0.0030 194 187 246 247
diningtable 0.0022 173 177 201 188
diningtable 0.0020 63 181 254 364
diningtable 0.0012 66 191 103 207
diningtable 0.0012 171 177 244 195
tvmonitor 0.0367 0 123 76 182
tvmonitor 0.0033 174 177 201 189
