person 0.8005 147 124 184 165
person 0.2973 185 114 227 167
person 0.0331 125 127 153 164
person 0.0217 178 126 207 167
person 0.0187 396 47 404 56
person 0.0161 378 47 389 56
person 0.0138 61 65 69 76
person 0.0099 121 128 136 164
person 0.0096 197 112 221 145
person 0.0083 367 48 375 56
person 0.0081 171 119 199 163
person 0.0079 203 111 236 159
person 0.0077 206 112 220 137
person 0.0074 188 118 218 152
person 0.0069 282 134 303 176
person 0.0053 268 123 299 176
person 0.0043 171 116 189 147
person 0.0033 67 65 75 76
person 0.0028 138 146 152 164
person 0.0026 181 138 200 167
person 0.0025 201 133 227 161
person 0.0024 51 65 61 77
person 0.0024 72 61 81 75
person 0.0023 64 101 77 112
person 0.0021 481 104 496 160
person 0.0019 243 146 266 174
person 0.0017 296 137 316 176
person 0.0014 256 117 303 192
person 0.0013 212 139 229 159
person 0.0013 186 119 203 139
person 0.0012 215 138 237 163
person 0.0012 295 136 307 164
person 0.0011 56 63 64 76
person 0.0011 293 127 304 159
person 0.0011 180 149 194 167
person 0.0011 428 123 447 148
person 0.0010 392 48 404 58
person 0.0010 241 125 272 175
car 0.0037 491 67 499 77
car 0.0032 466 115 475 132
car 0.0031 491 67 499 87
car 0.0020 467 108 489 134
bus 0.9546 104 38 427 270
bus 0.9209 26 44 113 191
bus 0.0098 422 79 451 166
train 0.0013 423 80 451 166
chair 0.0011 198 159 228 175
