person 0.0041 15 128 65 325
person 0.0012 7 224 32 331
car 0.0068 426 234 461 245
bus 0.0033 426 234 460 245
boat 0.0010 16 126 64 321
bird 0.0010 7 223 34 332
dog 0.0015 7 227 32 331
horse 0.0057 7 222 34 331
horse 0.0021 18 127 65 324
horse 0.0020 11 216 160 332
horse 0.0018 8 222 62 331
horse 0.0011 15 101 220 331
sheep 0.0045 7 227 32 331
sheep 0.0010 8 222 58 331
cow 0.9584 234 31 469 332
cow 0.9045 16 102 262 331
cow 0.4193 178 140 264 323
cow 0.3632 8 222 32 330
cow 0.0931 8 222 62 331
cow 0.0570 11 216 160 332
cow 0.0469 18 127 65 324
cow 0.0260 166 96 408 328
cow 0.0065 186 141 262 198
