person 0.9202 18 12 436 330
person 0.0219 0 105 75 183
person 0.0056 0 108 74 332
person 0.0017 459 230 498 331
person 0.0017 246 287 296 331
person 0.0016 477 231 499 324
person 0.0012 0 7 129 188
person 0.0010 1 29 166 320
bicycle 0.0686 462 241 499 332
bicycle 0.0013 477 231 499 324
car 0.0036 464 249 499 332
car 0.0015 22 0 473 332
motorbike 0.0171 462 240 499 331
motorbike 0.0013 441 86 498 326
bottle 0.0078 0 105 74 183
bottle 0.0025 483 249 499 300
bottle 0.0024 482 250 497 266
bottle 0.0013 311 263 356 331
chair 0.0084 465 251 499 331
chair 0.0043 464 298 499 333
chair 0.0034 18 145 460 330
chair 0.0029 483 255 499 301
chair 0.0010 1 16 147 299
sofa 0.0157 0 7 130 190
sofa 0.0031 0 3 472 332
sofa 0.0024 -3 179 504 331
diningtable 0.0026 463 275 499 333
