person 0.8239 168 74 227 255
person 0.1445 197 218 219 249
person 0.0577 173 76 224 160
person 0.0078 195 189 221 246
person 0.0072 492 55 499 79
person 0.0030 108 77 117 90
person 0.0019 72 123 82 136
person 0.0017 68 123 79 139
person 0.0016 106 62 115 70
person 0.0015 116 41 126 49
person 0.0015 212 109 223 139
person 0.0014 60 126 78 146
person 0.0014 77 124 85 135
person 0.0012 110 76 118 85
person 0.0010 213 109 221 127
car 0.0034 106 25 123 41
car 0.0032 117 37 136 47
car 0.0020 116 40 127 49
aeroplane 0.0090 34 84 377 283
bird 0.0031 60 94 379 277
dog 0.9471 315 166 405 249
bottle 0.0010 198 218 218 248
