person 0.0881 303 167 359 217
person 0.0350 106 196 128 226
person 0.0175 97 66 116 84
person 0.0158 105 191 162 245
person 0.0119 105 192 137 238
person 0.0100 97 168 130 229
person 0.0084 299 183 345 214
person 0.0066 349 190 390 224
person 0.0062 100 52 129 84
person 0.0053 145 -61 179 -4
person 0.0044 123 62 142 82
person 0.0038 98 74 114 85
person 0.0031 455 183 465 214
person 0.0030 303 180 335 206
person 0.0023 229 100 242 113
person 0.0020 154 218 165 240
person 0.0017 368 205 390 224
person 0.0015 257 174 267 191
person 0.0014 323 179 359 217
person 0.0012 0 235 9 289
person 0.0010 442 183 465 222
person 0.0010 305 159 337 200
person 0.0010 144 217 165 243
car 0.0011 259 90 500 349
bus 0.9444 10 12 289 340
bus 0.9405 260 84 499 351
bus 0.0113 220 169 267 328
bus 0.0018 0 16 45 308
train 0.0011 8 14 288 335
pottedplant 0.2943 0 268 13 307
pottedplant 0.0168 0 285 11 306
