car 0.1892 249 229 274 238
car 0.1386 201 231 245 241
car 0.0928 200 248 258 263
car 0.0747 168 201 181 209
car 0.0360 73 195 99 205
car 0.0264 129 250 184 268
car 0.0218 335 159 364 168
car 0.0129 245 231 261 238
car 0.0128 68 193 90 206
car 0.0106 338 230 373 253
car 0.0087 455 237 483 253
car 0.0067 406 171 441 185
car 0.0063 284 231 340 259
car 0.0062 216 194 282 214
car 0.0053 11 238 58 251
car 0.0048 202 233 224 242
car 0.0048 79 220 120 247
car 0.0040 201 251 230 263
car 0.0038 422 171 441 183
car 0.0038 12 240 29 250
car 0.0035 169 199 189 210
car 0.0031 199 251 217 263
car 0.0031 307 201 324 214
car 0.0025 267 214 289 234
car 0.0024 239 199 284 211
car 0.0024 9 202 29 219
car 0.0022 181 253 197 263
car 0.0022 220 196 253 213
car 0.0017 455 245 481 254
car 0.0016 263 220 287 237
car 0.0015 48 199 69 207
car 0.0013 0 202 29 228
car 0.0012 287 203 318 217
car 0.0011 0 207 13 230
car 0.0010 405 173 430 187
car 0.0010 187 253 199 262
car 0.0010 170 252 183 264
car 0.0010 383 164 404 189
car 0.0010 103 198 123 205
aeroplane 0.8054 98 107 494 252
aeroplane 0.5421 0 91 417 215
aeroplane 0.1180 203 153 239 161
aeroplane 0.0826 201 231 245 241
aeroplane 0.0712 199 247 257 264
aeroplane 0.0130 128 249 186 269
aeroplane 0.0053 334 159 364 167
aeroplane 0.0049 158 184 273 215
aeroplane 0.0047 386 126 478 143
aeroplane 0.0044 182 134 388 165
aeroplane 0.0042 89 151 394 203
aeroplane 0.0038 149 146 419 178
aeroplane 0.0038 304 147 487 254
aeroplane 0.0037 232 153 396 176
aeroplane 0.0035 0 99 186 182
aeroplane 0.0032 187 145 329 161
aeroplane 0.0032 401 164 481 186
aeroplane 0.0026 166 188 231 212
aeroplane 0.0024 202 233 224 242
aeroplane 0.0024 225 152 241 161
aeroplane 0.0023 316 128 474 167
aeroplane 0.0019 248 229 273 238
aeroplane 0.0018 217 195 283 214
aeroplane 0.0018 108 240 272 266
aeroplane 0.0017 404 166 443 184
aeroplane 0.0014 0 98 55 167
aeroplane 0.0013 429 171 483 185
aeroplane 0.0013 68 193 98 205
aeroplane 0.0013 196 236 265 263
aeroplane 0.0011 62 151 317 188
bus 0.1461 128 250 185 269
bus 0.0765 79 220 120 247
bus 0.0525 199 248 257 264
bus 0.0367 201 231 245 241
bus 0.0285 8 222 63 246
bus 0.0224 284 231 340 259
bus 0.0222 267 214 289 234
bus 0.0055 205 153 237 161
bus 0.0047 248 229 273 238
bus 0.0036 167 201 180 209
bus 0.0029 335 159 364 168
bus 0.0016 69 192 87 204
bus 0.0014 338 230 373 253
bus 0.0013 263 220 287 237
bus 0.0012 405 172 443 185
bus 0.0010 223 197 283 213
train 0.0023 204 153 235 161
train 0.0022 79 220 120 247
train 0.0017 202 231 245 242
train 0.0014 128 248 185 268
train 0.0013 429 171 483 185
train 0.0011 199 247 257 263
boat 0.0152 199 247 257 263
boat 0.0101 128 249 185 268
boat 0.0061 201 231 245 241
boat 0.0061 204 153 235 161
boat 0.0059 168 201 181 209
boat 0.0021 79 220 120 247
boat 0.0014 338 230 373 253
boat 0.0012 335 159 364 168
bird 0.0011 448 8 454 20
