person 0.2269 0 74 58 329
person 0.1913 0 0 52 63
person 0.1045 11 118 58 272
person 0.0221 0 0 48 28
person 0.0210 0 -3 89 308
person 0.0172 0 -1 55 235
person 0.0130 287 147 342 231
person 0.0097 15 0 47 41
person 0.0065 44 184 201 331
person 0.0036 4 19 265 330
person 0.0035 143 195 201 325
person 0.0033 445 38 499 151
person 0.0031 25 4 50 52
person 0.0029 32 0 48 40
person 0.0027 351 -1 499 151
person 0.0021 357 0 475 20
person 0.0019 246 87 344 228
person 0.0018 0 64 31 312
bicycle 0.0013 353 -1 499 154
car 0.1001 0 0 48 28
car 0.0875 0 0 52 61
car 0.0245 0 0 18 19
car 0.0052 238 -2 500 109
car 0.0048 241 -12 500 306
car 0.0011 354 0 476 19
car 0.0011 258 0 462 65
motorbike 0.0022 1 0 49 62
motorbike 0.0010 243 1 288 48
train 0.0013 94 -7 485 90
boat 0.0016 77 -8 495 217
boat 0.0012 242 6 495 278
cat 0.0010 256 20 504 341
dog 0.9736 243 24 500 331
dog 0.0042 288 146 341 231
dog 0.0015 246 87 344 228
horse 0.9623 0 1 264 329
horse 0.0077 2 64 120 326
horse 0.0059 0 12 63 327
horse 0.0056 44 184 201 331
horse 0.0031 14 -10 475 281
horse 0.0022 243 17 499 322
horse 0.0019 323 171 498 331
sheep 0.0010 243 22 500 331
cow 0.0136 44 186 207 330
cow 0.0048 4 19 265 330
cow 0.0018 244 3 289 50
cow 0.0010 288 148 342 231
bottle 0.0012 18 129 75 187
chair 0.0129 342 0 499 150
chair 0.0057 15 1 52 63
chair 0.0038 352 0 498 75
chair 0.0033 354 0 476 19
chair 0.0027 226 0 502 191
chair 0.0013 0 111 52 335
chair 0.0012 350 1 443 32
sofa 0.0049 242 14 499 334
