person 0.0204 242 143 250 150
person 0.0078 306 153 324 205
person 0.0027 310 151 326 189
person 0.0024 313 150 325 163
person 0.0021 164 172 181 184
person 0.0021 311 147 333 197
person 0.0012 239 145 255 152
bottle 0.0016 241 143 251 150
chair 0.9090 98 174 178 258
chair 0.8756 328 175 405 255
chair 0.8188 213 193 286 278
chair 0.6732 208 166 304 232
chair 0.3839 234 156 276 168
chair 0.1239 221 156 236 168
chair 0.0442 317 171 386 205
chair 0.0434 360 173 384 198
chair 0.0268 272 152 285 165
chair 0.0239 275 156 298 168
chair 0.0225 164 173 181 183
chair 0.0225 319 168 379 244
chair 0.0224 117 174 180 207
chair 0.0196 236 147 262 155
chair 0.0184 303 173 317 208
chair 0.0177 360 171 373 191
chair 0.0171 211 166 300 195
chair 0.0170 207 167 303 181
chair 0.0154 207 188 224 227
chair 0.0126 283 187 305 233
chair 0.0121 153 180 188 226
chair 0.0090 376 175 405 203
chair 0.0083 273 148 296 164
chair 0.0069 101 174 142 199
chair 0.0063 241 143 251 150
chair 0.0062 126 169 142 192
chair 0.0061 318 167 346 207
chair 0.0059 142 169 153 185
chair 0.0056 318 191 363 241
chair 0.0054 134 175 147 193
chair 0.0052 239 145 255 152
chair 0.0048 317 163 333 202
chair 0.0043 143 175 160 192
chair 0.0043 219 187 292 209
chair 0.0041 186 172 208 230
chair 0.0041 225 163 295 178
chair 0.0041 141 191 178 240
chair 0.0040 348 169 369 192
chair 0.0040 291 174 308 219
chair 0.0036 284 163 310 187
chair 0.0036 226 159 284 173
chair 0.0032 155 164 181 193
chair 0.0028 278 167 306 224
chair 0.0027 284 206 296 232
chair 0.0024 286 167 306 205
chair 0.0024 154 172 166 184
chair 0.0022 333 174 367 194
chair 0.0022 207 169 231 223
chair 0.0022 143 165 159 184
chair 0.0021 311 147 333 197
chair 0.0019 221 151 235 165
chair 0.0019 151 177 166 192
chair 0.0018 330 160 369 192
chair 0.0018 363 176 405 225
chair 0.0018 323 179 354 195
chair 0.0017 208 186 219 218
chair 0.0016 71 180 79 202
chair 0.0016 189 146 228 214
chair 0.0016 319 185 354 205
chair 0.0014 318 182 332 206
chair 0.0014 125 158 143 184
chair 0.0014 163 171 195 191
chair 0.0013 317 193 342 243
chair 0.0012 145 183 183 211
chair 0.0011 304 159 323 207
chair 0.0011 292 165 316 206
chair 0.0011 316 188 332 235
chair 0.0010 241 141 258 154
chair 0.0010 111 169 130 181
sofa 0.3784 97 174 177 259
sofa 0.3373 209 166 304 233
sofa 0.2404 318 173 401 253
sofa 0.0809 115 174 183 229
sofa 0.0316 214 193 285 277
sofa 0.0253 141 164 191 226
sofa 0.0108 232 155 278 168
sofa 0.0054 317 156 372 222
sofa 0.0038 318 187 376 244
sofa 0.0030 317 171 386 205
sofa 0.0026 359 176 405 252
sofa 0.0023 188 144 232 221
sofa 0.0015 155 164 181 193
sofa 0.0014 221 156 236 168
sofa 0.0012 236 147 262 155
sofa 0.0012 158 176 199 229
pottedplant 0.5215 142 163 169 185
pottedplant 0.3502 330 160 369 193
pottedplant 0.3444 126 157 144 184
pottedplant 0.3380 332 107 374 194
pottedplant 0.2955 186 144 224 226
pottedplant 0.1502 304 155 323 207
pottedplant 0.1331 272 121 303 162
pottedplant 0.1108 279 151 317 167
pottedplant 0.1056 343 108 371 167
pottedplant 0.1039 161 132 207 223
pottedplant 0.1036 126 117 166 181
pottedplant 0.0893 276 152 301 167
pottedplant 0.0796 192 145 222 171
pottedplant 0.0718 142 165 155 184
pottedplant 0.0653 305 127 348 201
pottedplant 0.0539 287 131 302 143
pottedplant 0.0538 271 123 292 154
pottedplant 0.0538 282 109 345 172
pottedplant 0.0481 282 126 302 144
pottedplant 0.0412 188 174 207 215
pottedplant 0.0363 287 111 348 146
pottedplant 0.0287 161 172 182 184
pottedplant 0.0231 141 164 191 226
pottedplant 0.0223 220 154 236 168
pottedplant 0.0206 189 147 220 195
pottedplant 0.0193 155 164 181 193
pottedplant 0.0180 309 152 328 195
pottedplant 0.0160 154 172 166 184
pottedplant 0.0159 317 156 372 222
pottedplant 0.0158 152 120 189 187
pottedplant 0.0156 272 154 289 166
pottedplant 0.0149 290 153 315 165
pottedplant 0.0141 161 150 183 175
pottedplant 0.0139 167 118 195 135
pottedplant 0.0135 193 134 208 145
pottedplant 0.0127 284 152 320 206
pottedplant 0.0114 156 119 189 149
pottedplant 0.0106 193 121 232 152
pottedplant 0.0090 142 122 177 164
pottedplant 0.0087 129 117 162 152
pottedplant 0.0087 112 138 141 178
pottedplant 0.0086 291 111 360 198
pottedplant 0.0081 158 148 180 167
pottedplant 0.0077 313 151 325 165
pottedplant 0.0077 130 118 140 137
pottedplant 0.0074 288 118 311 142
pottedplant 0.0074 355 143 374 182
pottedplant 0.0063 162 134 206 178
pottedplant 0.0060 309 154 324 180
pottedplant 0.0056 273 148 296 164
pottedplant 0.0055 115 174 183 229
pottedplant 0.0049 360 144 375 171
pottedplant 0.0048 241 143 251 150
pottedplant 0.0047 357 120 375 174
pottedplant 0.0046 316 164 328 206
pottedplant 0.0045 363 122 371 133
pottedplant 0.0045 285 131 309 165
pottedplant 0.0038 130 118 151 134
pottedplant 0.0036 127 120 149 154
pottedplant 0.0034 187 183 201 229
pottedplant 0.0033 308 131 347 145
pottedplant 0.0031 163 145 198 189
pottedplant 0.0030 131 123 141 154
pottedplant 0.0030 136 121 162 133
pottedplant 0.0029 159 180 190 230
pottedplant 0.0029 126 141 140 163
pottedplant 0.0028 252 117 272 153
pottedplant 0.0027 210 153 223 170
pottedplant 0.0025 278 158 312 187
pottedplant 0.0025 346 108 361 140
pottedplant 0.0023 347 106 355 120
pottedplant 0.0022 205 166 303 225
pottedplant 0.0021 204 142 231 159
pottedplant 0.0020 360 170 371 186
pottedplant 0.0020 360 122 372 150
pottedplant 0.0019 166 133 197 147
pottedplant 0.0019 126 169 142 192
pottedplant 0.0018 149 174 186 199
pottedplant 0.0018 159 116 222 147
pottedplant 0.0017 303 173 317 208
pottedplant 0.0017 278 159 298 170
pottedplant 0.0015 151 177 166 192
pottedplant 0.0015 357 108 380 122
pottedplant 0.0015 187 124 197 135
pottedplant 0.0011 316 152 333 199
pottedplant 0.0010 337 145 372 169
pottedplant 0.0010 148 130 169 163
pottedplant 0.0010 192 167 211 208
pottedplant 0.0010 318 171 380 246
diningtable 0.0260 206 167 302 182
diningtable 0.0190 207 165 305 236
diningtable 0.0168 231 155 279 168
diningtable 0.0094 318 169 388 240
diningtable 0.0090 153 180 188 226
diningtable 0.0081 208 199 289 274
diningtable 0.0049 149 174 186 199
diningtable 0.0028 220 155 237 168
diningtable 0.0025 225 163 295 178
diningtable 0.0024 231 147 260 157
diningtable 0.0024 284 163 312 187
diningtable 0.0022 13 226 493 329
diningtable 0.0018 319 182 383 205
diningtable 0.0017 239 145 255 152
diningtable 0.0015 117 174 180 207
diningtable 0.0015 219 187 292 209
diningtable 0.0015 145 183 183 211
diningtable 0.0014 271 153 283 165
diningtable 0.0013 162 134 206 178
diningtable 0.0010 151 177 166 192
diningtable 0.0010 273 148 296 164
diningtable 0.0010 99 173 142 200
tvmonitor 0.0053 418 126 434 165
tvmonitor 0.0015 252 117 271 154
tvmonitor 0.0011 411 130 421 161
