person 0.6759 121 125 169 159
person 0.3761 216 129 231 154
person 0.2315 58 144 69 156
person 0.1321 241 128 267 188
person 0.1157 29 145 42 155
person 0.1149 167 149 203 181
person 0.1058 214 129 237 191
person 0.0880 391 134 408 155
person 0.0706 118 125 173 185
person 0.0672 426 145 441 167
person 0.0646 244 129 264 159
person 0.0562 215 128 261 195
person 0.0453 221 128 231 143
person 0.0355 189 115 221 144
person 0.0323 55 140 67 155
person 0.0299 33 147 40 158
person 0.0204 394 145 429 169
person 0.0198 52 143 61 156
person 0.0172 252 126 274 191
person 0.0150 458 136 483 163
person 0.0143 117 130 208 194
person 0.0139 170 143 194 166
person 0.0129 241 172 255 192
person 0.0128 159 143 207 191
person 0.0126 411 149 430 169
person 0.0097 254 129 272 159
person 0.0089 217 131 240 161
person 0.0078 468 153 497 191
person 0.0072 228 163 254 193
person 0.0062 168 134 229 194
person 0.0060 189 118 204 136
person 0.0051 456 141 471 162
person 0.0047 427 139 441 158
person 0.0046 193 132 231 156
person 0.0044 467 137 498 172
person 0.0035 180 149 194 162
person 0.0035 68 144 78 157
person 0.0035 111 159 142 178
person 0.0032 397 138 426 159
person 0.0031 183 130 235 173
person 0.0028 411 138 427 156
person 0.0025 102 158 144 197
person 0.0024 188 135 217 151
person 0.0023 429 143 452 170
person 0.0022 387 142 405 158
person 0.0022 212 159 231 190
person 0.0020 0 87 32 213
person 0.0020 419 138 438 157
person 0.0020 439 150 451 169
person 0.0019 242 163 261 190
person 0.0018 469 46 479 69
person 0.0018 218 130 251 153
person 0.0017 386 216 393 228
person 0.0016 28 137 40 157
person 0.0015 478 151 498 183
person 0.0014 186 134 216 164
person 0.0014 138 126 154 142
person 0.0013 467 152 487 172
person 0.0012 212 179 230 191
person 0.0011 251 118 266 142
person 0.0011 28 145 45 180
car 0.9077 345 168 379 214
car 0.8604 318 161 349 207
car 0.0235 318 160 345 176
car 0.0030 328 162 347 178
car 0.0029 352 167 378 181
car 0.0026 364 159 378 168
car 0.0013 338 166 349 179
bus 0.9458 87 68 320 285
bus 0.9069 376 106 499 212
bus 0.8455 23 101 93 203
bus 0.0304 454 108 499 177
bus 0.0249 0 74 27 212
bus 0.0083 58 143 74 159
bus 0.0028 33 147 40 158
bus 0.0027 28 146 43 160
train 0.0377 24 104 94 201
train 0.0098 376 107 499 212
train 0.0013 1 78 36 219
bottle 0.0029 386 216 393 228
chair 0.0061 188 135 219 156
chair 0.0011 209 178 229 191
chair 0.0010 217 162 255 192
pottedplant 0.0064 420 170 499 228
pottedplant 0.0019 386 209 408 228
pottedplant 0.0014 385 214 395 229
pottedplant 0.0010 470 164 498 190
