person 0.0436 249 113 275 136
person 0.0309 204 110 235 138
person 0.0261 163 127 183 140
person 0.0209 165 124 195 141
person 0.0136 78 88 86 102
person 0.0135 163 117 214 141
person 0.0093 146 128 168 141
person 0.0092 75 89 86 113
person 0.0074 146 123 181 141
person 0.0048 277 119 303 134
person 0.0020 439 138 494 177
person 0.0018 204 84 220 91
person 0.0016 154 117 187 140
person 0.0015 197 104 221 123
person 0.0014 439 144 471 167
person 0.0010 70 88 112 121
bicycle 0.0034 70 102 87 119
car 0.9414 4 86 486 256
car 0.0029 70 102 86 119
car 0.0018 68 88 118 122
car 0.0014 435 133 499 197
car 0.0010 460 134 497 181
motorbike 0.0014 8 87 491 255
bus 0.0022 2 85 496 255
bird 0.0024 204 83 220 91
cat 0.0052 165 124 195 141
cat 0.0027 163 117 214 141
dog 0.0026 163 117 214 141
dog 0.0024 165 124 195 141
pottedplant 0.0016 70 101 87 120
pottedplant 0.0010 0 76 17 123
