person 0.0023 1 -3 120 371
person 0.0018 5 -6 457 368
person 0.0012 85 -3 474 57
person 0.0010 328 -1 496 52
car 0.0055 6 -13 498 373
cat 0.0012 87 137 319 373
cat 0.0012 95 165 164 226
dog 0.8402 88 137 325 367
dog 0.0014 96 164 164 227
dog 0.0013 81 -3 479 56
chair 0.2629 52 9 496 352
chair 0.0123 1 -3 120 371
chair 0.0034 90 127 349 372
chair 0.0018 0 124 25 371
chair 0.0015 0 108 18 194
chair 0.0010 2 12 46 372
sofa 0.0126 23 -2 494 374
sofa 0.0073 100 -1 498 124
sofa 0.0039 102 -4 494 59
sofa 0.0034 3 -3 120 371
sofa 0.0012 174 318 258 372
diningtable 0.0245 1 -3 120 371
diningtable 0.0024 23 -2 494 374
tvmonitor 0.0122 33 -13 498 363
