person 0.0541 224 225 234 235
person 0.0224 240 225 252 238
person 0.0159 234 226 243 237
person 0.0109 462 301 470 310
person 0.0071 237 227 246 238
person 0.0041 339 156 371 194
person 0.0017 210 221 222 233
person 0.0015 146 192 155 211
person 0.0012 294 191 323 209
car 0.0043 283 9 313 29
boat 0.7067 75 4 503 319
boat 0.0668 51 176 516 331
boat 0.0242 244 -1 498 253
boat 0.0061 1 202 132 325
boat 0.0040 267 205 314 226
boat 0.0011 283 9 313 29
boat 0.0011 475 13 498 23
bird 0.7936 346 85 389 115
bird 0.0072 346 86 363 95
bird 0.0064 363 99 388 114
bird 0.0047 462 301 470 310
bird 0.0032 347 86 375 104
bird 0.0018 293 191 322 209
chair 0.0019 339 157 371 193
