person 0.0036 72 210 287 374
person 0.0015 -3 1 381 309
person 0.0011 46 337 119 488
bird 0.1349 19 65 276 197
bird 0.0404 9 136 325 343
bird 0.0347 72 210 287 374
bird 0.0148 56 65 347 287
bird 0.0148 94 117 241 220
bird 0.0139 20 114 278 263
bird 0.0136 216 320 344 445
bird 0.0124 47 181 373 458
bird 0.0122 -2 3 383 371
bird 0.0098 145 317 345 480
bird 0.0092 82 250 238 422
bird 0.0079 102 301 217 412
bird 0.0079 40 0 303 103
bird 0.0053 115 350 270 488
bird 0.0053 114 307 194 362
bird 0.0052 116 136 222 180
bird 0.0051 7 5 317 173
bird 0.0051 232 339 296 401
bird 0.0044 45 237 215 366
bird 0.0040 94 153 306 278
bird 0.0028 141 256 216 350
bird 0.0027 42 165 239 307
bird 0.0026 154 327 214 398
bird 0.0023 113 129 218 162
bird 0.0017 46 294 197 433
bird 0.0016 174 179 249 237
bird 0.0015 144 399 254 494
bird 0.0015 36 155 153 298
bird 0.0014 93 289 289 450
bird 0.0014 218 275 276 322
bird 0.0014 1 75 159 241
bird 0.0012 238 378 346 446
bird 0.0012 137 201 300 337
bird 0.0012 7 253 165 424
bird 0.0011 155 231 239 312
bird 0.0011 52 257 161 349
bird 0.0010 2 207 149 351
bird 0.0010 147 72 350 204
bird 0.0010 158 345 207 375
cat 0.0297 21 120 335 403
cat 0.0098 -6 11 396 482
cat 0.0095 74 196 301 370
cat 0.0027 36 55 362 212
cat 0.0018 10 88 255 244
cat 0.0012 59 80 339 302
cat 0.0011 93 233 244 392
dog 0.0056 46 140 323 399
sheep 0.0010 14 31 286 175
bottle 0.0013 -11 5 401 491
pottedplant 0.0256 -11 5 401 491
pottedplant 0.0044 -2 80 166 485
