person 0.0502 410 353 452 374
person 0.0116 224 157 287 221
person 0.0063 224 158 265 194
person 0.0061 202 9 210 25
person 0.0030 105 3 113 19
person 0.0029 192 10 200 26
person 0.0028 106 3 119 21
person 0.0028 422 365 451 374
person 0.0017 110 4 127 22
person 0.0014 180 89 341 240
person 0.0014 56 -2 168 56
person 0.0011 0 186 12 226
person 0.0010 102 1 110 13
car 0.0023 418 53 494 70
car 0.0013 70 0 177 55
aeroplane 0.0077 414 34 498 62
aeroplane 0.0039 452 34 499 60
aeroplane 0.0023 407 44 497 69
aeroplane 0.0010 424 40 473 54
aeroplane 0.0010 420 36 486 51
bus 0.0012 34 -3 193 92
boat 0.2737 451 34 499 60
boat 0.0319 407 44 497 69
boat 0.0150 439 38 499 75
boat 0.0138 418 57 499 75
boat 0.0048 400 36 496 60
boat 0.0025 480 29 498 41
boat 0.0018 445 54 493 69
boat 0.0013 473 33 498 42
boat 0.0011 429 71 499 88
bird 0.0214 221 156 287 226
bird 0.0016 223 159 268 197
cat 0.4117 222 156 287 226
cat 0.0875 232 158 264 193
cat 0.0015 209 99 342 239
dog 0.1461 224 158 285 221
dog 0.0672 227 159 267 203
dog 0.0033 209 99 342 239
horse 0.0038 224 157 287 221
sheep 0.0010 223 158 287 222
bottle 0.0069 410 353 452 374
bottle 0.0054 338 66 386 89
bottle 0.0012 379 58 388 74
bottle 0.0010 388 63 440 75
chair 0.0128 180 90 340 238
chair 0.0061 323 47 363 70
chair 0.0028 410 353 452 374
chair 0.0014 361 131 438 184
chair 0.0013 353 89 462 165
chair 0.0010 183 99 228 146
sofa 0.0046 180 90 340 238
pottedplant 0.9457 345 103 499 299
pottedplant 0.0367 345 171 416 268
pottedplant 0.0028 406 176 499 299
pottedplant 0.0010 454 185 498 284
diningtable 0.1173 311 66 492 215
diningtable 0.0101 6 65 498 370
diningtable 0.0032 353 89 462 165
diningtable 0.0025 351 42 495 85
diningtable 0.0022 362 128 445 180
diningtable 0.0018 180 88 341 240
diningtable 0.0014 0 115 61 147
tvmonitor 0.8735 37 -1 191 92
tvmonitor 0.0699 0 -1 25 61
tvmonitor 0.0034 58 -1 176 58
tvmonitor 0.0019 79 0 154 40
