person 0.8439 34 153 51 207
person 0.8122 3 143 24 207
person 0.7503 22 152 37 203
person 0.5591 298 113 317 142
person 0.4741 164 114 202 162
person 0.2047 18 166 35 209
person 0.0708 0 151 8 184
person 0.0217 161 105 191 143
person 0.0216 0 144 11 170
person 0.0202 1 139 16 157
person 0.0193 0 146 8 162
person 0.0176 10 185 21 207
person 0.0158 193 95 215 134
person 0.0120 16 185 33 209
person 0.0115 336 122 349 140
person 0.0109 224 126 243 159
person 0.0103 4 148 20 178
person 0.0091 10 143 22 160
person 0.0088 352 120 362 137
person 0.0081 160 95 177 138
person 0.0078 180 114 194 137
person 0.0069 335 115 358 139
person 0.0062 26 131 41 154
person 0.0050 360 121 370 137
person 0.0047 117 120 140 161
person 0.0042 325 123 335 141
person 0.0040 186 94 234 161
person 0.0038 314 117 326 140
person 0.0036 332 123 344 142
person 0.0035 323 119 332 139
person 0.0033 344 121 360 138
person 0.0029 162 127 177 142
person 0.0029 333 104 348 141
person 0.0027 178 115 198 152
person 0.0026 118 107 135 143
person 0.0026 213 108 245 160
person 0.0026 117 110 174 162
person 0.0023 326 107 345 142
person 0.0022 119 123 133 144
person 0.0018 0 166 9 201
person 0.0018 23 152 34 170
person 0.0015 15 149 23 175
person 0.0015 169 132 189 161
person 0.0014 182 113 192 130
person 0.0013 378 118 388 135
person 0.0013 120 114 155 154
person 0.0011 323 107 337 139
person 0.0010 226 118 263 155
person 0.0010 376 104 392 135
car 0.8211 48 131 86 152
car 0.5508 0 131 43 154
car 0.5504 20 130 42 153
car 0.2466 38 131 66 150
car 0.1647 0 139 19 155
car 0.0310 0 144 11 170
car 0.0177 487 123 499 148
car 0.0101 0 114 32 149
car 0.0066 474 145 486 165
car 0.0056 70 132 85 149
car 0.0050 0 146 8 162
car 0.0029 74 136 87 151
car 0.0025 0 150 8 176
car 0.0010 482 107 499 146
car 0.0010 4 147 16 172
car 0.0010 41 143 50 153
car 0.0010 97 136 113 145
bus 0.9486 77 39 474 275
bus 0.7197 438 85 486 186
bus 0.1260 482 106 499 150
bus 0.0182 0 116 28 153
bus 0.0176 467 92 487 169
bus 0.0141 487 123 499 148
bus 0.0021 366 88 484 180
bus 0.0020 34 130 67 150
bus 0.0017 481 117 493 157
bus 0.0014 1 128 42 156
bus 0.0011 47 130 86 153
train 0.0012 481 106 499 146
bird 0.0031 364 268 371 276
chair 0.0053 11 179 34 209
chair 0.0036 336 122 349 140
chair 0.0022 353 123 362 137
chair 0.0019 314 117 326 140
chair 0.0018 402 102 426 133
chair 0.0016 0 149 9 198
chair 0.0013 361 124 371 138
chair 0.0012 325 123 335 141
chair 0.0011 7 185 20 208
chair 0.0010 298 113 316 142
