person 0.3758 116 117 131 130
person 0.0351 391 296 400 310
person 0.0071 98 117 109 127
person 0.0060 142 116 155 128
person 0.0046 140 119 151 130
person 0.0035 94 115 108 125
person 0.0032 132 115 153 130
person 0.0026 444 179 454 187
person 0.0025 0 129 9 140
person 0.0021 7 129 24 140
person 0.0012 181 100 206 130
person 0.0011 357 223 369 243
car 0.5585 405 46 455 56
car 0.1519 122 56 148 68
car 0.0669 96 79 111 86
car 0.0509 400 37 456 57
car 0.0469 156 58 178 69
car 0.0312 98 58 112 67
car 0.0302 470 38 496 56
car 0.0153 0 128 23 140
car 0.0131 0 57 30 72
car 0.0070 469 31 491 44
car 0.0053 0 129 9 140
car 0.0042 173 58 190 68
car 0.0033 400 47 425 56
car 0.0029 395 5 452 56
car 0.0025 351 25 460 56
car 0.0019 116 118 129 130
car 0.0018 445 45 475 55
car 0.0013 449 30 489 53
car 0.0012 154 55 193 69
motorbike 0.0013 0 128 24 141
aeroplane 0.9023 11 46 496 282
aeroplane 0.0524 370 0 455 57
aeroplane 0.0203 195 51 238 66
aeroplane 0.0178 155 57 181 69
aeroplane 0.0150 216 50 238 64
aeroplane 0.0110 0 57 30 72
aeroplane 0.0089 139 49 236 72
aeroplane 0.0074 397 0 415 48
aeroplane 0.0064 0 128 24 141
aeroplane 0.0037 17 -12 497 164
aeroplane 0.0029 87 48 237 78
aeroplane 0.0025 351 25 460 56
aeroplane 0.0019 62 -8 493 72
aeroplane 0.0014 471 38 493 56
aeroplane 0.0013 267 1 461 59
aeroplane 0.0013 121 57 149 69
aeroplane 0.0011 173 56 189 66
aeroplane 0.0010 400 43 454 56
bus 0.0957 0 57 29 72
bus 0.0087 122 56 149 68
bus 0.0084 0 128 24 141
bus 0.0030 354 25 405 56
bus 0.0027 98 58 112 67
bus 0.0020 471 38 493 56
bus 0.0019 96 78 111 86
bus 0.0015 156 58 178 69
bus 0.0015 216 51 238 64
bus 0.0010 351 1 456 57
train 0.0043 0 57 30 72
train 0.0042 0 128 24 141
boat 0.0179 471 38 493 56
boat 0.0079 353 1 452 58
boat 0.0016 96 79 111 86
boat 0.0012 353 26 415 58
boat 0.0012 401 41 453 57
boat 0.0012 0 57 30 72
boat 0.0011 397 0 415 48
boat 0.0010 0 128 24 140
bird 0.0043 182 108 204 130
bird 0.0016 391 296 400 310
horse 0.0015 0 128 24 141
cow 0.0016 0 128 24 140
chair 0.0043 471 38 493 56
chair 0.0039 354 25 405 53
