person 0.0099 356 65 493 198
person 0.0013 414 3 436 33
person 0.0012 476 6 494 17
person 0.0010 4 60 308 261
car 0.0029 2 60 215 260
car 0.0019 25 31 84 81
car 0.0017 35 10 58 35
bird 0.0017 476 6 494 17
bottle 0.0134 386 1 401 36
bottle 0.0106 454 17 463 30
bottle 0.0078 476 6 494 17
bottle 0.0077 319 64 329 104
bottle 0.0067 455 10 464 29
bottle 0.0065 403 15 413 32
bottle 0.0058 467 14 478 31
bottle 0.0039 469 9 484 24
bottle 0.0030 388 1 414 34
bottle 0.0025 372 27 388 41
bottle 0.0025 364 24 390 42
bottle 0.0024 381 30 392 47
bottle 0.0020 346 7 365 50
bottle 0.0019 322 63 357 115
bottle 0.0017 442 25 451 36
bottle 0.0016 477 16 494 33
bottle 0.0013 436 2 463 31
bottle 0.0010 362 17 376 45
chair 0.9182 120 93 288 342
chair 0.9106 373 42 452 109
chair 0.8135 398 170 499 352
chair 0.6894 7 63 157 259
chair 0.4027 124 46 291 120
chair 0.1348 449 172 498 211
chair 0.1296 341 8 367 51
chair 0.1156 365 93 497 184
chair 0.1011 447 113 499 210
chair 0.0997 203 45 291 100
chair 0.0893 399 171 498 258
chair 0.0670 346 51 485 203
chair 0.0642 3 49 296 260
chair 0.0508 331 166 442 348
chair 0.0502 319 9 394 92
chair 0.0493 343 9 390 53
chair 0.0314 326 59 360 101
chair 0.0146 371 230 440 322
chair 0.0109 467 120 498 174
chair 0.0089 484 133 499 172
chair 0.0060 366 41 387 51
chair 0.0052 348 90 499 339
chair 0.0046 373 237 432 286
chair 0.0046 369 21 389 41
chair 0.0042 321 48 381 67
chair 0.0041 456 306 499 373
chair 0.0040 489 145 499 172
chair 0.0032 322 47 397 96
chair 0.0027 379 223 431 266
chair 0.0025 362 18 384 41
chair 0.0025 480 148 499 177
chair 0.0020 435 2 462 28
chair 0.0019 348 8 364 43
chair 0.0019 382 61 458 196
chair 0.0018 95 64 209 150
chair 0.0018 266 68 291 87
chair 0.0016 132 66 207 113
chair 0.0015 361 17 377 34
chair 0.0014 81 47 294 172
chair 0.0014 27 66 118 148
chair 0.0013 126 33 484 192
chair 0.0012 387 31 419 55
chair 0.0011 236 40 258 54
sofa 0.5811 2 60 215 259
sofa 0.1556 124 43 297 137
sofa 0.0754 84 43 294 209
sofa 0.0238 204 45 290 99
sofa 0.0025 343 9 390 53
sofa 0.0023 95 61 209 119
sofa 0.0012 35 32 335 328
sofa 0.0011 321 44 419 93
pottedplant 0.0027 473 2 498 26
pottedplant 0.0016 344 10 390 52
pottedplant 0.0013 248 0 294 48
diningtable 0.8155 145 65 483 352
diningtable 0.2654 150 79 490 194
diningtable 0.0674 320 45 394 93
diningtable 0.0518 320 44 463 99
diningtable 0.0366 324 46 400 68
diningtable 0.0171 453 111 499 175
diningtable 0.0075 301 85 494 345
diningtable 0.0064 317 46 480 167
diningtable 0.0041 339 86 494 194
diningtable 0.0031 326 59 360 101
diningtable 0.0023 351 42 391 57
diningtable 0.0022 313 174 419 227
diningtable 0.0020 407 106 497 183
diningtable 0.0020 303 169 446 348
diningtable 0.0018 456 113 499 130
diningtable 0.0015 369 37 419 75
diningtable 0.0014 366 41 387 51
diningtable 0.0010 343 9 390 53
tvmonitor 0.0029 342 7 367 51
tvmonitor 0.0018 387 1 399 37
tvmonitor 0.0015 435 2 462 29
