person 0.0072 244 48 271 71
person 0.0043 14 -18 504 369
person 0.0034 246 48 264 65
person 0.0026 86 162 185 297
person 0.0025 242 47 275 87
person 0.0015 99 177 158 267
person 0.0014 195 44 278 91
person 0.0011 203 46 270 74
person 0.0011 125 174 178 225
bicycle 0.0035 3 -12 503 361
bicycle 0.0019 0 246 56 371
bicycle 0.0010 90 102 146 155
car 0.0052 5 -12 501 361
motorbike 0.9066 9 -19 500 370
motorbike 0.0182 0 -2 125 366
motorbike 0.0108 0 -8 269 364
bottle 0.0072 152 69 279 149
bottle 0.0042 363 0 491 137
bottle 0.0011 199 158 223 207
bottle 0.0010 97 175 156 271
chair 0.0025 0 232 63 370
chair 0.0012 0 285 47 372
