person 0.0703 4 0 500 321
person 0.0600 175 1 496 157
person 0.0096 448 11 499 108
person 0.0072 277 19 499 204
person 0.0040 292 100 500 295
person 0.0032 333 131 498 206
person 0.0028 302 192 499 292
person 0.0017 425 13 499 169
person 0.0015 1 180 181 294
person 0.0010 113 169 497 301
bird 0.0012 447 11 499 110
cat 0.0063 330 131 498 205
cat 0.0042 299 190 501 291
cat 0.0030 0 200 86 262
cat 0.0018 1 180 181 294
cat 0.0017 255 2 498 206
dog 0.8800 3 11 494 314
dog 0.0376 167 1 497 190
dog 0.0071 256 17 489 149
dog 0.0071 298 191 501 290
dog 0.0049 330 132 497 206
dog 0.0018 -1 198 182 296
dog 0.0015 292 100 500 295
dog 0.0010 0 200 86 262
horse 0.0037 190 0 494 145
horse 0.0015 330 132 497 206
sheep 0.0178 240 6 500 175
sheep 0.0115 304 192 499 292
sheep 0.0028 330 132 497 206
sheep 0.0019 308 31 485 145
sheep 0.0019 448 11 499 112
sheep 0.0011 297 0 469 61
cow 0.0322 213 1 499 197
cow 0.0300 330 131 498 205
cow 0.0039 299 190 501 291
cow 0.0024 323 35 487 144
cow 0.0022 295 0 469 60
cow 0.0011 0 12 500 314
chair 0.0210 4 0 500 321
chair 0.0016 116 4 491 212
sofa 0.3495 2 -2 502 319
sofa 0.0300 3 263 498 329
sofa 0.0093 0 153 501 329
sofa 0.0036 7 -3 493 161
sofa 0.0024 299 188 498 288
sofa 0.0022 246 8 499 209
sofa 0.0012 298 282 492 331
sofa 0.0012 278 82 501 295
diningtable 0.0096 8 264 496 331
