person 0.0066 116 75 124 95
person 0.0018 0 132 60 373
person 0.0017 104 64 113 85
person 0.0015 46 195 55 207
person 0.0012 44 194 58 230
person 0.0010 80 195 91 216
bicycle 0.0185 292 50 315 70
bicycle 0.0113 288 16 321 48
bicycle 0.0088 291 49 320 92
bicycle 0.0019 289 25 300 37
bicycle 0.0015 298 68 320 93
motorbike 0.0013 292 50 315 70
horse 0.0050 292 50 315 70
bottle 0.1036 229 203 240 236
bottle 0.0081 241 220 252 239
bottle 0.0046 227 194 242 227
bottle 0.0045 83 161 92 191
bottle 0.0033 79 196 89 218
bottle 0.0030 183 217 197 228
bottle 0.0023 46 195 55 208
bottle 0.0022 45 175 55 192
bottle 0.0016 131 220 140 240
bottle 0.0013 46 215 57 232
bottle 0.0013 118 221 126 244
bottle 0.0013 123 221 132 243
bottle 0.0011 229 193 242 212
bottle 0.0010 68 131 77 154
chair 0.8356 185 154 244 224
chair 0.6033 45 231 80 289
chair 0.0221 249 135 345 204
chair 0.0219 42 170 79 292
chair 0.0093 44 229 81 369
chair 0.0066 187 193 233 220
chair 0.0065 255 165 265 193
chair 0.0049 49 255 80 288
chair 0.0047 253 170 294 200
chair 0.0045 262 102 279 193
chair 0.0044 46 231 77 254
chair 0.0041 254 108 287 198
chair 0.0041 250 166 274 199
chair 0.0027 153 150 189 238
chair 0.0025 192 203 228 219
chair 0.0017 195 154 244 196
chair 0.0014 278 133 499 351
chair 0.0010 183 217 197 228
chair 0.0010 187 200 234 236
chair 0.0010 256 166 288 186
sofa 0.9319 236 131 499 350
pottedplant 0.0031 228 194 242 236
diningtable 0.0156 174 212 338 360
diningtable 0.0022 151 192 493 367
diningtable 0.0016 45 231 76 255
tvmonitor 0.1952 0 136 57 370
tvmonitor 0.0039 62 125 102 162
tvmonitor 0.0034 39 156 63 234
tvmonitor 0.0032 105 64 114 85
tvmonitor 0.0013 137 52 156 62
tvmonitor 0.0012 125 42 133 62
tvmonitor 0.0010 136 30 146 52
