person 0.0011 152 133 473 283
person 0.0010 404 82 442 120
cat 0.0022 404 82 442 120
bottle 0.1352 321 143 329 164
bottle 0.1175 320 145 332 179
bottle 0.0510 405 82 441 118
bottle 0.0395 224 183 241 217
bottle 0.0361 310 157 320 174
bottle 0.0099 346 128 361 174
bottle 0.0035 190 150 235 252
bottle 0.0030 373 156 392 190
bottle 0.0025 312 151 323 173
bottle 0.0021 205 146 221 172
bottle 0.0020 391 160 403 177
bottle 0.0020 398 162 410 179
bottle 0.0020 186 154 201 183
bottle 0.0015 346 122 387 185
bottle 0.0014 321 160 333 181
bottle 0.0013 430 82 444 117
bottle 0.0012 260 22 288 94
bottle 0.0011 234 159 285 183
bottle 0.0011 319 137 331 163
bottle 0.0010 403 163 414 180
bottle 0.0010 382 74 399 120
chair 0.6553 341 193 475 367
chair 0.5234 142 117 206 171
chair 0.4050 72 73 198 185
chair 0.1863 137 75 201 171
chair 0.1807 428 184 499 365
chair 0.1341 268 212 447 369
chair 0.1322 238 110 351 157
chair 0.0598 0 291 166 371
chair 0.0504 143 86 328 177
chair 0.0381 239 111 286 152
chair 0.0377 385 194 475 315
chair 0.0299 72 137 146 186
chair 0.0122 137 74 189 131
chair 0.0098 142 119 157 171
chair 0.0082 160 112 241 166
chair 0.0077 0 338 7 373
chair 0.0075 331 209 415 370
chair 0.0067 308 287 425 369
chair 0.0057 151 109 299 158
chair 0.0055 348 121 387 183
chair 0.0048 23 144 143 285
chair 0.0046 311 133 330 153
chair 0.0045 239 111 262 153
chair 0.0032 412 166 428 185
chair 0.0032 320 138 349 161
chair 0.0030 377 158 482 201
chair 0.0026 432 172 446 191
chair 0.0022 419 167 434 188
chair 0.0021 319 137 331 163
chair 0.0019 249 139 340 178
chair 0.0017 321 143 329 164
chair 0.0016 198 112 240 154
chair 0.0015 408 165 421 183
chair 0.0014 443 177 458 196
chair 0.0013 451 178 465 198
chair 0.0012 456 181 478 202
chair 0.0011 255 79 290 94
chair 0.0011 298 130 328 151
chair 0.0011 463 191 494 267
chair 0.0011 425 169 441 191
chair 0.0011 252 117 328 150
chair 0.0010 24 188 73 276
chair 0.0010 439 174 451 193
sofa 0.3931 238 109 353 156
sofa 0.3108 145 104 355 164
sofa 0.0290 366 150 498 234
sofa 0.0246 70 72 197 189
sofa 0.0245 1 290 163 370
sofa 0.0239 221 93 471 223
sofa 0.0195 71 136 148 187
sofa 0.0091 259 145 487 232
sofa 0.0090 100 89 401 198
sofa 0.0077 354 149 498 332
sofa 0.0066 237 111 287 151
sofa 0.0058 372 159 485 203
sofa 0.0054 429 186 499 369
sofa 0.0035 144 117 204 171
sofa 0.0024 330 165 429 202
sofa 0.0014 171 119 394 230
sofa 0.0013 24 113 235 302
pottedplant 0.5744 138 0 238 116
pottedplant 0.2902 328 71 389 182
pottedplant 0.1062 404 82 442 122
pottedplant 0.0232 400 115 432 129
pottedplant 0.0023 331 82 386 133
pottedplant 0.0020 430 82 444 117
pottedplant 0.0019 197 90 216 110
pottedplant 0.0018 197 65 220 109
pottedplant 0.0015 193 39 222 115
pottedplant 0.0013 142 107 241 169
pottedplant 0.0011 382 73 441 119
pottedplant 0.0011 137 0 236 55
pottedplant 0.0011 419 82 442 113
pottedplant 0.0010 139 0 190 53
diningtable 0.8419 24 140 444 370
diningtable 0.0417 -3 291 164 370
diningtable 0.0072 183 135 477 267
diningtable 0.0061 242 147 473 366
diningtable 0.0054 378 174 450 218
diningtable 0.0011 171 119 394 230
diningtable 0.0011 245 141 327 178
diningtable 0.0010 259 145 487 232
tvmonitor 0.0010 137 74 189 136
