bird 0.0017 50 119 58 137
bird 0.0012 368 22 381 58
bottle 0.0374 50 119 58 137
bottle 0.0077 104 119 117 136
bottle 0.0069 270 98 289 134
bottle 0.0053 111 119 120 135
bottle 0.0036 40 134 61 148
bottle 0.0036 365 119 376 141
bottle 0.0029 94 119 118 138
bottle 0.0010 4 147 25 158
bottle 0.0010 362 122 374 139
chair 0.0352 295 181 499 376
chair 0.0159 461 272 499 373
chair 0.0076 0 320 20 373
chair 0.0020 216 182 300 242
chair 0.0011 295 112 322 136
chair 0.0010 142 86 206 138
sofa 0.9178 216 166 498 370
pottedplant 0.5095 351 88 388 141
pottedplant 0.0179 371 102 391 136
pottedplant 0.0035 57 132 89 147
pottedplant 0.0031 89 135 125 146
pottedplant 0.0024 271 97 289 134
pottedplant 0.0023 91 119 117 137
pottedplant 0.0021 0 25 7 39
pottedplant 0.0020 0 24 8 78
pottedplant 0.0020 354 100 375 139
pottedplant 0.0019 300 96 326 123
pottedplant 0.0014 364 121 376 142
pottedplant 0.0014 368 22 381 58
pottedplant 0.0012 294 112 322 136
pottedplant 0.0011 40 134 61 148
pottedplant 0.0011 342 101 364 125
diningtable 0.1287 463 270 499 373
diningtable 0.0078 469 269 499 300
diningtable 0.0025 0 320 19 368
tvmonitor 0.7781 142 86 206 137
