person 0.0178 80 0 107 26
person 0.0080 0 23 12 58
person 0.0043 0 -3 13 60
person 0.0019 156 10 202 47
person 0.0015 6 -2 496 367
person 0.0014 1 0 47 18
person 0.0013 0 14 13 109
person 0.0013 175 19 210 45
person 0.0013 209 0 247 17
car 0.0662 0 0 15 11
car 0.0407 4 0 59 17
car 0.0364 208 0 249 17
car 0.0244 114 -3 468 98
car 0.0170 224 -1 469 17
car 0.0081 180 -3 468 28
car 0.0080 152 0 308 73
car 0.0062 207 0 303 16
car 0.0055 120 1 463 53
car 0.0054 0 3 12 58
car 0.0042 166 0 246 37
car 0.0040 8 0 105 18
car 0.0024 222 0 342 11
car 0.0019 180 23 211 41
car 0.0017 248 0 302 7
car 0.0016 1 0 32 18
car 0.0011 158 2 212 50
car 0.0011 196 0 300 40
car 0.0011 333 5 420 20
car 0.0010 81 0 106 26
motorbike 0.9362 12 -10 501 368
motorbike 0.0358 161 0 488 91
motorbike 0.0167 160 17 203 46
motorbike 0.0161 5 -2 228 303
motorbike 0.0157 180 -3 468 28
motorbike 0.0136 73 -1 484 144
motorbike 0.0092 105 0 212 100
motorbike 0.0088 252 3 499 227
motorbike 0.0081 175 19 210 45
motorbike 0.0072 153 2 211 57
motorbike 0.0036 120 1 463 53
motorbike 0.0025 94 21 197 176
motorbike 0.0020 42 98 87 155
motorbike 0.0017 241 -1 451 19
motorbike 0.0013 121 -1 329 94
motorbike 0.0013 43 99 126 193
motorbike 0.0011 139 0 276 72
bottle 0.0190 80 0 107 26
chair 0.0015 0 132 33 235
chair 0.0011 473 0 498 44
tvmonitor 0.0059 0 132 33 235
