person 0.0020 75 2 353 317
bird 0.0026 91 2 359 323
bird 0.0010 140 228 229 309
cat 0.8400 76 -5 357 320
cat 0.0011 123 130 341 315
dog 0.1905 72 -1 356 313
sheep 0.0024 89 -2 361 305
cow 0.0011 91 2 359 323
bottle 0.0359 43 128 54 191
bottle 0.0020 27 129 46 184
chair 0.0018 62 1 362 320
pottedplant 0.0139 1 98 155 317
pottedplant 0.0114 310 194 496 372
pottedplant 0.0054 77 200 495 370
pottedplant 0.0021 0 169 186 372
pottedplant 0.0017 0 166 139 265
pottedplant 0.0013 5 -3 404 378
pottedplant 0.0010 322 197 467 291
