person 0.1362 0 163 56 372
person 0.0150 214 122 229 136
person 0.0122 158 103 172 125
person 0.0106 142 99 150 114
person 0.0081 213 121 242 145
person 0.0051 132 81 143 116
person 0.0051 0 199 25 373
person 0.0041 0 162 38 301
person 0.0038 -1 174 113 364
person 0.0038 203 120 244 175
person 0.0030 471 156 490 200
person 0.0027 223 121 241 138
person 0.0024 45 170 330 296
person 0.0024 0 90 15 127
person 0.0023 0 163 19 197
person 0.0022 141 86 150 114
person 0.0016 335 104 346 128
person 0.0015 0 277 38 374
person 0.0015 153 114 168 126
person 0.0011 133 99 142 115
person 0.0011 476 321 494 357
person 0.0011 465 158 482 196
bicycle 0.0079 98 106 130 139
bicycle 0.0051 3 111 28 157
bicycle 0.0043 4 107 55 157
bicycle 0.0040 455 227 498 362
bicycle 0.0021 480 91 494 124
bicycle 0.0018 147 0 185 33
motorbike 0.0029 1 107 61 155
cat 0.0016 474 204 499 238
horse 0.0084 97 106 130 139
horse 0.0024 2 106 62 155
horse 0.0014 108 111 128 137
bottle 0.0418 234 175 244 198
bottle 0.0239 160 197 174 217
bottle 0.0221 226 175 236 200
bottle 0.0218 456 216 471 267
bottle 0.0172 68 159 77 190
bottle 0.0151 471 156 490 200
bottle 0.0120 230 176 247 204
bottle 0.0094 473 157 481 174
bottle 0.0089 478 156 489 196
bottle 0.0084 232 191 246 205
bottle 0.0083 490 155 499 195
bottle 0.0064 486 154 495 177
bottle 0.0056 481 155 489 178
bottle 0.0055 465 158 482 196
bottle 0.0046 206 192 217 204
bottle 0.0044 151 199 161 215
bottle 0.0038 455 285 465 324
bottle 0.0034 464 172 476 196
bottle 0.0032 255 196 268 210
bottle 0.0028 216 183 226 200
bottle 0.0027 169 247 189 259
bottle 0.0023 74 234 101 264
bottle 0.0021 238 171 246 189
bottle 0.0017 489 178 499 201
bottle 0.0016 335 100 345 137
bottle 0.0015 240 170 248 185
bottle 0.0015 65 172 311 305
bottle 0.0015 0 163 17 193
bottle 0.0012 202 181 224 201
bottle 0.0012 208 238 223 257
bottle 0.0012 177 198 188 209
bottle 0.0011 67 242 78 260
bottle 0.0011 70 164 92 190
bottle 0.0011 188 196 199 206
bottle 0.0010 433 269 445 283
bottle 0.0010 385 182 411 255
chair 0.5060 202 118 244 176
chair 0.4112 247 136 282 185
chair 0.3648 152 127 170 160
chair 0.3309 68 179 99 232
chair 0.2980 349 136 416 227
chair 0.2436 292 119 387 177
chair 0.1428 296 196 334 338
chair 0.1173 291 118 336 178
chair 0.1088 92 145 142 217
chair 0.1022 310 127 344 332
chair 0.0773 211 142 243 176
chair 0.0744 72 200 98 231
chair 0.0527 0 157 62 373
chair 0.0489 344 121 390 167
chair 0.0474 13 170 70 249
chair 0.0425 56 131 100 232
chair 0.0291 213 110 244 135
chair 0.0260 162 130 175 158
chair 0.0259 203 143 215 174
chair 0.0245 288 121 314 181
chair 0.0229 459 215 499 363
chair 0.0216 216 120 241 138
chair 0.0206 61 160 83 234
chair 0.0202 0 280 25 373
chair 0.0189 473 232 499 298
chair 0.0185 9 213 40 285
chair 0.0182 94 155 123 218
chair 0.0179 279 135 303 187
chair 0.0176 289 122 312 146
chair 0.0171 262 159 339 339
chair 0.0168 425 202 457 283
chair 0.0164 262 184 325 201
chair 0.0138 289 128 304 145
chair 0.0127 428 201 497 337
chair 0.0126 464 155 498 202
chair 0.0123 134 156 143 201
chair 0.0117 181 131 203 157
chair 0.0111 214 109 240 125
chair 0.0095 1 173 43 306
chair 0.0094 214 122 229 136
chair 0.0085 0 278 53 374
chair 0.0074 165 126 183 157
chair 0.0073 299 121 316 143
chair 0.0069 423 174 452 261
chair 0.0065 474 203 499 237
chair 0.0063 281 119 382 335
chair 0.0063 282 157 303 185
chair 0.0061 485 241 499 288
chair 0.0060 200 129 213 150
chair 0.0060 259 122 296 185
chair 0.0059 243 124 282 137
chair 0.0056 196 145 213 172
chair 0.0053 55 125 74 165
chair 0.0049 240 105 292 184
chair 0.0049 279 136 292 184
chair 0.0042 6 125 94 239
chair 0.0042 187 152 205 171
chair 0.0041 154 113 166 125
chair 0.0040 302 120 329 141
chair 0.0039 223 127 240 145
chair 0.0038 363 136 402 170
chair 0.0038 2 105 71 167
chair 0.0036 371 122 393 151
chair 0.0036 289 134 306 176
chair 0.0034 425 191 487 281
chair 0.0033 158 103 172 125
chair 0.0033 135 118 156 165
chair 0.0031 477 321 498 369
chair 0.0031 291 160 304 179
chair 0.0030 386 189 410 254
chair 0.0029 214 111 229 130
chair 0.0029 314 120 336 139
chair 0.0028 455 214 478 284
chair 0.0025 35 119 64 143
chair 0.0024 157 178 213 196
chair 0.0024 89 164 109 217
chair 0.0024 180 120 193 129
chair 0.0024 189 129 212 153
chair 0.0023 173 112 182 126
chair 0.0023 278 197 325 378
chair 0.0022 464 172 477 196
chair 0.0020 488 172 498 199
chair 0.0020 33 113 52 141
chair 0.0019 91 119 100 136
chair 0.0019 210 124 235 145
chair 0.0018 324 135 342 228
chair 0.0017 486 299 499 362
chair 0.0016 73 188 95 209
chair 0.0015 447 174 474 199
chair 0.0015 400 161 452 258
chair 0.0015 208 115 291 165
chair 0.0014 335 104 346 128
chair 0.0014 462 287 498 370
chair 0.0014 88 118 101 166
chair 0.0014 471 157 481 174
chair 0.0014 250 117 291 137
chair 0.0013 75 171 96 189
chair 0.0013 68 160 77 191
chair 0.0013 246 107 271 126
chair 0.0013 306 228 323 316
sofa 0.7837 292 120 390 177
sofa 0.6815 349 139 417 227
sofa 0.2324 202 118 287 175
sofa 0.1615 202 119 244 175
sofa 0.0693 294 120 337 179
sofa 0.0557 0 163 57 371
sofa 0.0315 212 108 245 126
sofa 0.0162 0 279 25 373
sofa 0.0103 341 119 389 167
sofa 0.0082 295 122 379 310
sofa 0.0075 289 122 313 159
sofa 0.0052 360 143 406 171
sofa 0.0052 213 121 242 145
sofa 0.0043 0 277 52 373
sofa 0.0043 211 142 243 176
sofa 0.0042 218 102 286 130
sofa 0.0032 152 125 182 159
sofa 0.0029 0 172 111 367
sofa 0.0023 217 115 243 138
sofa 0.0021 464 155 498 202
sofa 0.0020 181 130 203 156
sofa 0.0016 158 103 172 125
sofa 0.0014 474 204 499 238
sofa 0.0014 299 119 337 146
sofa 0.0013 10 217 39 287
sofa 0.0013 359 149 483 240
sofa 0.0011 71 186 99 230
sofa 0.0011 91 106 142 216
pottedplant 0.8505 400 90 467 201
pottedplant 0.4572 480 91 495 127
pottedplant 0.3898 245 103 284 126
pottedplant 0.1584 158 101 173 124
pottedplant 0.1412 95 105 133 141
pottedplant 0.0602 1 106 59 156
pottedplant 0.0444 93 105 142 217
pottedplant 0.0350 212 102 293 187
pottedplant 0.0289 484 113 498 128
pottedplant 0.0249 167 105 178 125
pottedplant 0.0248 464 155 498 202
pottedplant 0.0237 429 94 467 135
pottedplant 0.0176 488 155 499 201
pottedplant 0.0173 0 105 27 156
pottedplant 0.0150 175 67 187 81
pottedplant 0.0131 489 178 499 201
pottedplant 0.0123 170 106 181 126
pottedplant 0.0118 386 180 412 254
pottedplant 0.0113 218 102 286 130
pottedplant 0.0111 464 172 477 196
pottedplant 0.0108 474 204 499 238
pottedplant 0.0097 158 110 171 123
pottedplant 0.0091 154 113 166 125
pottedplant 0.0077 1 97 72 241
pottedplant 0.0070 0 90 15 126
pottedplant 0.0066 170 114 180 126
pottedplant 0.0046 397 176 412 202
pottedplant 0.0042 142 100 151 114
pottedplant 0.0042 280 113 290 128
pottedplant 0.0041 108 108 130 136
pottedplant 0.0036 180 120 193 129
pottedplant 0.0028 90 119 100 139
pottedplant 0.0027 121 116 131 136
pottedplant 0.0027 151 125 174 161
pottedplant 0.0027 445 114 461 135
pottedplant 0.0026 475 119 487 127
pottedplant 0.0026 128 118 137 154
pottedplant 0.0026 171 87 180 108
pottedplant 0.0025 415 161 455 200
pottedplant 0.0024 158 85 178 119
pottedplant 0.0024 403 172 422 206
pottedplant 0.0024 289 122 313 159
pottedplant 0.0023 464 170 486 205
pottedplant 0.0023 166 98 183 125
pottedplant 0.0019 90 110 108 136
pottedplant 0.0018 394 114 421 163
pottedplant 0.0018 2 133 65 178
pottedplant 0.0017 487 120 499 129
pottedplant 0.0015 230 87 256 108
pottedplant 0.0015 445 152 498 227
pottedplant 0.0014 269 111 282 125
pottedplant 0.0014 397 116 414 138
pottedplant 0.0013 470 24 499 133
pottedplant 0.0013 410 129 458 197
pottedplant 0.0013 175 111 185 125
pottedplant 0.0013 446 146 460 187
pottedplant 0.0013 136 82 151 113
pottedplant 0.0013 130 91 142 117
pottedplant 0.0012 349 136 418 227
pottedplant 0.0012 447 180 492 208
pottedplant 0.0012 134 116 166 163
pottedplant 0.0011 279 135 303 187
pottedplant 0.0011 474 156 490 199
pottedplant 0.0011 444 138 460 167
pottedplant 0.0010 171 76 183 116
pottedplant 0.0010 479 117 489 126
pottedplant 0.0010 128 118 137 137
diningtable 0.8332 20 187 321 369
diningtable 0.0143 152 127 171 160
diningtable 0.0114 474 203 499 237
diningtable 0.0109 147 197 252 240
diningtable 0.0109 181 131 203 157
diningtable 0.0108 202 114 291 177
diningtable 0.0100 65 172 311 305
diningtable 0.0094 98 196 204 227
diningtable 0.0089 92 146 142 218
diningtable 0.0078 71 186 99 230
diningtable 0.0068 225 182 330 330
diningtable 0.0055 430 201 499 360
diningtable 0.0051 193 178 226 194
diningtable 0.0050 75 174 96 190
diningtable 0.0045 73 183 95 193
diningtable 0.0043 170 126 198 144
diningtable 0.0042 166 124 198 157
diningtable 0.0041 280 137 303 189
diningtable 0.0038 65 160 99 224
diningtable 0.0036 162 127 177 158
diningtable 0.0036 250 195 323 228
diningtable 0.0033 202 122 243 177
diningtable 0.0029 305 148 346 340
diningtable 0.0025 73 188 95 209
diningtable 0.0023 476 203 499 221
diningtable 0.0020 157 176 231 197
diningtable 0.0020 289 130 303 146
diningtable 0.0019 42 240 131 283
diningtable 0.0019 153 123 169 138
diningtable 0.0018 46 223 102 261
diningtable 0.0018 106 180 275 241
diningtable 0.0017 262 184 325 201
diningtable 0.0017 349 145 415 227
diningtable 0.0017 240 105 292 184
diningtable 0.0017 213 110 244 135
diningtable 0.0016 425 191 487 281
diningtable 0.0016 466 206 499 296
diningtable 0.0014 70 164 92 190
diningtable 0.0013 182 124 198 132
diningtable 0.0012 202 143 215 174
diningtable 0.0012 26 195 167 350
diningtable 0.0011 286 125 303 177
diningtable 0.0010 464 155 498 202
diningtable 0.0010 -1 174 113 364
tvmonitor 0.1368 322 74 366 112
tvmonitor 0.0191 1 157 55 373
tvmonitor 0.0100 5 213 40 290
tvmonitor 0.0072 1 173 43 306
tvmonitor 0.0058 248 136 282 187
tvmonitor 0.0044 230 86 256 108
tvmonitor 0.0041 64 125 77 170
tvmonitor 0.0039 181 130 204 156
tvmonitor 0.0032 8 148 65 178
tvmonitor 0.0029 324 85 358 106
tvmonitor 0.0028 56 126 71 163
tvmonitor 0.0028 15 171 69 251
tvmonitor 0.0023 214 109 240 125
tvmonitor 0.0020 426 202 472 284
tvmonitor 0.0016 246 124 286 138
tvmonitor 0.0014 202 119 244 176
tvmonitor 0.0014 428 201 497 337
tvmonitor 0.0013 98 137 133 158
tvmonitor 0.0011 180 120 193 129
