person 0.5641 198 106 240 149
person 0.0895 229 153 243 171
person 0.0525 369 137 388 170
person 0.0382 405 142 425 172
person 0.0373 137 119 167 148
person 0.0249 137 90 180 148
person 0.0170 188 120 223 156
person 0.0168 208 110 255 173
person 0.0166 141 91 170 119
person 0.0163 136 101 148 114
person 0.0157 287 132 309 187
person 0.0152 491 187 499 201
person 0.0146 229 138 256 171
person 0.0143 175 112 230 174
person 0.0135 201 139 245 209
person 0.0134 109 131 131 151
person 0.0115 222 126 243 169
person 0.0100 222 154 243 186
person 0.0077 412 141 442 173
person 0.0071 491 184 499 195
person 0.0062 191 111 214 140
person 0.0055 425 146 443 172
person 0.0044 136 96 161 150
person 0.0042 216 107 240 142
person 0.0037 129 113 182 170
person 0.0036 136 101 152 121
person 0.0035 287 149 304 179
person 0.0033 244 106 262 126
person 0.0033 290 126 308 167
person 0.0032 274 37 283 54
person 0.0030 244 104 270 133
person 0.0030 109 120 146 151
person 0.0028 322 119 338 176
person 0.0027 109 96 157 152
person 0.0026 87 80 99 114
person 0.0025 224 104 258 142
person 0.0021 368 151 381 170
person 0.0019 477 186 498 226
person 0.0019 127 121 158 160
person 0.0018 164 123 198 162
person 0.0017 241 110 274 169
person 0.0016 227 136 245 163
person 0.0016 221 114 254 155
person 0.0015 387 142 419 172
person 0.0015 231 154 256 170
person 0.0014 202 176 217 195
person 0.0013 271 150 302 179
person 0.0013 265 115 300 174
person 0.0011 287 156 308 195
person 0.0011 202 164 239 202
person 0.0010 166 125 184 145
person 0.0010 154 94 181 139
bicycle 0.0014 58 196 88 221
car 0.8589 477 184 499 231
car 0.0147 491 180 499 188
car 0.0111 491 184 499 195
car 0.0071 478 184 499 200
car 0.0059 483 171 499 183
car 0.0054 489 176 499 185
car 0.0047 492 178 499 185
car 0.0011 91 18 479 313
bus 0.9507 89 19 479 311
bus 0.0016 478 186 499 229
train 0.0010 93 20 484 317
chair 0.0015 369 137 388 169
chair 0.0015 287 157 304 180
chair 0.0012 272 156 302 180
pottedplant 0.0042 482 154 499 183
