person 0.9033 296 75 438 290
person 0.9025 85 29 245 319
person 0.0088 172 46 226 128
person 0.0026 259 110 283 132
person 0.0025 171 41 263 137
person 0.0024 320 115 344 147
person 0.0014 216 195 332 303
person 0.0013 336 100 353 128
person 0.0012 296 103 341 160
bicycle 0.0073 78 33 376 319
bicycle 0.0023 276 85 350 158
bicycle 0.0023 227 85 345 170
bicycle 0.0018 449 114 499 144
bicycle 0.0016 305 103 347 147
bicycle 0.0012 183 54 448 220
bicycle 0.0010 391 86 430 133
car 0.0025 194 46 439 175
car 0.0016 449 113 498 131
car 0.0011 262 69 433 142
motorbike 0.5427 184 39 351 167
motorbike 0.2297 180 42 353 285
motorbike 0.0511 78 33 376 319
motorbike 0.0390 63 38 344 195
motorbike 0.0342 183 54 448 220
motorbike 0.0120 227 85 345 170
motorbike 0.0084 279 85 350 162
motorbike 0.0038 228 59 435 160
motorbike 0.0037 173 41 271 126
motorbike 0.0020 297 107 335 162
motorbike 0.0010 202 42 267 100
aeroplane 0.0012 78 33 376 319
boat 0.0101 446 113 500 131
boat 0.0018 450 116 499 143
bird 0.0012 260 110 284 132
horse 0.0013 43 33 360 301
bottle 0.0139 221 112 243 143
bottle 0.0024 194 113 244 147
bottle 0.0022 211 96 223 123
bottle 0.0012 322 152 336 171
bottle 0.0011 185 101 216 125
bottle 0.0010 175 86 221 126
chair 0.2375 95 208 216 320
chair 0.1396 98 223 172 313
chair 0.1230 87 140 188 322
chair 0.0582 85 30 242 322
chair 0.0123 109 190 348 313
chair 0.0114 217 197 333 302
chair 0.0047 196 262 214 309
chair 0.0024 176 158 213 199
chair 0.0023 388 192 501 284
chair 0.0022 195 66 472 305
chair 0.0021 126 246 215 319
chair 0.0014 446 116 499 138
chair 0.0013 391 86 429 133
chair 0.0012 180 256 215 311
sofa 0.0039 388 193 499 285
sofa 0.0017 217 197 330 303
diningtable 0.0016 216 197 333 304
diningtable 0.0011 449 113 499 130
tvmonitor 0.0199 217 197 333 304
