person 0.0045 381 150 399 168
person 0.0024 381 145 395 153
person 0.0015 270 129 319 164
car 0.9530 35 107 467 286
car 0.8580 434 138 499 220
car 0.7800 395 134 497 167
car 0.2388 385 145 411 153
car 0.1295 60 137 112 152
car 0.0567 365 136 413 153
car 0.0472 377 144 405 159
car 0.0415 375 143 401 154
car 0.0329 391 133 496 229
car 0.0185 59 130 154 158
car 0.0172 58 137 126 162
car 0.0161 381 147 402 165
car 0.0159 31 140 63 158
car 0.0122 412 134 495 152
car 0.0116 381 145 395 153
car 0.0094 58 118 185 155
car 0.0076 452 134 496 148
car 0.0064 364 127 414 149
car 0.0055 482 137 499 152
car 0.0051 465 127 495 137
car 0.0043 398 144 416 152
car 0.0039 59 136 93 159
car 0.0035 96 109 244 143
car 0.0034 31 130 71 159
car 0.0028 74 139 125 153
car 0.0026 56 110 249 161
car 0.0025 482 124 499 138
car 0.0021 433 132 498 142
car 0.0019 463 136 499 157
car 0.0015 78 141 159 156
car 0.0011 39 120 270 264
bus 0.0034 2 109 134 160
bus 0.0017 66 137 128 151
bus 0.0016 366 127 418 149
bus 0.0013 46 108 472 287
train 0.0117 2 109 134 160
boat 0.0015 2 109 134 160
boat 0.0011 375 143 401 154
