person 0.1093 309 84 331 100
person 0.0206 253 80 287 107
person 0.0131 66 230 74 241
person 0.0085 309 83 344 114
person 0.0074 265 82 291 100
person 0.0063 269 194 280 206
person 0.0054 361 197 370 208
person 0.0034 256 80 275 98
person 0.0033 253 74 299 136
person 0.0031 0 235 8 250
person 0.0014 2 232 15 245
person 0.0013 334 88 348 103
person 0.0011 274 86 288 99
bicycle 0.0098 375 225 397 256
car 0.0234 66 230 74 240
car 0.0064 33 231 48 238
car 0.0061 40 231 51 238
car 0.0059 1 226 14 238
car 0.0058 1 233 14 248
car 0.0056 17 230 30 237
car 0.0033 0 235 8 250
car 0.0026 4 231 16 240
car 0.0011 161 263 180 270
car 0.0010 8 226 22 236
train 0.9455 74 53 386 296
