person 0.0131 1 55 14 93
person 0.0070 312 41 322 56
person 0.0065 189 28 209 55
person 0.0024 0 53 14 135
person 0.0022 262 72 271 81
person 0.0020 276 72 287 82
person 0.0019 172 44 180 54
person 0.0019 0 45 19 212
person 0.0013 199 35 211 55
person 0.0011 328 43 336 56
person 0.0010 335 46 343 56
car 0.0082 256 43 296 154
car 0.0016 258 119 285 151
bus 0.0600 255 47 298 142
bus 0.0023 12 -2 259 138
bus 0.0022 279 -1 499 186
train 0.9236 0 -2 261 178
train 0.9104 279 -1 497 187
train 0.7258 255 48 298 150
train 0.0028 13 19 469 193
train 0.0011 97 34 341 169
