person 0.0623 28 227 42 245
person 0.0139 33 226 43 242
person 0.0045 410 237 419 243
person 0.0036 173 232 185 240
person 0.0029 238 237 262 245
person 0.0014 18 228 41 242
person 0.0013 472 237 485 245
person 0.0012 16 229 35 239
person 0.0011 27 225 43 237
person 0.0010 334 210 342 221
bicycle 0.0034 17 228 43 245
bicycle 0.0022 235 237 255 245
bicycle 0.0014 229 235 247 245
car 0.2326 60 229 90 238
car 0.0663 18 228 41 242
car 0.0237 434 239 459 247
car 0.0195 43 230 92 241
car 0.0123 16 229 35 239
car 0.0088 31 226 43 243
car 0.0070 174 232 185 240
car 0.0065 342 235 413 245
car 0.0062 470 237 485 245
car 0.0058 449 239 468 246
car 0.0058 459 239 472 246
car 0.0052 62 226 80 235
car 0.0045 369 236 409 244
car 0.0041 237 237 262 246
car 0.0034 36 231 114 250
car 0.0032 242 191 289 237
car 0.0031 176 232 211 244
car 0.0029 464 238 482 246
car 0.0028 289 207 308 226
car 0.0028 410 237 419 243
car 0.0024 119 219 138 232
car 0.0024 3 229 36 245
car 0.0021 405 239 464 248
car 0.0020 102 210 136 231
car 0.0020 104 234 128 246
car 0.0019 139 231 172 246
car 0.0018 42 235 73 245
car 0.0017 100 231 122 242
car 0.0014 229 235 247 245
car 0.0013 95 230 108 238
car 0.0013 282 238 295 244
car 0.0013 68 234 117 247
car 0.0012 41 231 71 240
car 0.0012 33 223 43 232
car 0.0012 168 233 183 242
car 0.0012 311 210 323 220
car 0.0010 288 197 313 225
car 0.0010 223 226 252 244
car 0.0010 33 224 46 237
motorbike 0.0022 17 227 42 244
bus 0.0776 102 210 137 231
bus 0.0151 339 234 418 246
bus 0.0092 433 239 458 247
bus 0.0038 57 230 90 238
bus 0.0037 369 236 409 244
bus 0.0024 405 239 464 248
bus 0.0023 313 236 484 248
bus 0.0017 9 228 487 268
bus 0.0012 221 226 254 244
bus 0.0010 17 227 42 244
train 0.0705 24 235 493 265
train 0.0282 139 238 484 258
train 0.0238 185 234 498 251
train 0.0213 314 236 478 247
train 0.0148 20 199 494 261
train 0.0036 296 238 488 263
train 0.0035 339 234 418 246
train 0.0026 101 209 139 232
train 0.0022 176 242 519 265
train 0.0018 368 238 471 248
train 0.0018 433 239 459 247
train 0.0017 165 190 394 239
train 0.0011 243 191 290 238
boat 0.4336 5 227 485 269
boat 0.0567 0 233 238 269
boat 0.0268 20 199 494 261
boat 0.0161 56 229 91 238
boat 0.0119 102 211 140 231
boat 0.0117 18 228 41 242
boat 0.0097 82 236 491 260
boat 0.0096 194 247 220 266
boat 0.0054 2 228 41 250
boat 0.0054 5 242 155 268
boat 0.0045 473 236 486 245
boat 0.0043 10 230 117 256
boat 0.0039 242 190 290 235
boat 0.0039 42 228 91 241
boat 0.0038 189 190 361 245
boat 0.0035 237 238 257 246
boat 0.0033 127 232 205 247
boat 0.0030 243 236 263 246
boat 0.0030 16 229 35 239
boat 0.0029 0 241 10 262
boat 0.0029 23 230 245 252
boat 0.0024 1 235 30 253
boat 0.0023 46 230 114 244
boat 0.0023 185 234 498 251
boat 0.0022 167 231 219 246
boat 0.0021 119 219 138 232
boat 0.0019 0 203 35 256
boat 0.0018 119 261 135 269
boat 0.0017 296 238 488 263
boat 0.0017 223 235 248 245
boat 0.0014 314 236 478 247
boat 0.0014 1 179 53 249
boat 0.0014 139 232 177 246
boat 0.0014 195 233 217 245
boat 0.0012 172 233 189 243
boat 0.0011 1 243 31 257
boat 0.0010 42 235 73 245
boat 0.0010 464 238 482 246
boat 0.0010 194 246 219 256
boat 0.0010 33 232 109 249
bird 0.0150 120 260 134 268
chair 0.0092 17 228 43 245
chair 0.0027 31 226 43 243
chair 0.0020 223 230 240 243
chair 0.0020 223 226 252 244
chair 0.0018 229 235 247 245
chair 0.0017 247 236 262 244
chair 0.0010 18 229 36 237
pottedplant 0.0438 243 191 289 237
pottedplant 0.0065 261 195 288 230
pottedplant 0.0036 5 174 54 240
pottedplant 0.0013 296 210 339 242
pottedplant 0.0012 194 247 220 266
