person 0.0031 188 44 217 82
person 0.0021 184 0 221 83
bicycle 0.0153 45 -13 495 360
car 0.0015 320 83 433 159
car 0.0011 6 -20 496 366
boat 0.0023 45 -13 495 360
bird 0.0108 23 129 92 154
bird 0.0018 92 34 324 293
cat 0.8426 102 41 332 293
cat 0.3562 23 129 100 155
dog 0.0434 23 129 100 155
dog 0.0048 114 48 327 297
chair 0.0036 6 -20 496 366
chair 0.0023 293 -4 499 368
pottedplant 0.0335 5 -12 191 149
pottedplant 0.0279 92 0 199 104
pottedplant 0.0139 20 -22 498 366
pottedplant 0.0055 24 129 98 154
pottedplant 0.0037 14 28 128 155
pottedplant 0.0029 147 24 198 103
pottedplant 0.0022 183 1 221 84
pottedplant 0.0015 276 0 351 33
pottedplant 0.0012 323 94 367 153
pottedplant 0.0011 231 0 263 39
pottedplant 0.0011 167 51 197 102
