person 0.0992 143 147 175 187
person 0.0294 123 155 138 180
person 0.0249 141 143 189 199
person 0.0169 82 158 136 207
person 0.0140 337 197 347 214
person 0.0126 31 180 41 196
person 0.0117 387 169 406 185
person 0.0107 113 158 142 185
person 0.0107 71 185 82 200
person 0.0088 349 172 364 197
person 0.0070 165 159 191 202
person 0.0067 92 160 121 184
person 0.0066 247 188 255 216
person 0.0060 65 185 81 203
person 0.0055 314 171 348 215
person 0.0054 348 150 373 198
person 0.0052 336 171 348 214
person 0.0047 284 149 320 205
person 0.0037 22 181 36 198
person 0.0031 318 197 346 214
person 0.0030 231 177 254 205
person 0.0030 365 171 377 192
person 0.0027 271 177 286 209
person 0.0026 490 196 499 217
person 0.0026 246 177 267 217
person 0.0025 61 188 75 203
person 0.0024 72 155 85 179
person 0.0024 163 147 178 170
person 0.0023 367 168 381 188
person 0.0022 40 180 54 195
person 0.0022 272 181 281 197
person 0.0021 239 165 294 220
person 0.0021 161 147 186 175
person 0.0021 294 150 318 182
person 0.0021 336 145 358 202
person 0.0019 240 184 255 211
person 0.0019 367 165 398 188
person 0.0018 215 182 255 212
person 0.0017 479 159 494 173
person 0.0016 343 145 356 177
person 0.0015 123 155 136 169
person 0.0015 341 169 367 213
person 0.0015 337 169 354 199
person 0.0014 248 176 283 217
person 0.0014 470 159 497 176
person 0.0012 450 157 458 185
person 0.0012 273 180 293 213
bicycle 0.0038 489 196 499 220
car 0.7102 10 182 34 200
car 0.5888 0 185 11 211
car 0.4340 42 179 56 195
car 0.0966 35 180 49 196
car 0.0856 32 181 42 195
car 0.0826 0 178 16 196
car 0.0068 23 177 38 195
car 0.0049 490 197 499 217
car 0.0027 51 178 84 198
car 0.0021 62 185 78 200
car 0.0021 34 59 481 352
car 0.0012 318 198 346 214
car 0.0010 0 177 13 188
bus 0.9524 42 58 477 353
bus 0.8693 450 89 499 230
bus 0.0086 0 178 16 196
bus 0.0029 1 174 17 187
bus 0.0025 10 182 34 200
bus 0.0016 43 179 57 194
bus 0.0013 451 95 477 219
bus 0.0012 0 177 13 188
bus 0.0012 23 177 38 195
train 0.0014 39 64 472 352
chair 0.0023 318 199 346 215
chair 0.0015 337 197 347 214
pottedplant 0.0053 490 196 499 217
