person 0.8802 310 0 499 365
person 0.7912 73 10 249 178
person 0.6310 0 160 116 371
person 0.5833 290 2 425 160
person 0.2383 65 13 254 364
person 0.0851 0 -12 93 384
person 0.0374 0 4 73 257
person 0.0161 477 76 499 109
person 0.0114 365 111 454 250
person 0.0101 236 10 444 367
person 0.0089 449 -1 499 116
person 0.0077 0 3 28 159
person 0.0050 4 34 195 375
person 0.0044 2 340 116 372
person 0.0043 47 120 105 324
person 0.0041 387 98 431 207
person 0.0036 0 3 104 160
person 0.0034 0 156 60 205
person 0.0033 25 -3 401 370
person 0.0030 176 71 248 150
person 0.0028 192 113 224 161
person 0.0028 0 249 63 367
person 0.0022 0 179 27 205
person 0.0019 0 9 14 151
person 0.0011 228 241 387 370
person 0.0010 11 260 114 372
person 0.0010 388 162 454 254
bottle 0.8973 180 132 216 251
bottle 0.8251 64 135 102 205
bottle 0.7551 401 98 430 153
bottle 0.7501 54 115 73 170
bottle 0.4121 350 94 374 158
bottle 0.1131 189 110 219 159
bottle 0.0757 394 95 430 199
bottle 0.0321 324 95 376 168
bottle 0.0196 346 94 379 192
bottle 0.0140 186 121 210 165
bottle 0.0135 0 158 60 203
bottle 0.0129 192 110 217 139
bottle 0.0126 133 294 175 365
bottle 0.0104 353 93 369 134
bottle 0.0080 63 127 76 163
bottle 0.0073 416 97 430 145
bottle 0.0052 345 92 415 202
bottle 0.0046 56 120 104 302
bottle 0.0042 59 115 73 140
bottle 0.0034 170 133 203 169
bottle 0.0029 194 260 244 287
bottle 0.0028 426 165 452 199
bottle 0.0024 220 266 240 285
bottle 0.0019 198 271 219 288
bottle 0.0019 329 94 362 123
bottle 0.0017 -5 148 105 215
bottle 0.0016 66 135 84 158
bottle 0.0015 41 136 88 200
bottle 0.0013 184 135 209 176
bottle 0.0013 0 154 94 376
bottle 0.0012 422 105 433 158
bottle 0.0011 358 101 378 149
bottle 0.0010 161 105 221 168
chair 0.0138 390 191 439 251
chair 0.0106 1 162 120 371
chair 0.0105 230 276 390 372
chair 0.0077 409 193 438 242
chair 0.0071 6 341 116 373
chair 0.0064 61 246 131 374
chair 0.0058 381 160 454 252
chair 0.0056 343 355 403 373
chair 0.0049 369 182 428 239
chair 0.0030 223 104 500 371
chair 0.0025 77 104 286 366
chair 0.0022 31 263 70 342
chair 0.0019 11 260 114 372
chair 0.0018 352 123 449 248
chair 0.0013 266 279 314 313
chair 0.0011 390 204 420 240
sofa 0.0024 1 162 120 371
sofa 0.0022 25 -3 401 370
diningtable 0.6915 68 111 372 373
diningtable 0.0065 343 355 403 373
diningtable 0.0046 4 122 168 374
diningtable 0.0031 0 42 96 381
diningtable 0.0012 369 178 425 234
diningtable 0.0011 361 130 453 250
