person 0.9398 10 95 185 370
person 0.9139 208 84 323 219
person 0.7756 307 76 445 290
person 0.0028 471 305 499 373
person 0.0026 469 214 499 376
person 0.0016 116 277 183 345
person 0.0010 75 173 370 374
car 0.0028 127 45 168 89
boat 0.0012 1 133 62 168
bird 0.0044 239 305 256 338
bird 0.0024 239 305 252 324
bird 0.0012 244 313 264 339
dog 0.0040 406 329 444 373
bottle 0.4731 178 206 192 223
bottle 0.0219 133 193 140 207
bottle 0.0188 331 145 340 160
bottle 0.0159 331 142 340 155
bottle 0.0158 275 209 291 228
bottle 0.0072 167 201 192 219
bottle 0.0072 179 201 193 217
bottle 0.0058 319 144 329 158
bottle 0.0048 132 192 141 228
bottle 0.0045 162 175 171 190
bottle 0.0043 171 206 200 231
bottle 0.0041 132 193 144 213
bottle 0.0035 138 193 155 213
bottle 0.0027 116 170 125 185
bottle 0.0026 306 135 329 150
bottle 0.0024 212 148 221 172
bottle 0.0023 148 184 158 194
bottle 0.0021 244 241 275 253
bottle 0.0021 228 228 247 252
bottle 0.0020 146 179 156 191
bottle 0.0020 131 206 147 230
bottle 0.0020 370 230 389 254
bottle 0.0019 125 174 370 288
bottle 0.0018 321 148 335 160
bottle 0.0015 121 189 158 225
bottle 0.0014 193 217 212 226
bottle 0.0014 181 198 203 216
bottle 0.0013 327 139 337 150
bottle 0.0011 317 260 335 279
bottle 0.0011 120 188 135 225
bottle 0.0011 112 281 129 308
bottle 0.0011 155 189 171 200
bottle 0.0010 133 208 167 232
chair 0.7965 2 251 100 373
chair 0.7653 182 143 220 202
chair 0.6885 123 164 166 192
chair 0.4507 0 199 32 248
chair 0.3762 192 287 315 373
chair 0.3762 426 219 447 284
chair 0.3732 303 133 330 152
chair 0.3672 0 196 30 346
chair 0.2529 414 142 452 167
chair 0.1328 0 106 68 177
chair 0.1313 407 329 444 373
chair 0.1244 320 163 336 208
chair 0.1145 1 199 69 347
chair 0.0695 404 229 442 370
chair 0.0563 0 203 143 370
chair 0.0448 321 159 337 180
chair 0.0406 0 106 42 140
chair 0.0345 163 174 171 190
chair 0.0313 317 134 354 154
chair 0.0305 304 135 340 206
chair 0.0231 413 142 495 206
chair 0.0219 180 147 194 196
chair 0.0206 301 135 336 174
chair 0.0193 437 172 489 298
chair 0.0191 419 130 497 269
chair 0.0183 0 201 17 247
chair 0.0182 172 156 185 197
chair 0.0163 306 140 339 161
chair 0.0157 319 164 445 364
chair 0.0150 116 153 187 195
chair 0.0147 219 141 238 162
chair 0.0146 116 168 126 187
chair 0.0141 413 260 430 340
chair 0.0120 2 133 62 166
chair 0.0109 0 208 19 292
chair 0.0098 0 250 13 342
chair 0.0088 183 143 220 173
chair 0.0073 440 202 459 275
chair 0.0073 433 147 450 166
chair 0.0069 41 266 82 368
chair 0.0064 471 305 499 373
chair 0.0063 342 137 357 150
chair 0.0055 308 158 335 219
chair 0.0046 330 142 339 157
chair 0.0046 319 145 329 158
chair 0.0045 477 181 498 275
chair 0.0045 329 326 442 375
chair 0.0044 376 234 435 372
chair 0.0043 214 352 304 374
chair 0.0042 146 179 156 191
chair 0.0040 421 185 449 276
chair 0.0040 411 142 431 154
chair 0.0040 1 94 47 107
chair 0.0039 157 175 171 193
chair 0.0035 255 135 356 170
chair 0.0033 332 146 341 160
chair 0.0029 0 98 57 131
chair 0.0029 141 163 178 196
chair 0.0028 171 268 425 374
chair 0.0027 329 148 339 161
chair 0.0027 442 149 452 167
chair 0.0027 195 140 326 214
chair 0.0027 321 252 435 374
chair 0.0026 294 147 324 213
chair 0.0026 481 114 499 281
chair 0.0025 212 147 224 172
chair 0.0025 113 165 122 184
chair 0.0025 117 281 183 344
chair 0.0024 412 138 495 169
chair 0.0024 327 139 337 150
chair 0.0023 389 168 457 360
chair 0.0022 321 148 335 160
chair 0.0022 301 129 358 157
chair 0.0021 169 285 219 373
chair 0.0021 319 148 348 208
chair 0.0021 146 166 172 190
chair 0.0020 487 185 499 242
chair 0.0019 214 124 349 193
chair 0.0018 193 186 213 202
chair 0.0018 0 90 90 137
chair 0.0018 0 116 38 157
chair 0.0018 0 164 59 184
chair 0.0017 141 188 191 223
chair 0.0017 450 209 478 298
chair 0.0017 288 306 340 373
chair 0.0017 156 182 172 198
chair 0.0016 464 100 498 261
chair 0.0016 0 105 45 119
chair 0.0016 31 317 77 372
chair 0.0015 0 254 23 346
chair 0.0015 465 145 496 170
chair 0.0015 319 178 331 208
chair 0.0014 402 134 421 144
chair 0.0014 115 176 243 271
chair 0.0014 130 190 144 210
chair 0.0012 403 137 427 154
chair 0.0011 323 146 342 171
chair 0.0011 317 135 370 207
chair 0.0011 308 87 489 248
chair 0.0011 218 134 256 162
sofa 0.0036 123 165 165 192
sofa 0.0029 0 200 37 343
sofa 0.0019 320 163 336 208
sofa 0.0012 177 145 234 209
sofa 0.0012 0 196 87 345
sofa 0.0010 173 144 320 215
pottedplant 0.0040 127 45 167 89
diningtable 0.7195 130 193 429 369
diningtable 0.5717 427 165 496 298
diningtable 0.1824 129 189 417 282
diningtable 0.1023 0 106 46 140
diningtable 0.0367 433 166 494 199
diningtable 0.0195 0 102 67 181
diningtable 0.0193 0 105 46 119
diningtable 0.0172 2 132 64 166
diningtable 0.0146 306 140 339 161
diningtable 0.0142 304 135 340 206
diningtable 0.0129 320 160 337 206
diningtable 0.0106 321 160 337 175
diningtable 0.0105 0 90 90 137
diningtable 0.0102 413 142 496 207
diningtable 0.0080 0 162 58 221
diningtable 0.0065 0 163 58 184
diningtable 0.0054 415 143 453 166
diningtable 0.0047 153 188 226 226
diningtable 0.0046 321 148 335 160
diningtable 0.0044 0 154 54 176
diningtable 0.0042 193 186 213 201
diningtable 0.0041 0 90 60 107
diningtable 0.0032 115 176 243 271
diningtable 0.0032 0 116 34 139
diningtable 0.0027 329 148 339 161
diningtable 0.0026 146 237 270 275
diningtable 0.0025 116 148 197 196
diningtable 0.0024 170 205 287 244
diningtable 0.0023 308 230 434 366
diningtable 0.0021 303 133 330 152
diningtable 0.0019 317 134 354 154
diningtable 0.0018 181 165 259 232
diningtable 0.0018 0 156 60 195
diningtable 0.0017 141 188 191 223
diningtable 0.0016 244 241 275 253
diningtable 0.0014 301 135 336 174
diningtable 0.0014 175 182 352 267
diningtable 0.0014 240 224 272 241
diningtable 0.0012 173 145 225 204
diningtable 0.0012 116 162 166 191
diningtable 0.0011 0 119 28 160
diningtable 0.0011 151 195 196 211
diningtable 0.0010 145 231 285 301
diningtable 0.0010 255 135 356 170
diningtable 0.0010 426 218 448 282
