person 0.9207 259 91 390 361
person 0.8253 368 141 488 362
person 0.6475 410 233 500 372
person 0.5620 353 139 437 297
person 0.5278 434 156 499 296
person 0.1976 430 143 463 172
person 0.1166 395 135 437 190
person 0.1105 458 157 498 266
person 0.0650 408 140 437 177
person 0.0506 381 134 435 217
person 0.0486 443 142 463 162
person 0.0417 398 149 423 191
person 0.0315 473 157 499 215
person 0.0304 442 141 486 174
person 0.0295 415 150 438 174
person 0.0216 392 141 486 268
person 0.0204 479 155 499 193
person 0.0158 347 188 405 293
person 0.0139 474 143 486 160
person 0.0116 461 141 486 166
person 0.0109 419 140 437 161
person 0.0108 219 125 246 170
person 0.0089 262 91 388 191
person 0.0056 423 157 445 173
person 0.0052 450 143 462 154
person 0.0045 434 142 487 218
person 0.0042 409 155 442 190
person 0.0034 368 180 414 265
person 0.0034 263 116 347 182
person 0.0034 462 144 491 185
person 0.0034 432 157 447 172
person 0.0031 425 140 436 152
person 0.0030 469 187 491 218
person 0.0025 366 156 385 208
person 0.0024 333 134 387 262
person 0.0023 267 120 289 166
person 0.0022 438 186 492 267
person 0.0022 366 145 397 211
person 0.0020 262 153 321 335
person 0.0019 408 136 437 154
person 0.0018 238 91 276 173
person 0.0018 296 127 305 141
person 0.0018 485 155 499 167
person 0.0017 434 257 465 293
person 0.0013 396 151 408 168
person 0.0013 475 156 494 184
person 0.0011 219 141 240 170
person 0.0010 398 153 413 173
person 0.0010 351 181 380 239
person 0.0010 368 205 403 284
bicycle 0.0015 218 135 241 170
bicycle 0.0012 379 169 409 210
car 0.0016 398 134 432 154
bus 0.0019 21 -22 488 357
train 0.0127 6 -14 429 354
train 0.0011 228 -10 514 364
dog 0.0026 348 207 401 292
dog 0.0010 346 257 383 291
bottle 0.0095 365 186 380 208
bottle 0.0053 257 146 283 178
bottle 0.0048 366 158 384 210
bottle 0.0023 218 125 246 170
bottle 0.0017 381 188 406 213
bottle 0.0016 381 195 395 212
bottle 0.0012 345 161 369 185
bottle 0.0012 258 164 273 179
chair 0.0268 359 211 391 239
chair 0.0262 354 208 401 292
chair 0.0231 218 125 246 170
chair 0.0168 379 169 409 210
chair 0.0149 226 88 277 175
chair 0.0084 40 290 186 373
chair 0.0080 433 178 499 298
chair 0.0078 479 155 499 193
chair 0.0067 330 205 401 323
chair 0.0065 351 181 380 239
chair 0.0063 385 153 425 222
chair 0.0062 471 207 499 265
chair 0.0054 352 206 370 234
chair 0.0054 434 257 466 293
chair 0.0048 374 155 401 209
chair 0.0046 416 154 438 174
chair 0.0045 360 186 380 209
chair 0.0041 444 256 476 300
chair 0.0040 224 124 246 150
chair 0.0040 398 153 422 191
chair 0.0036 174 160 317 337
chair 0.0033 348 206 386 248
chair 0.0032 386 189 409 214
chair 0.0032 330 104 353 124
chair 0.0031 410 243 500 373
chair 0.0031 405 155 440 192
chair 0.0031 470 157 499 213
chair 0.0027 219 141 240 170
chair 0.0026 388 271 450 371
chair 0.0025 371 155 386 201
chair 0.0025 393 150 405 168
chair 0.0025 260 154 319 337
chair 0.0025 174 211 286 323
chair 0.0021 338 204 387 270
chair 0.0019 197 169 317 245
chair 0.0018 291 240 313 299
chair 0.0018 394 166 424 209
chair 0.0018 373 281 418 364
chair 0.0017 423 157 445 173
chair 0.0017 368 180 414 265
chair 0.0014 266 167 318 246
chair 0.0013 398 153 413 173
chair 0.0013 395 133 432 169
chair 0.0011 440 143 462 165
chair 0.0011 381 195 395 212
chair 0.0011 372 235 456 361
chair 0.0010 343 254 399 292
chair 0.0010 344 206 369 253
chair 0.0010 294 157 311 171
chair 0.0010 482 209 499 248
chair 0.0010 469 187 491 218
sofa 0.0154 410 241 499 373
sofa 0.0073 358 211 392 241
sofa 0.0037 340 204 398 291
sofa 0.0018 308 204 395 321
diningtable 0.0596 35 270 265 371
diningtable 0.0136 199 171 315 245
diningtable 0.0086 176 165 317 330
diningtable 0.0038 359 211 391 239
diningtable 0.0016 410 241 499 373
diningtable 0.0015 334 208 382 281
diningtable 0.0010 227 158 316 200
diningtable 0.0010 50 46 350 353
diningtable 0.0010 416 154 438 174
tvmonitor 0.7045 1 0 244 363
tvmonitor 0.0244 174 164 315 334
tvmonitor 0.0125 47 291 193 371
tvmonitor 0.0059 345 56 384 98
tvmonitor 0.0036 30 272 267 372
tvmonitor 0.0034 358 211 391 240
tvmonitor 0.0020 229 89 278 176
tvmonitor 0.0016 199 170 315 246
tvmonitor 0.0014 0 -6 128 323
tvmonitor 0.0014 26 -26 453 355
tvmonitor 0.0012 476 196 490 213
