person 0.1102 185 165 192 178
person 0.0297 94 159 106 176
person 0.0184 442 165 456 195
person 0.0081 446 165 456 180
person 0.0075 94 157 118 176
person 0.0033 180 166 191 176
person 0.0028 186 167 198 180
person 0.0023 428 165 459 196
person 0.0018 417 168 426 187
person 0.0015 318 221 354 318
person 0.0010 441 167 479 191
bicycle 0.0013 185 165 192 178
bicycle 0.0010 186 167 198 180
car 0.0047 479 180 499 190
car 0.0025 454 177 479 188
car 0.0025 124 169 142 177
car 0.0025 186 167 198 180
car 0.0017 439 163 496 186
car 0.0015 94 157 118 176
car 0.0015 441 167 479 191
car 0.0015 486 165 499 176
car 0.0012 147 167 165 175
bus 0.0041 96 157 121 175
bus 0.0030 418 162 497 196
bus 0.0011 442 163 496 185
train 0.0019 94 156 129 176
train 0.0015 418 161 496 197
boat 0.0042 95 160 139 176
bird 0.0032 312 226 355 317
dog 0.0040 312 226 355 317
dog 0.0015 94 165 105 176
horse 0.9162 277 137 355 310
horse 0.0068 94 164 105 176
horse 0.0035 316 225 354 314
horse 0.0016 94 157 118 176
horse 0.0010 442 165 460 197
cow 0.0027 316 225 354 314
cow 0.0010 94 164 105 176
chair 0.0038 185 166 193 178
chair 0.0016 200 168 219 188
chair 0.0013 186 167 198 180
chair 0.0012 93 165 106 176
chair 0.0012 178 165 190 177
diningtable 0.0013 95 160 139 176
