person 0.7587 146 5 393 323
person 0.7516 140 132 461 330
person 0.1571 26 64 495 325
person 0.0040 143 76 277 295
person 0.0012 181 121 322 307
bottle 0.6700 220 201 318 274
bottle 0.0087 191 130 441 323
bottle 0.0084 166 188 329 332
chair 0.3243 100 -5 491 336
chair 0.0062 212 0 481 220
chair 0.0022 348 -4 481 195
chair 0.0017 292 -4 501 332
chair 0.0014 384 224 499 330
sofa 0.6432 0 -15 517 330
sofa 0.0044 301 -8 499 334
sofa 0.0022 0 -8 261 327
sofa 0.0019 16 -8 490 161
sofa 0.0013 386 224 499 329
