person 0.0020 4 194 33 215
person 0.0018 403 188 429 256
person 0.0015 1 162 35 215
person 0.0015 4 191 34 241
car 0.0052 445 129 500 161
car 0.0012 1 162 35 215
boat 0.0013 430 89 499 161
horse 0.9153 89 126 425 350
horse 0.0872 1 163 35 215
horse 0.0864 290 130 429 342
horse 0.0180 1 170 35 251
horse 0.0156 5 194 33 215
horse 0.0046 20 167 268 351
horse 0.0033 0 161 96 254
horse 0.0031 0 160 75 216
horse 0.0027 408 183 429 252
horse 0.0015 418 169 498 252
horse 0.0010 320 160 499 333
cow 0.0042 4 194 33 215
cow 0.0018 4 191 34 241
