person 0.7943 298 187 314 232
person 0.6458 121 187 129 207
person 0.4251 304 197 317 230
person 0.3906 308 184 317 217
person 0.0966 239 179 251 193
person 0.0673 189 179 200 193
person 0.0641 178 184 186 193
person 0.0482 238 180 255 199
person 0.0290 238 173 254 192
person 0.0260 204 174 213 192
person 0.0235 299 187 309 208
person 0.0176 204 184 212 193
person 0.0175 5 191 16 205
person 0.0174 228 176 237 195
person 0.0139 224 174 234 195
person 0.0133 167 181 175 191
person 0.0110 187 182 197 194
person 0.0108 223 169 230 189
person 0.0080 220 173 229 194
person 0.0075 119 189 129 221
person 0.0069 109 185 117 194
person 0.0052 431 308 493 336
person 0.0052 254 184 262 196
person 0.0050 436 256 500 333
person 0.0043 299 186 307 200
person 0.0034 355 98 364 109
person 0.0033 257 182 268 196
person 0.0033 481 61 498 78
person 0.0019 44 177 56 198
person 0.0016 424 77 437 91
person 0.0013 186 195 196 208
person 0.0013 188 171 200 188
person 0.0013 87 185 96 196
person 0.0013 306 186 321 230
person 0.0012 242 176 253 189
person 0.0012 63 199 82 213
person 0.0011 235 207 245 221
bicycle 0.0027 305 207 317 231
car 0.9320 24 198 89 242
car 0.9016 85 192 128 225
car 0.8937 336 254 500 372
car 0.6040 14 190 41 212
car 0.1749 0 193 15 207
car 0.0933 53 179 93 205
car 0.0581 16 178 46 201
car 0.0414 79 202 94 223
car 0.0152 61 190 96 222
car 0.0076 431 252 499 342
car 0.0070 336 317 497 372
car 0.0044 7 168 44 205
car 0.0028 27 181 54 205
car 0.0027 0 167 19 207
car 0.0025 12 194 21 211
car 0.0019 142 182 150 196
car 0.0014 305 207 317 231
car 0.0012 83 196 97 220
car 0.0010 456 311 499 342
car 0.0010 44 177 56 198
motorbike 0.0025 5 191 16 205
bus 0.9430 155 154 291 236
bus 0.0443 55 179 93 206
bus 0.0235 17 178 47 205
bus 0.0122 1 166 44 205
bus 0.0018 333 250 499 371
bus 0.0011 0 167 19 207
bus 0.0011 158 169 209 213
bus 0.0010 154 157 241 223
train 0.0013 151 154 293 234
bird 0.0110 354 98 365 107
bird 0.0057 424 76 438 91
bird 0.0027 357 98 369 108
bird 0.0026 349 98 364 110
bird 0.0019 481 61 498 78
chair 0.0013 0 194 16 206
pottedplant 0.0040 424 77 438 91
pottedplant 0.0032 481 65 497 78
