person 0.1817 73 135 89 168
person 0.1126 128 152 142 170
person 0.1011 454 193 464 216
person 0.0799 178 190 210 227
person 0.0553 106 129 118 165
person 0.0444 451 184 465 214
person 0.0434 441 182 456 216
person 0.0284 259 129 284 187
person 0.0184 245 131 273 181
person 0.0181 276 136 320 182
person 0.0177 128 134 144 170
person 0.0175 125 144 141 169
person 0.0174 285 149 315 179
person 0.0149 263 128 304 185
person 0.0136 106 128 133 170
person 0.0136 230 143 243 170
person 0.0131 344 171 359 184
person 0.0129 122 135 135 168
person 0.0127 97 137 109 167
person 0.0098 270 141 294 184
person 0.0094 244 136 254 171
person 0.0088 344 155 372 184
person 0.0082 98 150 109 167
person 0.0071 410 170 418 182
person 0.0069 109 128 118 144
person 0.0060 49 126 66 167
person 0.0040 56 128 72 167
person 0.0039 89 127 109 166
person 0.0029 330 164 357 183
person 0.0028 328 145 354 169
person 0.0025 389 164 399 183
person 0.0024 351 169 372 183
person 0.0023 129 124 140 137
person 0.0022 286 150 297 163
person 0.0021 63 136 85 168
person 0.0020 60 186 71 208
person 0.0019 309 139 328 164
person 0.0018 36 154 43 165
person 0.0018 441 180 452 195
person 0.0017 328 147 338 164
person 0.0017 109 130 120 155
person 0.0015 284 143 293 162
person 0.0014 400 161 418 182
person 0.0014 290 141 313 164
person 0.0012 102 147 115 169
person 0.0012 386 142 408 184
person 0.0011 321 145 338 165
person 0.0011 384 155 399 183
person 0.0011 108 143 117 168
person 0.0011 80 196 87 218
person 0.0010 66 183 83 208
person 0.0010 259 142 272 187
person 0.0010 48 186 61 206
person 0.0010 55 152 67 167
person 0.0010 111 188 130 217
bicycle 0.0025 451 189 463 216
bicycle 0.0010 442 182 461 216
car 0.0040 443 182 462 216
car 0.0021 459 193 498 216
car 0.0020 441 181 454 206
car 0.0019 24 62 464 310
car 0.0016 451 184 465 214
bus 0.9508 30 61 458 311
bus 0.2180 432 83 499 216
train 0.0260 431 83 498 216
chair 0.0205 229 143 244 171
chair 0.0096 97 147 108 168
chair 0.0066 101 133 118 169
chair 0.0044 72 137 89 168
chair 0.0039 93 137 109 168
chair 0.0020 281 150 316 181
chair 0.0018 322 163 354 181
chair 0.0017 244 137 254 171
chair 0.0017 452 192 463 216
chair 0.0016 344 171 359 184
chair 0.0013 102 147 115 169
chair 0.0011 52 148 65 167
chair 0.0010 108 143 117 168
