person 0.9199 -1 36 380 492
person 0.0026 60 264 375 497
person 0.0025 190 2 374 281
person 0.0021 85 43 310 252
person 0.0012 303 54 373 278
person 0.0010 0 257 112 492
bottle 0.2859 44 255 235 481
chair 0.0147 135 0 328 35
chair 0.0128 284 0 360 27
chair 0.0126 133 0 232 27
chair 0.0066 1 187 378 491
chair 0.0064 301 57 374 279
chair 0.0015 221 0 287 34
chair 0.0010 271 41 376 496
sofa 0.0490 -12 6 375 503
sofa 0.0209 0 242 378 497
sofa 0.0055 283 35 374 278
sofa 0.0041 290 45 375 491
sofa 0.0028 0 261 117 496
sofa 0.0028 173 9 375 297
sofa 0.0016 0 260 120 353
sofa 0.0015 207 50 375 495
sofa 0.0010 -7 1 370 258
diningtable 0.0160 16 445 297 497
diningtable 0.0063 14 444 118 498
diningtable 0.0027 43 467 329 498
diningtable 0.0010 9 334 366 497
