person 0.8220 260 306 335 374
person 0.0087 281 306 309 346
person 0.0051 303 328 333 352
person 0.0036 321 325 332 345
person 0.0032 296 329 335 369
person 0.0028 307 334 329 349
person 0.0016 267 323 308 365
person 0.0013 324 327 335 340
person 0.0012 301 337 322 350
car 0.0015 33 21 441 420
motorbike 0.0025 31 22 441 429
aeroplane 0.2031 38 26 358 423
boat 0.6867 35 26 295 427
boat 0.0094 175 342 302 410
boat 0.0041 164 333 188 342
boat 0.0014 257 365 302 409
boat 0.0011 78 337 299 414
bird 0.0072 58 103 76 112
horse 0.0016 32 33 437 411
chair 0.0015 164 333 189 342
