cat 0.0056 406 278 449 334
cat 0.0012 129 324 158 341
dog 0.0031 406 280 449 334
bottle 0.0164 179 367 189 385
bottle 0.0151 166 368 180 394
bottle 0.0151 194 370 205 387
bottle 0.0134 185 369 194 385
bottle 0.0121 110 326 131 370
bottle 0.0039 215 372 228 391
bottle 0.0031 238 382 257 403
bottle 0.0027 16 266 27 284
bottle 0.0017 232 384 243 405
bottle 0.0014 257 384 267 407
bottle 0.0012 264 384 279 401
bottle 0.0011 0 353 12 381
chair 0.7721 0 275 112 449
chair 0.6143 381 369 499 494
chair 0.2058 417 459 499 499
chair 0.1232 1 284 237 498
chair 0.0325 0 336 63 495
chair 0.0101 54 278 112 378
chair 0.0065 46 403 232 495
chair 0.0027 170 375 276 406
chair 0.0023 469 285 499 375
chair 0.0023 118 323 158 365
chair 0.0021 9 343 60 421
chair 0.0019 0 278 103 369
chair 0.0015 1 410 60 497
chair 0.0012 231 257 254 266
chair 0.0011 54 338 111 377
chair 0.0011 138 327 162 361
chair 0.0010 307 274 495 410
sofa 0.9118 165 253 495 409
sofa 0.3197 380 290 499 495
sofa 0.2935 1 311 236 496
sofa 0.2929 1 402 233 496
sofa 0.0411 392 392 500 496
sofa 0.0144 0 277 105 496
sofa 0.0074 417 458 498 498
sofa 0.0038 54 349 390 476
sofa 0.0029 289 291 404 333
sofa 0.0024 0 278 111 381
sofa 0.0012 465 283 498 375
sofa 0.0011 117 360 284 466
pottedplant 0.3558 236 361 285 402
pottedplant 0.0161 250 374 281 404
pottedplant 0.0095 238 382 257 403
pottedplant 0.0079 262 368 283 400
pottedplant 0.0048 264 384 279 401
pottedplant 0.0030 0 336 63 495
pottedplant 0.0030 242 364 261 377
pottedplant 0.0021 124 324 159 364
pottedplant 0.0016 170 375 276 406
pottedplant 0.0014 110 326 131 370
pottedplant 0.0011 252 364 320 380
pottedplant 0.0010 129 324 157 340
pottedplant 0.0010 233 366 254 390
diningtable 0.1491 416 458 499 498
diningtable 0.0305 64 345 376 478
diningtable 0.0139 159 370 274 403
diningtable 0.0046 0 301 274 498
diningtable 0.0027 116 354 287 466
diningtable 0.0023 0 282 109 376
diningtable 0.0022 392 392 500 496
diningtable 0.0021 0 403 235 496
diningtable 0.0018 135 367 282 424
diningtable 0.0016 84 367 163 387
diningtable 0.0012 183 383 219 398
diningtable 0.0011 208 359 251 372
tvmonitor 0.0018 469 284 499 375
