person 0.0896 176 79 189 108
person 0.0213 246 2 342 148
person 0.0192 177 80 187 94
person 0.0041 340 292 404 368
person 0.0034 5 115 27 145
person 0.0022 413 105 443 155
person 0.0020 165 79 189 148
person 0.0018 149 78 176 110
person 0.0017 146 78 191 160
person 0.0011 284 10 306 32
bird 0.0251 246 2 341 148
bird 0.0061 175 80 189 108
bird 0.0013 146 87 191 159
bird 0.0012 303 138 322 149
cat 0.0057 246 3 342 148
dog 0.0141 245 1 342 151
dog 0.0014 147 94 190 154
horse 0.0074 245 0 342 150
horse 0.0027 147 94 190 154
chair 0.0504 323 184 400 244
chair 0.0407 199 183 259 231
chair 0.0036 319 173 416 352
sofa 0.9182 51 220 465 372
sofa 0.0046 101 182 451 251
