person 0.2370 343 0 356 12
person 0.1792 175 0 188 17
person 0.0024 153 0 186 19
person 0.0016 0 158 11 169
person 0.0014 75 -1 189 26
bird 0.1886 175 0 188 17
bird 0.0046 236 53 261 66
bird 0.0028 0 158 10 169
bird 0.0023 343 0 357 11
bird 0.0015 153 0 186 19
bird 0.0012 386 26 397 33
cat 0.0010 175 0 188 18
dog 0.9019 82 38 258 220
dog 0.0528 177 0 188 16
dog 0.0113 343 0 356 11
horse 0.0026 343 0 357 11
horse 0.0011 175 0 188 17
sheep 0.0149 176 0 188 17
sheep 0.0032 80 39 260 225
sheep 0.0014 0 285 18 315
cow 0.0322 175 0 188 17
cow 0.0296 82 42 254 221
cow 0.0216 343 0 357 11
cow 0.0014 75 -1 189 26
chair 0.0028 343 0 356 12
