person 0.9075 -5 15 269 444
person 0.0959 261 36 299 316
person 0.0171 269 42 299 189
person 0.0158 159 26 299 324
person 0.0043 266 155 299 310
person 0.0021 238 183 293 314
person 0.0018 232 52 299 434
person 0.0013 30 185 299 448
bicycle 0.0011 -13 184 303 447
motorbike 0.0081 -15 160 302 445
bus 0.0023 -24 7 303 386
bus 0.0021 128 19 298 337
bottle 0.0011 261 56 300 329
chair 0.0047 271 358 299 448
chair 0.0038 141 375 291 447
chair 0.0011 201 188 268 327
diningtable 0.0027 270 358 298 448
tvmonitor 0.0151 -2 -2 299 244
