person 0.0028 355 0 499 134
bird 0.0050 30 16 428 333
bird 0.0035 328 78 496 287
bird 0.0027 341 85 488 181
bird 0.0019 451 1 499 129
bird 0.0015 359 0 499 133
cat 0.0147 357 0 499 134
cat 0.0038 5 16 497 329
cat 0.0028 352 0 499 298
cat 0.0013 196 -3 498 134
dog 0.0236 357 0 499 134
dog 0.0171 25 29 452 329
dog 0.0142 197 -2 496 138
dog 0.0060 352 0 499 298
dog 0.0012 237 0 441 91
dog 0.0010 448 0 499 134
horse 0.0011 355 0 502 120
sheep 0.1224 354 0 500 132
sheep 0.0816 333 77 501 314
sheep 0.0690 341 25 431 91
sheep 0.0646 225 0 436 93
sheep 0.0643 23 15 497 329
sheep 0.0420 154 0 498 143
sheep 0.0328 448 0 499 134
sheep 0.0204 355 0 420 41
sheep 0.0030 144 0 460 59
sheep 0.0013 306 19 471 181
cow 0.0020 6 17 500 331
cow 0.0015 340 0 502 140
sofa 0.0015 -1 -4 501 336
