person 0.0882 308 260 336 286
person 0.0462 305 262 325 285
person 0.0252 314 86 326 95
person 0.0161 313 87 326 113
person 0.0155 418 291 427 304
person 0.0071 290 259 323 285
person 0.0039 426 290 435 300
person 0.0038 360 288 366 301
person 0.0017 371 308 379 317
person 0.0017 0 287 8 332
person 0.0016 186 275 204 296
person 0.0014 389 287 398 296
bicycle 0.0010 418 292 426 306
car 0.0076 426 290 435 299
car 0.0021 41 264 56 273
car 0.0020 431 301 438 310
car 0.0017 359 288 366 301
car 0.0016 52 266 67 275
car 0.0015 0 287 8 332
train 0.9314 93 182 358 442
train 0.0359 0 274 98 335
train 0.0091 39 273 97 319
train 0.0040 0 288 7 323
train 0.0029 62 272 95 285
train 0.0017 361 281 432 318
train 0.0014 19 280 29 291
train 0.0011 3 288 17 329
bird 0.0050 396 26 410 38
bird 0.0011 314 86 326 95
