person 0.0479 173 106 194 146
person 0.0240 176 122 191 146
person 0.0132 211 133 231 147
person 0.0040 128 113 153 132
person 0.0040 361 82 387 111
person 0.0028 174 109 220 146
person 0.0027 192 113 233 147
person 0.0019 22 92 415 246
person 0.0014 139 114 155 133
person 0.0012 208 131 251 149
person 0.0011 270 134 296 156
car 0.9190 15 92 416 248
car 0.0027 410 187 419 197
car 0.0024 0 177 30 240
car 0.0024 405 171 498 210
car 0.0020 405 176 446 203
car 0.0015 423 175 500 237
car 0.0010 410 185 437 200
motorbike 0.0012 13 93 424 248
bus 0.0159 13 92 419 249
bus 0.0115 53 -4 497 199
bus 0.0033 0 16 42 229
bus 0.0010 1 9 86 240
train 0.0017 8 -11 498 216
