person 0.8469 89 34 218 208
person 0.3457 399 16 408 34
person 0.0858 484 99 498 125
person 0.0844 340 74 349 89
person 0.0606 490 100 499 125
person 0.0461 474 102 492 124
person 0.0237 468 89 499 126
person 0.0188 465 98 479 121
person 0.0122 395 17 404 33
person 0.0065 81 38 149 191
person 0.0064 311 85 339 112
person 0.0061 311 80 340 94
person 0.0057 338 80 365 114
person 0.0055 388 13 398 31
person 0.0053 346 88 363 113
person 0.0049 303 201 499 331
person 0.0042 134 22 146 38
person 0.0039 310 92 324 112
person 0.0037 314 75 365 114
person 0.0037 441 102 459 119
person 0.0036 356 301 453 331
person 0.0029 71 316 149 332
person 0.0029 449 103 460 120
person 0.0028 63 0 71 15
person 0.0026 417 107 445 119
person 0.0020 115 11 126 22
person 0.0019 132 22 150 55
person 0.0016 415 101 459 120
person 0.0015 383 2 398 32
person 0.0015 63 0 100 17
person 0.0015 0 49 14 106
person 0.0013 458 91 475 119
person 0.0011 314 91 354 112
person 0.0011 482 211 499 237
person 0.0010 117 25 151 63
bicycle 0.0030 472 101 495 124
bicycle 0.0020 468 87 499 103
bicycle 0.0017 468 89 498 119
bicycle 0.0016 315 68 338 82
car 0.1502 310 79 363 113
car 0.1027 310 79 339 94
car 0.1000 68 0 100 17
car 0.0987 256 79 364 113
car 0.0640 0 49 17 106
car 0.0299 415 100 460 119
car 0.0249 468 87 499 103
car 0.0245 300 202 499 331
car 0.0171 190 37 225 52
car 0.0164 466 89 499 122
car 0.0110 188 37 256 69
car 0.0107 303 67 340 82
car 0.0102 256 61 291 74
car 0.0081 240 45 292 73
car 0.0079 356 65 457 113
car 0.0069 295 268 503 331
car 0.0068 260 64 347 88
car 0.0059 0 50 9 78
car 0.0049 474 70 499 86
car 0.0043 0 49 14 83
car 0.0042 0 3 26 105
car 0.0040 459 80 497 98
car 0.0037 343 87 364 113
car 0.0036 191 38 207 51
car 0.0034 323 57 364 70
car 0.0033 185 38 294 99
car 0.0031 415 87 472 120
car 0.0031 309 80 334 106
car 0.0030 324 68 338 81
car 0.0029 459 76 498 89
car 0.0026 256 85 321 109
car 0.0024 190 39 233 63
car 0.0023 417 107 445 119
car 0.0023 446 86 471 100
car 0.0022 488 90 499 102
car 0.0020 251 61 291 85
car 0.0020 339 75 349 88
car 0.0019 472 101 495 124
car 0.0018 194 41 293 73
car 0.0017 0 36 24 78
car 0.0017 63 0 71 15
car 0.0016 301 300 481 331
car 0.0015 2 43 160 113
car 0.0015 66 316 148 332
car 0.0014 427 84 466 96
car 0.0013 191 35 204 45
car 0.0012 393 66 455 79
car 0.0011 360 81 409 116
car 0.0010 438 73 455 80
car 0.0010 490 95 499 124
motorbike 0.9186 7 101 290 264
motorbike 0.0193 0 48 17 108
motorbike 0.0172 255 79 363 112
motorbike 0.0081 301 252 499 329
motorbike 0.0060 474 102 492 124
motorbike 0.0051 485 100 499 125
motorbike 0.0027 468 89 498 119
motorbike 0.0025 189 37 257 67
motorbike 0.0020 310 80 364 113
motorbike 0.0017 255 84 326 109
motorbike 0.0011 190 37 225 52
motorbike 0.0010 240 45 292 73
bus 0.0017 125 0 196 75
bus 0.0014 74 1 101 17
bus 0.0010 323 56 364 70
boat 0.0022 415 100 459 120
boat 0.0022 66 316 148 332
boat 0.0010 76 1 100 18
bird 0.0016 134 21 146 38
horse 0.0030 311 80 340 94
horse 0.0011 475 99 498 125
horse 0.0011 399 16 408 34
cow 0.0038 310 79 339 94
chair 0.0048 474 102 492 124
chair 0.0046 317 87 359 113
chair 0.0038 309 79 340 94
chair 0.0035 133 21 146 38
chair 0.0019 66 316 148 332
chair 0.0018 489 100 499 125
chair 0.0016 463 98 481 123
chair 0.0015 417 100 459 119
chair 0.0014 313 260 500 331
chair 0.0011 14 40 112 135
sofa 0.0012 14 41 113 135
pottedplant 0.0133 485 100 499 125
pottedplant 0.0111 471 99 498 125
pottedplant 0.0081 468 89 498 119
pottedplant 0.0066 465 98 479 121
pottedplant 0.0037 474 102 486 124
pottedplant 0.0036 348 88 364 114
pottedplant 0.0032 421 100 459 119
pottedplant 0.0029 443 85 473 118
pottedplant 0.0028 115 13 126 22
pottedplant 0.0028 468 88 495 105
pottedplant 0.0026 322 86 364 113
pottedplant 0.0021 445 85 471 102
pottedplant 0.0019 458 91 475 119
pottedplant 0.0016 441 102 459 119
pottedplant 0.0011 76 1 101 17
diningtable 0.0070 417 100 459 119
diningtable 0.0043 357 65 457 114
diningtable 0.0011 301 227 499 330
