person 0.0545 112 258 125 268
person 0.0258 105 260 117 269
person 0.0126 123 258 133 266
person 0.0115 120 236 130 250
person 0.0109 131 258 145 266
person 0.0041 421 264 436 280
person 0.0032 136 257 152 266
person 0.0028 387 257 401 282
person 0.0026 74 255 93 265
person 0.0024 409 253 424 261
person 0.0019 443 248 468 261
person 0.0017 390 260 421 282
person 0.0013 97 246 109 254
person 0.0013 0 89 7 101
person 0.0013 158 239 164 253
person 0.0012 352 257 383 282
person 0.0011 143 238 151 252
bicycle 0.0715 421 264 435 280
bicycle 0.0237 432 261 452 279
bicycle 0.0021 410 262 437 281
bicycle 0.0016 437 264 461 279
bicycle 0.0010 400 267 422 282
car 0.9240 45 251 176 298
car 0.8998 14 251 97 292
car 0.8813 481 250 499 269
car 0.8759 236 253 302 277
car 0.8450 188 252 226 273
car 0.8432 0 252 35 280
car 0.8143 209 247 263 274
car 0.7433 276 248 315 264
car 0.6678 305 253 370 281
car 0.4957 351 253 394 282
car 0.4123 303 253 342 276
car 0.4030 417 251 443 260
car 0.1955 226 249 271 266
car 0.1805 441 247 469 261
car 0.0754 359 253 393 264
car 0.0692 471 251 484 261
car 0.0372 434 254 473 279
car 0.0352 421 264 436 280
car 0.0234 334 243 382 255
car 0.0190 276 249 302 260
car 0.0165 235 248 272 259
car 0.0153 336 244 367 253
car 0.0136 409 253 424 261
car 0.0128 364 252 393 260
car 0.0113 420 260 452 281
car 0.0066 437 264 461 279
car 0.0062 338 234 415 257
car 0.0061 431 237 470 261
car 0.0060 69 254 94 264
car 0.0054 405 261 440 281
car 0.0051 447 261 472 275
car 0.0048 390 263 422 283
car 0.0047 14 262 34 283
car 0.0041 45 262 90 293
car 0.0038 293 248 318 261
car 0.0038 304 252 334 266
car 0.0038 210 253 230 274
car 0.0036 332 255 367 279
car 0.0030 305 247 362 265
car 0.0029 54 253 93 271
car 0.0020 350 256 371 280
car 0.0020 355 230 381 238
car 0.0020 187 253 207 268
car 0.0019 365 247 407 259
car 0.0017 433 262 449 279
car 0.0016 362 254 476 287
car 0.0010 338 238 373 251
motorbike 0.0160 421 264 435 280
motorbike 0.0017 432 261 452 279
motorbike 0.0013 410 262 437 281
motorbike 0.0011 426 259 472 278
bus 0.2363 429 234 471 260
bus 0.0141 436 244 468 260
bus 0.0087 359 231 416 257
bus 0.0073 336 239 381 253
bus 0.0023 434 254 473 279
bus 0.0023 344 231 387 253
bus 0.0019 481 250 499 269
bus 0.0018 351 254 392 282
bus 0.0016 355 230 381 238
bus 0.0011 417 250 442 259
bus 0.0010 446 236 468 253
bus 0.0010 337 246 379 256
train 0.0013 429 235 470 258
boat 0.0023 390 261 422 282
boat 0.0014 438 261 473 280
boat 0.0014 354 230 380 238
cow 0.0017 351 256 389 282
chair 0.0128 390 264 421 282
chair 0.0085 351 256 389 282
chair 0.0080 432 261 452 279
chair 0.0073 421 265 436 281
chair 0.0069 437 264 461 279
chair 0.0032 444 261 472 280
chair 0.0015 377 270 391 282
diningtable 0.0035 390 263 421 283
