person 0.9391 1 65 221 370
person 0.0229 461 297 499 371
person 0.0178 148 81 166 111
person 0.0125 223 38 235 73
person 0.0114 33 0 85 19
person 0.0095 80 0 104 17
person 0.0027 128 62 168 114
person 0.0022 462 207 498 374
person 0.0021 139 83 158 115
person 0.0017 220 2 235 75
person 0.0016 70 68 185 141
car 0.0028 462 297 499 373
car 0.0013 -26 17 460 374
bus 0.0066 -8 -4 500 273
train 0.0710 -11 -2 491 284
train 0.0019 59 77 482 240
train 0.0011 10 56 292 367
dog 0.0018 462 297 499 372
chair 0.0504 408 50 474 102
chair 0.0117 408 51 437 89
chair 0.0115 403 47 500 161
chair 0.0089 462 296 499 373
chair 0.0087 410 71 473 96
chair 0.0026 439 41 481 84
chair 0.0024 417 84 473 99
chair 0.0022 447 65 471 77
chair 0.0012 417 53 435 81
chair 0.0012 403 54 427 94
chair 0.0012 455 71 498 157
chair 0.0010 38 82 480 344
chair 0.0010 75 81 86 107
sofa 0.1354 462 297 499 373
sofa 0.0020 117 87 492 341
pottedplant 0.0013 403 54 427 94
diningtable 0.0019 139 90 488 236
diningtable 0.0019 462 295 499 372
diningtable 0.0012 441 67 499 155
tvmonitor 0.1067 39 78 476 251
tvmonitor 0.0226 475 25 499 71
tvmonitor 0.0178 354 58 388 92
tvmonitor 0.0111 -26 1 491 326
tvmonitor 0.0033 476 49 499 71
tvmonitor 0.0025 34 0 91 22
tvmonitor 0.0021 344 2 419 95
tvmonitor 0.0012 352 0 412 42
