person 0.9284 397 106 494 334
person 0.8339 87 110 153 181
person 0.5306 486 136 499 264
person 0.2228 314 124 341 163
person 0.1490 214 144 255 244
person 0.0537 485 135 499 183
person 0.0483 204 144 218 177
person 0.0447 488 193 499 261
person 0.0442 40 120 73 160
person 0.0348 478 122 499 321
person 0.0339 350 126 358 149
person 0.0164 194 160 206 179
person 0.0158 350 123 381 154
person 0.0136 216 152 248 202
person 0.0120 488 140 499 218
person 0.0100 362 114 389 162
person 0.0097 233 161 257 245
person 0.0096 426 122 437 135
person 0.0089 457 123 467 138
person 0.0081 365 125 383 155
person 0.0080 198 160 212 179
person 0.0076 489 131 499 152
person 0.0074 382 116 401 156
person 0.0065 376 117 392 163
person 0.0059 430 121 438 133
person 0.0053 151 130 207 187
person 0.0052 463 127 484 151
person 0.0048 0 271 27 331
person 0.0046 310 123 323 152
person 0.0046 6 173 24 203
person 0.0043 207 143 233 183
person 0.0043 194 165 219 203
person 0.0042 457 123 479 148
person 0.0040 366 104 384 150
person 0.0039 41 106 78 147
person 0.0034 486 191 499 308
person 0.0033 422 124 436 138
person 0.0031 8 173 22 186
person 0.0028 380 148 391 161
person 0.0026 366 99 382 130
person 0.0022 105 81 161 161
person 0.0022 432 106 462 134
person 0.0019 379 136 391 160
person 0.0018 22 123 63 155
person 0.0017 315 124 330 139
person 0.0015 490 129 499 142
person 0.0015 4 124 24 207
person 0.0015 420 128 433 141
person 0.0015 380 115 398 126
person 0.0014 154 133 177 163
person 0.0014 350 105 374 150
person 0.0013 406 137 416 149
person 0.0013 342 125 358 152
person 0.0013 81 127 95 150
person 0.0013 48 123 85 150
person 0.0013 472 136 496 255
person 0.0013 88 163 110 189
person 0.0012 8 113 78 165
person 0.0012 216 160 229 202
person 0.0011 448 136 499 264
person 0.0011 202 164 218 187
bicycle 0.0057 0 273 27 330
car 0.5466 0 243 81 334
car 0.0226 0 70 83 334
car 0.0161 0 273 27 330
car 0.0023 484 140 499 256
motorbike 0.0031 0 244 80 332
bus 0.9498 0 -2 490 319
bus 0.0037 0 65 77 328
bus 0.0023 0 243 82 334
bottle 0.0015 464 263 476 289
chair 0.0331 315 132 341 160
chair 0.0030 349 126 358 150
chair 0.0021 195 175 220 204
chair 0.0020 349 124 383 157
chair 0.0013 314 135 351 171
chair 0.0012 343 150 361 162
pottedplant 0.0010 0 271 27 331
diningtable 0.0010 195 167 219 203
