car 0.0036 231 72 249 81
car 0.0018 389 65 405 72
bird 0.0018 323 115 352 153
horse 0.0096 388 65 405 73
sheep 0.9422 84 127 225 296
sheep 0.9362 406 141 499 285
sheep 0.9159 0 104 108 240
sheep 0.8603 238 131 341 307
sheep 0.2508 273 111 363 179
sheep 0.1901 274 110 324 149
sheep 0.1597 408 135 482 159
sheep 0.1509 237 109 324 160
sheep 0.0953 323 115 361 154
sheep 0.0859 408 136 438 153
sheep 0.0777 237 134 273 156
sheep 0.0743 289 113 358 154
sheep 0.0682 400 121 441 139
sheep 0.0570 83 125 156 147
sheep 0.0568 450 139 479 161
sheep 0.0548 404 123 464 141
sheep 0.0494 458 132 485 144
sheep 0.0318 412 125 481 147
sheep 0.0302 431 126 457 140
sheep 0.0266 414 129 456 150
sheep 0.0258 438 125 487 142
sheep 0.0248 423 139 493 167
sheep 0.0185 239 128 293 155
sheep 0.0185 243 112 353 205
sheep 0.0180 450 140 499 179
sheep 0.0169 117 126 156 144
sheep 0.0161 20 100 419 312
sheep 0.0161 82 123 108 148
sheep 0.0124 488 116 499 141
sheep 0.0121 6 108 108 148
sheep 0.0113 443 132 481 153
sheep 0.0104 437 123 462 135
sheep 0.0096 460 114 498 141
sheep 0.0094 456 114 475 127
sheep 0.0091 281 139 313 160
sheep 0.0078 279 113 365 240
sheep 0.0076 409 137 482 180
sheep 0.0074 435 114 459 124
sheep 0.0072 231 71 249 80
sheep 0.0070 388 65 405 73
sheep 0.0067 79 124 157 187
sheep 0.0064 398 126 415 137
sheep 0.0052 239 126 319 194
sheep 0.0048 338 136 364 155
sheep 0.0048 218 100 518 295
sheep 0.0046 324 115 351 141
sheep 0.0035 47 124 109 147
sheep 0.0031 2 105 33 120
sheep 0.0031 471 109 498 133
sheep 0.0025 50 125 161 224
sheep 0.0025 -11 115 200 252
sheep 0.0024 43 110 375 194
sheep 0.0022 359 109 371 116
sheep 0.0019 456 153 498 173
sheep 0.0018 0 104 34 147
sheep 0.0017 9 18 22 31
sheep 0.0016 275 124 297 146
sheep 0.0013 462 160 499 180
sheep 0.0010 300 120 338 179
sheep 0.0010 247 138 315 170
cow 0.0180 388 65 405 73
cow 0.0011 408 136 480 160
