person 0.7612 27 109 47 186
person 0.6551 321 109 347 198
person 0.5281 46 108 65 189
person 0.0218 48 108 63 149
person 0.0054 50 108 62 132
person 0.0046 28 112 44 149
person 0.0030 31 110 45 129
person 0.0017 52 107 62 122
bottle 0.0036 45 108 65 187
bottle 0.0033 321 109 347 198
bottle 0.0023 327 166 346 198
chair 0.9119 47 187 195 414
chair 0.3199 55 184 156 263
chair 0.0538 61 181 147 228
chair 0.0387 66 181 92 195
chair 0.0204 85 226 155 263
chair 0.0110 60 183 95 217
chair 0.0103 126 188 196 273
chair 0.0092 126 178 198 390
chair 0.0081 10 155 28 181
chair 0.0079 158 248 194 274
chair 0.0033 14 141 32 181
chair 0.0028 90 220 141 234
chair 0.0026 89 188 129 221
chair 0.0024 154 229 195 398
chair 0.0023 59 180 128 210
chair 0.0022 155 234 194 261
chair 0.0020 158 249 192 261
chair 0.0017 27 138 46 186
chair 0.0016 126 176 271 487
chair 0.0015 323 126 346 198
chair 0.0013 327 167 346 198
chair 0.0011 84 256 183 291
sofa 0.0016 10 155 28 181
sofa 0.0010 48 187 196 413
pottedplant 0.4337 301 167 323 197
pottedplant 0.0084 322 114 347 198
pottedplant 0.0031 325 168 347 199
pottedplant 0.0024 302 174 312 197
pottedplant 0.0024 298 43 345 197
pottedplant 0.0016 309 186 325 198
pottedplant 0.0014 304 178 319 195
diningtable 0.5720 118 175 347 485
diningtable 0.2965 121 182 326 227
diningtable 0.0163 113 183 367 272
diningtable 0.0055 209 215 340 270
diningtable 0.0038 126 185 199 266
diningtable 0.0025 204 188 344 229
diningtable 0.0022 104 199 199 427
diningtable 0.0015 224 225 346 299
diningtable 0.0014 10 144 31 182
diningtable 0.0011 121 175 237 377
tvmonitor 0.0052 252 100 305 157
tvmonitor 0.0019 68 182 89 192
tvmonitor 0.0017 29 97 46 121
