person 0.0284 275 250 289 262
person 0.0191 267 250 280 262
person 0.0056 185 254 196 265
person 0.0056 281 249 294 261
person 0.0048 228 234 241 260
person 0.0045 307 249 322 263
person 0.0044 277 151 292 182
person 0.0042 227 231 250 260
person 0.0033 187 252 202 264
person 0.0031 317 250 331 262
person 0.0027 147 251 163 264
person 0.0024 311 175 320 186
person 0.0020 308 173 316 186
person 0.0019 65 251 85 267
person 0.0019 264 248 288 264
person 0.0018 202 252 221 262
person 0.0017 293 170 308 185
person 0.0014 330 169 339 183
person 0.0013 303 170 314 185
person 0.0011 376 237 389 247
person 0.0011 59 252 76 268
bicycle 0.0039 227 229 257 260
bicycle 0.0028 228 237 246 261
car 0.9420 361 240 470 308
car 0.9339 201 241 354 316
car 0.9308 69 242 234 316
car 0.9212 0 246 124 308
car 0.8704 473 223 499 304
car 0.6729 0 233 28 272
car 0.0829 227 229 257 260
car 0.0444 227 228 291 260
car 0.0053 245 228 287 252
car 0.0047 0 229 30 308
car 0.0026 0 158 243 252
car 0.0023 220 237 340 263
car 0.0023 141 236 209 246
car 0.0020 460 241 478 296
car 0.0018 228 234 241 260
car 0.0013 376 237 389 247
car 0.0012 124 242 228 263
car 0.0011 456 222 489 265
motorbike 0.0015 227 229 257 260
aeroplane 0.0116 2 156 242 260
bus 0.0753 0 158 243 252
bus 0.0081 243 146 496 256
train 0.0843 0 157 242 260
train 0.0749 245 148 499 260
train 0.0021 0 137 473 271
boat 0.0040 0 158 243 252
