person 0.0022 0 0 162 163
bicycle 0.0061 0 -4 163 253
car 0.0140 0 -3 150 261
car 0.0058 -2 286 496 372
car 0.0037 0 16 72 272
car 0.0024 0 146 64 274
cat 0.8529 16 13 502 361
cat 0.0310 12 30 291 297
cat 0.0020 117 231 486 354
dog 0.0018 32 13 501 360
chair 0.1518 0 -4 161 250
chair 0.0228 0 53 63 247
chair 0.0067 -5 0 163 96
chair 0.0060 1 76 52 163
chair 0.0044 1 -2 303 312
chair 0.0020 4 -1 505 377
chair 0.0017 5 106 45 162
chair 0.0011 0 150 66 272
sofa 0.0099 4 -1 505 377
sofa 0.0023 1 -2 303 312
sofa 0.0017 1 64 61 249
sofa 0.0013 4 -2 145 268
sofa 0.0012 0 218 498 372
pottedplant 0.0024 4 -2 145 268
pottedplant 0.0015 8 9 498 356
pottedplant 0.0010 0 8 79 269
diningtable 0.0221 0 272 496 369
diningtable 0.0103 -1 94 506 369
diningtable 0.0010 0 250 218 373
tvmonitor 0.0045 4 -1 505 377
