person 0.0152 364 248 375 328
person 0.0024 362 245 373 362
person 0.0020 90 11 302 456
person 0.0018 342 248 376 349
person 0.0012 0 23 22 63
car 0.0022 1 3 47 46
car 0.0021 2 7 65 63
car 0.0015 15 28 43 61
cat 0.0040 363 249 374 327
dog 0.0027 363 249 374 327
chair 0.3269 85 17 295 454
chair 0.0427 366 248 374 327
chair 0.0081 362 245 373 362
chair 0.0038 367 249 374 274
chair 0.0026 -1 13 97 267
chair 0.0024 352 249 374 328
chair 0.0019 97 152 279 343
chair 0.0015 349 241 374 383
sofa 0.0447 363 249 374 327
sofa 0.0049 89 14 298 420
sofa 0.0016 353 249 374 328
sofa 0.0015 367 248 374 300
sofa 0.0014 342 248 376 349
sofa 0.0010 322 20 374 189
diningtable 0.0031 88 24 296 456
tvmonitor 0.0507 81 11 300 358
tvmonitor 0.0126 86 14 298 189
