person 0.9132 363 65 460 271
person 0.0127 185 91 194 113
person 0.0018 104 188 117 238
person 0.0016 75 223 99 253
person 0.0011 105 183 135 243
bird 0.0026 185 91 194 112
cat 0.0041 185 91 193 113
dog 0.0012 75 223 99 253
bottle 0.0144 185 91 194 112
bottle 0.0010 309 83 321 96
chair 0.0041 75 223 99 253
chair 0.0026 87 180 139 252
chair 0.0023 108 187 134 242
chair 0.0018 103 191 116 236
chair 0.0014 51 220 79 279
chair 0.0013 64 222 94 257
sofa 0.0111 42 175 142 290
pottedplant 0.8495 0 181 85 303
pottedplant 0.0647 34 184 99 285
pottedplant 0.0426 46 221 98 280
pottedplant 0.0119 75 223 99 254
pottedplant 0.0079 8 175 143 293
pottedplant 0.0047 63 180 139 265
pottedplant 0.0032 0 194 43 301
pottedplant 0.0026 57 222 82 272
pottedplant 0.0025 46 182 79 220
pottedplant 0.0022 64 222 94 257
pottedplant 0.0017 1 181 79 244
pottedplant 0.0016 0 262 40 302
pottedplant 0.0015 185 91 194 113
pottedplant 0.0011 309 82 333 99
pottedplant 0.0011 45 181 86 261
diningtable 0.0039 3 241 508 372
