person 0.7282 247 111 297 151
person 0.6229 317 107 379 149
person 0.0144 289 120 310 147
person 0.0104 242 115 275 152
person 0.0050 346 116 379 147
person 0.0050 318 121 344 149
person 0.0047 331 107 361 135
person 0.0043 240 130 262 152
person 0.0040 44 210 55 236
person 0.0037 10 213 28 244
person 0.0033 223 95 394 153
person 0.0033 358 107 388 151
person 0.0029 286 111 336 150
person 0.0017 308 109 333 149
person 0.0017 361 133 377 146
person 0.0013 432 204 442 227
person 0.0011 318 134 338 149
person 0.0010 46 220 55 236
car 0.9335 199 91 435 260
car 0.8916 72 193 139 236
car 0.7308 184 192 202 233
car 0.4299 479 181 499 227
car 0.3197 0 205 45 237
car 0.0148 439 176 498 226
car 0.0129 187 190 236 235
car 0.0114 146 207 158 221
car 0.0091 72 212 85 235
car 0.0085 447 215 467 226
car 0.0079 43 205 79 226
car 0.0058 138 205 158 223
car 0.0037 149 202 186 223
car 0.0035 201 97 312 260
car 0.0031 443 202 497 224
car 0.0023 44 210 56 234
car 0.0023 481 202 498 227
car 0.0016 68 210 80 224
car 0.0015 189 194 269 249
car 0.0012 35 213 55 236
car 0.0011 166 207 184 223
car 0.0010 431 205 440 227
bus 0.0030 476 176 499 228
bus 0.0014 198 90 436 260
bird 0.0012 315 111 381 150
cat 0.0018 317 107 368 149
dog 0.3062 316 107 379 150
dog 0.0017 229 100 389 163
dog 0.0013 318 121 344 149
horse 0.0014 318 106 370 150
pottedplant 0.0027 10 213 28 244
pottedplant 0.0025 46 221 55 236
pottedplant 0.0013 44 210 55 236
