person 0.0117 239 104 297 147
person 0.0090 244 129 273 146
person 0.0078 232 11 259 96
person 0.0052 240 106 267 123
person 0.0042 235 34 253 91
person 0.0037 0 0 143 142
person 0.0031 253 128 302 149
person 0.0029 243 37 279 98
person 0.0013 488 99 499 123
person 0.0013 253 108 282 123
person 0.0012 264 47 278 97
person 0.0012 472 98 498 198
person 0.0011 182 0 257 94
person 0.0010 233 2 284 99
person 0.0010 378 9 497 204
car 0.9415 38 92 455 258
car 0.8832 0 170 29 234
car 0.4335 464 101 499 229
car 0.0923 380 113 485 194
car 0.0895 476 105 499 184
car 0.0149 232 8 279 98
car 0.0077 463 168 498 228
car 0.0074 248 42 276 92
car 0.0060 1 182 77 253
car 0.0058 232 9 256 93
car 0.0039 221 -12 498 191
car 0.0014 29 1 474 167
car 0.0010 233 13 254 49
bus 0.0061 220 0 494 197
bus 0.0035 50 0 474 146
bus 0.0013 232 8 279 98
bus 0.0010 381 114 487 193
bottle 0.0013 232 6 257 91
pottedplant 0.0029 380 114 485 195
