person 0.7914 26 85 119 204
person 0.0072 11 34 28 57
person 0.0027 28 86 90 153
person 0.0022 88 97 282 298
person 0.0018 129 186 141 206
person 0.0013 313 45 327 64
person 0.0013 124 169 204 284
person 0.0012 221 179 249 195
bicycle 0.0806 31 179 206 296
bicycle 0.0026 129 206 200 296
car 0.0125 276 22 389 75
car 0.0024 468 41 488 52
car 0.0014 182 21 408 83
car 0.0010 450 38 493 54
bus 0.0076 276 23 388 76
bus 0.0025 5 16 425 118
bus 0.0011 172 20 408 100
dog 0.0021 81 40 439 278
horse 0.9037 49 28 462 296
horse 0.0351 67 106 271 289
horse 0.0030 253 23 453 271
chair 0.0020 11 34 28 57
chair 0.0018 30 170 204 296
