person 0.8720 143 22 393 458
bicycle 0.0956 135 273 417 453
bicycle 0.0021 135 310 210 450
chair 0.8855 239 161 471 463
chair 0.1326 135 273 417 453
chair 0.0255 146 81 405 463
chair 0.0159 319 164 458 356
chair 0.0158 238 320 397 462
chair 0.0086 119 152 464 373
chair 0.0081 229 236 387 432
chair 0.0071 238 328 313 414
chair 0.0054 135 320 187 447
chair 0.0045 134 247 221 453
chair 0.0034 167 212 339 445
chair 0.0019 133 313 268 455
chair 0.0010 185 315 314 410
sofa 0.0225 162 160 475 442
sofa 0.0037 319 164 458 368
