person 0.3341 52 231 60 255
person 0.0525 325 217 332 239
person 0.0419 83 218 91 240
person 0.0073 438 209 445 219
person 0.0032 53 235 64 255
person 0.0030 491 210 498 240
person 0.0025 51 195 60 206
person 0.0012 185 203 192 216
bicycle 0.0012 325 220 332 240
car 0.0187 423 223 466 241
car 0.0099 423 231 464 247
car 0.0054 491 212 498 227
car 0.0022 35 217 43 225
car 0.0020 435 218 468 237
car 0.0015 404 214 427 227
car 0.0014 50 198 61 217
bus 0.0094 107 194 144 245
bus 0.0017 359 206 405 226
train 0.9068 106 193 144 248
train 0.0128 357 207 404 225
train 0.0038 358 201 434 226
train 0.0030 145 203 211 245
train 0.0029 145 206 180 239
train 0.0020 90 162 434 284
train 0.0011 355 207 470 233
bottle 0.0016 184 181 192 202
