person 0.0799 415 206 424 215
person 0.0026 372 174 384 187
person 0.0014 429 210 438 217
bicycle 0.0092 415 206 424 215
bicycle 0.0016 429 210 438 217
car 0.0803 34 210 43 217
car 0.0090 30 201 46 210
car 0.0070 33 205 53 216
car 0.0022 415 206 424 215
car 0.0012 429 210 438 217
motorbike 0.0083 415 206 424 215
motorbike 0.0011 429 210 438 217
bus 0.0036 29 200 45 208
bus 0.0022 460 211 474 233
bus 0.0017 74 148 406 277
bus 0.0016 30 199 51 210
bus 0.0011 33 209 43 215
train 0.9268 77 148 405 278
train 0.0023 460 211 474 233
bird 0.0024 415 206 424 215
horse 0.0058 415 206 424 215
horse 0.0020 429 210 438 217
cow 0.0084 415 206 424 215
cow 0.0026 429 210 438 217
