person 0.0082 267 192 276 203
person 0.0058 365 189 412 229
car 0.4318 50 187 84 207
car 0.0636 455 188 486 232
car 0.0505 366 190 412 227
car 0.0078 124 189 136 199
car 0.0044 410 184 485 233
car 0.0029 363 182 440 228
car 0.0017 160 189 192 200
car 0.0014 50 188 68 206
car 0.0013 190 188 214 204
car 0.0010 118 189 142 201
aeroplane 0.8302 15 107 485 291
aeroplane 0.0259 313 173 485 234
aeroplane 0.0057 243 132 484 227
aeroplane 0.0048 239 179 487 296
aeroplane 0.0034 114 184 227 207
aeroplane 0.0031 155 188 208 207
aeroplane 0.0026 184 187 213 205
aeroplane 0.0025 23 177 206 209
aeroplane 0.0021 8 150 228 208
aeroplane 0.0019 355 186 434 227
aeroplane 0.0013 118 189 142 201
aeroplane 0.0011 34 170 311 206
bus 0.0074 49 188 84 207
