person 0.9309 161 15 390 372
person 0.0449 415 251 498 370
person 0.0155 298 -2 500 372
person 0.0123 361 107 499 366
person 0.0067 367 148 497 277
person 0.0036 366 269 414 370
person 0.0017 139 -1 286 124
car 0.0040 62 67 103 85
car 0.0015 77 67 101 79
car 0.0013 34 49 54 60
cat 0.5908 252 123 306 268
cat 0.0011 250 107 353 271
dog 0.0748 252 128 314 272
dog 0.0228 252 120 305 216
bottle 0.0964 466 78 497 116
bottle 0.0226 52 28 70 62
bottle 0.0213 472 78 493 95
bottle 0.0158 491 77 499 99
bottle 0.0072 462 48 486 100
bottle 0.0034 252 128 308 279
bottle 0.0030 468 77 490 104
bottle 0.0022 80 42 118 63
bottle 0.0015 86 47 125 67
bottle 0.0010 251 131 336 329
chair 0.1922 0 0 131 50
chair 0.0215 408 252 499 373
chair 0.0154 299 -6 483 170
chair 0.0116 140 39 452 372
chair 0.0113 398 114 499 177
chair 0.0038 140 -7 302 125
chair 0.0036 364 269 413 371
chair 0.0027 369 339 417 374
chair 0.0017 370 105 499 289
chair 0.0015 87 0 137 51
sofa 0.7534 0 0 139 54
sofa 0.6934 144 -3 491 183
sofa 0.3646 84 14 503 374
sofa 0.0879 319 50 500 370
sofa 0.0601 139 -1 286 124
sofa 0.0399 397 114 499 176
sofa 0.0356 410 251 499 373
sofa 0.0308 18 24 94 52
sofa 0.0113 367 148 497 277
sofa 0.0052 5 0 142 131
sofa 0.0031 37 -7 399 254
sofa 0.0017 133 0 186 90
sofa 0.0015 316 51 496 202
sofa 0.0013 299 -6 483 170
sofa 0.0011 -10 -2 321 126
sofa 0.0011 153 0 274 47
sofa 0.0010 260 -1 473 63
pottedplant 0.0015 466 78 497 116
diningtable 0.0436 428 79 499 120
diningtable 0.0129 398 76 499 178
diningtable 0.0019 458 76 498 117
