person 0.5773 312 124 367 189
person 0.1609 255 126 299 194
person 0.1011 311 152 341 190
person 0.0695 267 120 298 165
person 0.0664 290 126 319 168
person 0.0605 326 125 365 159
person 0.0277 279 130 299 164
person 0.0219 388 156 400 189
person 0.0150 346 142 382 187
person 0.0080 251 119 277 155
person 0.0076 395 165 418 191
person 0.0066 246 154 278 197
person 0.0055 268 120 291 148
person 0.0046 251 130 287 171
person 0.0046 249 132 272 164
person 0.0040 294 134 324 178
person 0.0033 223 135 274 198
person 0.0031 328 124 349 146
person 0.0025 140 137 165 165
person 0.0017 389 157 415 186
person 0.0017 334 154 368 186
person 0.0016 350 158 373 187
person 0.0016 245 175 259 197
person 0.0015 349 138 370 159
person 0.0014 208 137 233 194
person 0.0014 243 135 262 189
person 0.0013 223 159 258 199
person 0.0011 343 126 371 162
person 0.0010 308 125 334 154
bus 0.9551 72 64 399 290
bus 0.8866 378 97 447 262
