person 0.6267 306 187 322 210
person 0.6122 179 174 194 197
person 0.5217 387 181 402 195
person 0.3821 398 178 410 194
person 0.2945 223 205 232 218
person 0.2410 380 121 390 138
person 0.2365 341 171 353 202
person 0.2230 209 180 223 199
person 0.1583 243 189 253 201
person 0.1343 246 189 256 202
person 0.0937 129 182 138 193
person 0.0814 205 204 213 216
person 0.0781 217 206 225 218
person 0.0778 400 127 410 138
person 0.0714 214 206 222 217
person 0.0682 61 173 71 185
person 0.0656 385 121 397 138
person 0.0511 315 187 325 206
person 0.0498 241 189 249 201
person 0.0491 359 177 374 204
person 0.0441 411 180 420 194
person 0.0344 57 173 66 185
person 0.0323 164 201 171 211
person 0.0258 262 187 272 202
person 0.0253 272 188 280 203
person 0.0249 125 177 138 195
person 0.0232 362 174 377 196
person 0.0225 366 176 379 208
person 0.0223 413 178 424 192
person 0.0219 204 181 212 200
person 0.0215 364 124 373 139
person 0.0212 425 184 434 193
person 0.0187 287 186 300 205
person 0.0172 423 124 433 139
person 0.0156 221 184 230 199
person 0.0145 391 178 406 195
person 0.0136 86 170 94 189
person 0.0131 371 188 381 212
person 0.0129 366 130 374 139
person 0.0127 409 122 424 138
person 0.0126 266 187 277 204
person 0.0123 370 128 380 139
person 0.0115 248 191 260 203
person 0.0103 179 186 188 197
person 0.0098 316 120 326 131
person 0.0093 363 130 371 139
person 0.0090 139 178 149 193
person 0.0085 407 127 418 138
person 0.0082 367 119 376 138
person 0.0079 274 188 286 204
person 0.0077 396 101 405 109
person 0.0076 50 173 59 184
person 0.0074 368 173 379 194
person 0.0071 349 120 363 139
person 0.0070 321 120 330 131
person 0.0067 342 187 355 213
person 0.0067 460 130 468 139
person 0.0066 167 178 176 194
person 0.0063 6 160 19 176
person 0.0061 485 131 495 138
person 0.0059 413 125 431 139
person 0.0058 293 182 307 204
person 0.0056 155 200 163 210
person 0.0056 342 170 366 209
person 0.0054 182 182 194 197
person 0.0053 225 190 232 200
person 0.0051 478 173 487 191
person 0.0047 199 177 211 198
person 0.0043 226 188 237 200
person 0.0042 464 129 472 138
person 0.0039 356 118 370 138
person 0.0038 121 180 129 192
person 0.0034 319 184 333 204
person 0.0034 433 183 442 193
person 0.0034 76 167 94 190
person 0.0034 12 161 24 173
person 0.0033 326 181 337 203
person 0.0028 488 130 498 139
person 0.0028 442 183 451 192
person 0.0028 333 174 352 208
person 0.0028 342 198 355 216
person 0.0028 44 169 53 184
person 0.0027 53 173 62 184
person 0.0026 1 165 14 183
person 0.0025 173 184 187 197
person 0.0025 305 183 316 198
person 0.0024 424 178 434 194
person 0.0023 148 186 157 195
person 0.0022 350 112 394 141
person 0.0021 146 175 155 193
person 0.0020 86 165 94 181
person 0.0020 163 186 175 196
person 0.0020 151 200 160 210
person 0.0020 462 126 475 137
person 0.0020 34 168 42 180
person 0.0019 363 115 373 133
person 0.0019 193 179 202 198
person 0.0017 420 182 437 204
person 0.0017 373 174 391 196
person 0.0017 316 171 354 209
car 0.0519 15 93 57 103
car 0.0011 0 158 41 199
car 0.0010 192 136 202 143
bus 0.9247 303 105 500 236
bus 0.9178 42 143 389 251
bus 0.9074 0 135 70 199
bus 0.0090 0 155 39 199
bus 0.0044 10 134 70 153
bus 0.0025 15 93 57 103
bus 0.0019 0 94 18 148
bus 0.0019 45 148 106 183
bus 0.0018 1 165 14 183
bus 0.0018 288 164 369 235
bus 0.0017 301 120 385 246
bus 0.0017 99 170 272 239
bus 0.0013 1 163 27 194
bus 0.0013 317 107 474 152
bus 0.0012 405 164 477 212
bus 0.0011 40 142 233 232
train 0.0031 33 141 383 250
train 0.0013 305 106 499 236
boat 0.0011 22 95 57 103
bottle 0.0025 382 122 390 137
chair 0.0013 400 127 410 138
