person 0.0172 66 49 93 82
person 0.0136 61 56 97 107
person 0.0086 76 62 94 81
person 0.0057 57 52 102 197
person 0.0037 53 66 70 120
person 0.0022 63 54 75 80
person 0.0021 275 35 323 95
bicycle 0.2359 64 121 325 282
bicycle 0.1226 481 168 499 225
bicycle 0.0912 64 146 103 202
bicycle 0.0356 284 65 319 95
bicycle 0.0275 81 156 102 200
bicycle 0.0240 71 121 118 201
bicycle 0.0231 245 52 281 94
bicycle 0.0201 235 52 284 184
bicycle 0.0181 231 124 300 188
bicycle 0.0149 46 150 103 224
bicycle 0.0146 259 140 313 190
bicycle 0.0119 262 97 416 212
bicycle 0.0116 260 153 296 190
bicycle 0.0113 189 124 258 237
bicycle 0.0104 63 196 143 279
bicycle 0.0093 253 102 331 190
bicycle 0.0092 198 131 263 192
bicycle 0.0083 241 33 321 96
bicycle 0.0078 56 145 128 270
bicycle 0.0059 146 123 181 192
bicycle 0.0056 278 44 321 96
bicycle 0.0052 187 52 276 207
bicycle 0.0051 81 151 122 201
bicycle 0.0043 53 107 108 207
bicycle 0.0037 126 122 229 241
bicycle 0.0036 264 72 289 95
bicycle 0.0036 195 132 320 243
bicycle 0.0032 236 144 261 184
bicycle 0.0030 96 161 121 199
bicycle 0.0030 262 172 326 230
bicycle 0.0024 278 70 290 95
bicycle 0.0017 100 183 119 198
bicycle 0.0014 267 127 306 149
bicycle 0.0013 260 43 292 97
bicycle 0.0012 293 175 320 202
bicycle 0.0012 263 81 281 94
bicycle 0.0012 258 74 281 94
bicycle 0.0010 88 67 388 254
car 0.0356 481 169 499 225
car 0.0029 474 125 499 225
car 0.0014 492 99 499 122
car 0.0011 63 120 321 281
car 0.0010 203 59 239 130
motorbike 0.9324 260 97 415 213
motorbike 0.8949 63 121 325 278
motorbike 0.0771 481 170 499 224
motorbike 0.0071 279 45 322 96
motorbike 0.0067 360 123 415 203
motorbike 0.0055 239 31 322 96
motorbike 0.0050 240 43 285 95
motorbike 0.0042 285 65 320 95
motorbike 0.0012 57 155 102 201
bus 0.0011 479 144 499 223
horse 0.0011 25 64 57 105
bottle 0.0053 235 140 261 186
bottle 0.0033 197 146 231 225
bottle 0.0021 53 78 68 118
bottle 0.0011 204 163 228 235
chair 0.0011 59 158 102 202
pottedplant 0.0075 284 65 319 95
tvmonitor 0.0045 447 78 464 95
tvmonitor 0.0012 0 54 14 122
tvmonitor 0.0012 440 76 469 106
