person 0.8464 51 217 128 329
person 0.0042 47 269 58 282
person 0.0039 80 216 119 251
person 0.0032 43 251 59 282
person 0.0021 46 250 75 284
person 0.0016 79 217 104 244
person 0.0013 48 228 68 281
person 0.0012 186 158 216 183
person 0.0010 69 224 86 243
bicycle 0.0014 46 253 76 287
car 0.0013 47 269 58 282
aeroplane 0.0023 0 22 8 30
train 0.8453 96 113 497 305
train 0.0282 377 154 499 240
train 0.0185 223 135 501 247
train 0.0041 434 167 499 238
train 0.0016 125 124 259 297
train 0.0016 349 194 379 223
train 0.0015 446 200 499 239
boat 0.0019 0 22 8 30
bird 0.0015 0 22 8 30
chair 0.0014 92 242 132 322
pottedplant 0.0010 418 251 491 330
