person 0.1926 2 -2 322 223
person 0.0274 193 0 330 211
person 0.0255 1 0 240 77
person 0.0158 0 3 152 231
person 0.0145 0 119 120 237
person 0.0067 103 0 231 29
person 0.0050 72 1 322 124
person 0.0042 213 0 330 115
person 0.0038 4 0 143 61
person 0.0035 53 0 307 34
person 0.0028 82 1 307 67
person 0.0019 -3 99 307 236
person 0.0019 215 0 284 23
person 0.0019 0 0 202 141
person 0.0017 44 0 111 33
person 0.0014 173 -1 287 28
car 0.0015 -7 -2 331 231
cat 0.7768 9 10 311 222
cat 0.1113 149 14 320 203
dog 0.0045 9 13 307 230
dog 0.0012 169 -1 331 232
dog 0.0010 0 69 86 135
horse 0.0017 0 70 85 135
cow 0.0017 0 70 85 135
chair 0.0814 -1 -1 329 223
chair 0.0026 0 0 136 59
chair 0.0021 0 69 86 135
chair 0.0014 169 -1 331 232
sofa 0.1091 -5 3 331 232
sofa 0.0155 0 -1 138 60
sofa 0.0148 0 -3 134 138
sofa 0.0087 0 118 113 238
sofa 0.0068 0 0 226 74
sofa 0.0034 0 70 85 133
sofa 0.0014 9 119 332 237
sofa 0.0013 88 157 324 238
sofa 0.0012 -1 58 181 235
sofa 0.0012 3 0 260 147
diningtable 0.0018 -1 0 328 231
