person 0.7961 219 93 405 328
person 0.3681 377 2 499 326
person 0.0389 419 81 499 327
person 0.0159 32 50 454 332
person 0.0073 302 113 420 316
person 0.0041 262 56 499 326
person 0.0018 376 1 499 153
person 0.0015 325 217 423 321
person 0.0010 465 105 499 167
bicycle 0.0014 374 0 498 325
car 0.0020 378 3 499 324
motorbike 0.0152 378 0 499 326
boat 0.0068 378 0 499 326
cat 0.0161 218 93 381 247
dog 0.9382 104 141 243 329
dog 0.1840 218 94 376 257
dog 0.0236 60 71 419 327
dog 0.0013 104 142 226 231
horse 0.0011 378 0 499 326
cow 0.0015 218 91 376 253
chair 0.0545 410 101 496 323
chair 0.0464 9 -6 373 325
chair 0.0054 325 217 423 321
chair 0.0026 0 95 76 322
chair 0.0023 47 263 80 330
chair 0.0021 11 3 168 307
chair 0.0011 242 81 499 327
sofa 0.1080 7 -2 441 330
sofa 0.0220 410 88 498 324
sofa 0.0022 33 1 349 195
sofa 0.0012 325 217 423 321
pottedplant 0.0464 376 0 499 325
diningtable 0.0010 412 83 499 328
tvmonitor 0.0010 376 0 499 126
tvmonitor 0.0010 0 76 78 327
