person 0.0053 191 123 210 134
person 0.0038 58 443 87 462
person 0.0024 296 157 307 171
person 0.0017 59 447 77 461
person 0.0014 186 125 197 142
bicycle 0.0013 282 130 332 151
car 0.0029 247 141 330 206
aeroplane 0.0019 250 136 330 202
bus 0.0052 277 31 333 144
bus 0.0019 255 28 333 197
train 0.0054 276 29 332 152
train 0.0010 242 27 334 212
boat 0.3432 248 126 334 203
boat 0.1006 127 122 339 414
boat 0.0670 245 28 335 206
boat 0.0538 158 134 335 286
boat 0.0278 281 125 333 153
boat 0.0227 277 28 333 147
boat 0.0220 256 145 315 188
boat 0.0135 193 125 210 134
boat 0.0131 213 139 335 244
boat 0.0085 248 96 263 109
boat 0.0073 234 104 247 113
boat 0.0047 209 112 229 124
boat 0.0044 231 105 243 117
boat 0.0037 283 134 326 149
boat 0.0025 245 99 258 111
boat 0.0022 264 169 333 205
boat 0.0022 0 42 28 51
boat 0.0020 269 149 307 172
boat 0.0018 258 91 276 102
boat 0.0018 263 90 276 99
bird 0.0117 193 125 210 134
bird 0.0031 232 105 242 115
bird 0.0025 209 113 226 124
bird 0.0018 231 107 240 118
bird 0.0013 249 97 262 108
chair 0.3849 129 215 334 408
chair 0.0615 245 146 334 250
chair 0.0294 248 137 331 205
chair 0.0202 202 133 333 275
chair 0.0196 256 145 314 188
chair 0.0169 282 125 333 153
chair 0.0123 245 177 338 207
chair 0.0108 283 134 326 149
chair 0.0087 180 100 194 133
chair 0.0044 249 180 307 202
chair 0.0028 127 277 280 372
chair 0.0019 237 198 289 227
chair 0.0017 249 95 264 109
chair 0.0015 265 147 307 172
chair 0.0015 193 184 325 316
chair 0.0015 194 124 211 134
chair 0.0014 228 234 331 414
chair 0.0012 284 121 328 142
chair 0.0011 281 205 320 252
chair 0.0011 277 28 333 147
chair 0.0010 183 109 198 133
sofa 0.0029 125 223 334 407
diningtable 0.0043 201 171 329 274
diningtable 0.0031 125 223 334 407
diningtable 0.0030 257 146 317 188
diningtable 0.0024 245 172 340 206
diningtable 0.0022 281 125 333 153
diningtable 0.0021 250 136 330 202
diningtable 0.0010 246 153 334 251
