person 0.9336 178 14 443 393
person 0.5723 370 105 499 390
person 0.0593 439 106 498 321
person 0.0058 11 107 49 149
person 0.0033 263 305 419 396
person 0.0028 50 109 67 135
person 0.0019 449 109 498 194
person 0.0017 48 105 74 142
person 0.0016 347 302 470 397
bottle 0.0058 430 163 447 200
bottle 0.0028 207 175 229 200
bottle 0.0026 229 174 252 199
bottle 0.0012 253 120 272 182
chair 0.6142 371 108 499 394
chair 0.0338 359 301 492 396
chair 0.0244 256 175 494 397
chair 0.0164 439 109 499 323
chair 0.0153 151 80 257 198
chair 0.0068 158 119 190 191
chair 0.0050 430 163 449 197
chair 0.0043 360 165 461 320
chair 0.0036 272 187 297 218
chair 0.0035 353 343 469 397
chair 0.0035 382 249 497 382
chair 0.0033 324 312 413 397
chair 0.0031 383 305 472 332
chair 0.0026 349 266 430 311
chair 0.0026 428 156 450 257
chair 0.0025 424 144 449 202
chair 0.0017 430 316 499 397
chair 0.0017 266 305 401 395
chair 0.0016 403 204 444 274
chair 0.0016 412 157 445 265
chair 0.0015 275 262 438 396
chair 0.0014 426 135 475 313
chair 0.0013 0 238 67 326
chair 0.0013 0 290 96 395
chair 0.0013 423 141 447 168
chair 0.0012 238 75 274 190
chair 0.0011 152 117 210 206
sofa 0.0591 364 119 498 396
sofa 0.0277 439 106 499 320
sofa 0.0235 256 175 494 397
sofa 0.0059 263 305 419 396
sofa 0.0015 380 301 494 392
diningtable 0.1254 4 215 271 393
diningtable 0.0072 11 48 270 399
diningtable 0.0016 424 144 449 202
tvmonitor 0.8427 0 74 103 253
tvmonitor 0.4428 76 70 170 208
tvmonitor 0.0165 148 80 256 192
tvmonitor 0.0122 1 87 84 172
tvmonitor 0.0045 96 111 141 137
tvmonitor 0.0029 -2 64 170 219
tvmonitor 0.0014 48 103 74 142
tvmonitor 0.0011 233 76 272 123
