person 0.9365 382 -1 481 218
person 0.0381 398 115 406 140
person 0.0221 295 117 335 138
person 0.0150 322 118 335 135
person 0.0063 455 0 482 83
person 0.0021 340 119 356 132
person 0.0013 463 131 473 142
person 0.0011 332 117 356 135
car 0.8713 57 56 366 229
car 0.0647 157 54 299 71
car 0.0021 463 131 473 142
car 0.0020 463 135 472 143
motorbike 0.0052 57 62 370 231
bus 0.0061 59 55 365 232
boat 0.0053 158 54 300 71
bird 0.0014 61 206 68 219
dog 0.0045 295 117 335 138
bottle 0.0020 386 84 395 99
diningtable 0.0016 69 57 350 123
