person 0.8115 377 0 411 42
person 0.4753 439 26 454 42
person 0.0234 352 0 372 23
person 0.0201 370 0 382 19
person 0.0154 80 18 90 30
person 0.0151 435 21 472 43
person 0.0086 462 16 499 42
person 0.0076 345 12 354 21
person 0.0058 133 102 151 116
person 0.0049 403 25 488 53
person 0.0038 420 23 460 42
person 0.0033 30 31 38 42
person 0.0032 77 12 105 30
person 0.0027 60 23 68 32
person 0.0027 35 24 46 36
person 0.0023 31 24 43 39
person 0.0022 161 62 215 111
person 0.0021 2 27 20 39
person 0.0013 74 17 96 31
person 0.0011 413 22 437 40
person 0.0010 180 20 192 29
bicycle 0.0081 347 31 410 57
car 0.9409 11 41 476 268
car 0.8877 265 38 500 127
car 0.7901 402 14 499 65
car 0.6929 293 13 323 24
car 0.4218 315 11 341 23
car 0.1374 336 11 353 21
car 0.0969 330 12 344 21
car 0.0854 60 9 108 29
car 0.0425 345 12 354 21
car 0.0243 77 12 105 30
car 0.0211 345 24 492 75
car 0.0103 345 29 411 56
car 0.0099 180 21 191 29
car 0.0073 268 43 356 64
car 0.0066 461 14 499 41
car 0.0065 409 18 472 41
car 0.0053 112 24 126 32
car 0.0049 293 43 351 58
car 0.0047 326 10 339 20
car 0.0043 352 0 371 23
car 0.0038 80 17 95 30
car 0.0036 287 29 421 60
car 0.0035 345 8 360 23
car 0.0028 87 17 108 30
car 0.0028 123 23 140 31
car 0.0025 293 15 309 23
car 0.0024 397 32 499 58
car 0.0024 109 15 133 31
car 0.0023 0 28 20 39
car 0.0018 417 52 499 124
car 0.0017 434 22 466 42
car 0.0017 333 11 486 59
car 0.0016 462 36 499 67
car 0.0016 121 18 141 30
car 0.0015 77 20 89 31
car 0.0013 369 0 382 19
car 0.0010 331 0 356 22
motorbike 0.0019 345 12 354 21
motorbike 0.0010 336 11 353 21
bus 0.0034 61 9 109 30
bus 0.0012 407 14 498 51
boat 0.0010 292 12 324 24
