person 0.8354 132 0 498 181
person 0.2839 441 0 499 98
person 0.0745 0 0 119 177
person 0.0155 0 80 48 174
person 0.0104 425 -3 499 211
person 0.0049 0 5 58 175
person 0.0048 1 -5 501 358
person 0.0045 2 -1 282 171
person 0.0025 444 206 499 324
person 0.0021 43 1 112 106
person 0.0017 446 274 498 318
bottle 0.8868 168 36 220 191
bottle 0.8827 101 23 156 206
bottle 0.0895 103 0 176 99
bottle 0.0178 422 147 491 259
bottle 0.0153 44 105 108 206
bottle 0.0057 0 231 32 356
bottle 0.0050 0 0 59 96
bottle 0.0030 388 175 456 275
bottle 0.0027 0 0 113 110
bottle 0.0011 443 187 499 323
chair 0.0664 430 67 498 140
chair 0.0338 420 10 496 138
chair 0.0215 0 89 52 173
chair 0.0125 0 1 113 110
chair 0.0056 473 74 500 141
chair 0.0038 0 5 58 175
chair 0.0025 461 311 497 357
chair 0.0021 0 0 194 173
chair 0.0021 179 25 495 178
chair 0.0020 421 115 499 209
chair 0.0016 50 2 104 48
chair 0.0013 30 -4 500 279
chair 0.0010 389 0 500 205
chair 0.0010 103 1 173 109
sofa 0.0118 0 88 53 175
sofa 0.0029 30 -4 500 279
sofa 0.0015 0 0 194 173
sofa 0.0012 179 25 495 178
diningtable 0.7907 -5 131 497 353
diningtable 0.0166 434 200 498 354
diningtable 0.0116 0 158 95 323
diningtable 0.0062 366 189 499 353
diningtable 0.0024 230 142 493 354
diningtable 0.0018 213 142 402 224
diningtable 0.0014 12 237 485 356
diningtable 0.0010 0 160 169 348
tvmonitor 0.0020 0 0 111 110
