person 0.0043 187 353 241 374
person 0.0012 70 292 105 362
person 0.0012 2 174 102 372
boat 0.0010 365 16 499 194
bottle 0.8917 232 143 280 248
bottle 0.0711 425 0 465 51
bottle 0.0338 288 249 340 302
bottle 0.0136 356 135 453 226
bottle 0.0064 253 203 337 301
bottle 0.0052 427 0 458 32
bottle 0.0031 351 -1 463 61
bottle 0.0011 235 145 270 183
bottle 0.0011 107 121 160 214
bottle 0.0010 186 352 242 374
chair 0.9289 3 0 148 139
chair 0.3096 416 222 498 373
chair 0.1683 171 0 238 58
chair 0.1162 346 0 471 57
chair 0.0867 346 -1 364 42
chair 0.0047 1 176 107 364
chair 0.0039 70 292 105 362
chair 0.0034 168 0 340 60
chair 0.0033 403 283 438 318
chair 0.0020 306 36 421 90
chair 0.0020 0 49 40 177
chair 0.0015 187 352 241 374
chair 0.0015 190 18 242 53
chair 0.0015 108 0 180 74
chair 0.0012 360 21 407 51
chair 0.0012 373 62 499 374
chair 0.0011 404 283 441 370
chair 0.0011 346 14 416 66
chair 0.0011 0 159 20 177
chair 0.0010 -1 43 87 370
sofa 0.0035 408 221 499 373
diningtable 0.8525 8 49 493 374
diningtable 0.0260 42 34 495 151
diningtable 0.0213 307 35 423 91
diningtable 0.0087 102 24 436 95
diningtable 0.0059 7 93 220 358
diningtable 0.0055 94 41 265 124
diningtable 0.0016 18 38 295 172
diningtable 0.0011 153 0 402 63
diningtable 0.0010 6 251 478 372
diningtable 0.0010 1 173 104 371
tvmonitor 0.0086 410 17 499 128
tvmonitor 0.0025 351 0 459 60
tvmonitor 0.0011 364 17 499 194
