person 0.5671 29 283 36 303
person 0.0200 491 250 499 277
person 0.0075 31 285 41 303
person 0.0049 41 288 64 303
person 0.0043 481 261 489 276
person 0.0018 38 291 52 302
person 0.0013 481 262 494 278
person 0.0013 38 295 49 303
car 0.0630 0 284 32 301
car 0.0308 421 269 436 278
car 0.0228 405 267 434 278
car 0.0189 46 290 64 303
car 0.0101 418 265 443 277
car 0.0051 38 291 52 302
car 0.0032 31 287 63 303
car 0.0027 38 295 49 303
car 0.0018 488 249 499 277
car 0.0013 30 284 38 304
motorbike 0.0014 39 290 63 303
aeroplane 0.9208 9 122 491 313
aeroplane 0.1070 457 224 498 247
aeroplane 0.0189 457 201 499 247
aeroplane 0.0138 402 247 496 278
aeroplane 0.0091 0 220 55 242
aeroplane 0.0086 405 266 430 277
aeroplane 0.0048 418 265 443 277
aeroplane 0.0045 467 243 498 276
aeroplane 0.0041 4 244 33 252
aeroplane 0.0039 406 255 458 268
aeroplane 0.0034 401 221 500 260
aeroplane 0.0023 488 249 499 277
aeroplane 0.0020 0 221 30 238
aeroplane 0.0020 1 246 32 256
aeroplane 0.0020 404 261 443 278
aeroplane 0.0019 0 282 38 301
aeroplane 0.0016 275 121 425 225
aeroplane 0.0011 16 220 26 230
aeroplane 0.0011 404 251 452 277
aeroplane 0.0011 456 153 499 261
aeroplane 0.0010 482 243 499 271
bus 0.0145 405 256 463 273
bus 0.0089 0 284 32 301
bus 0.0060 404 261 443 278
bus 0.0033 402 245 494 277
bus 0.0025 404 267 433 278
bus 0.0018 421 258 457 276
bus 0.0010 489 250 499 278
boat 0.0018 469 114 498 254
boat 0.0010 458 173 499 245
