person 0.9111 221 61 498 367
person 0.9098 0 78 243 368
person 0.0249 93 79 388 370
person 0.0101 445 118 463 149
person 0.0020 59 106 71 165
person 0.0020 413 104 422 121
person 0.0015 443 62 462 109
person 0.0014 8 15 498 379
person 0.0013 74 118 100 158
person 0.0012 0 121 13 214
person 0.0010 411 96 455 193
bus 0.0096 0 5 184 303
bus 0.0029 -2 -5 523 377
train 0.0148 1 0 177 224
train 0.0089 0 1 218 387
train 0.0039 0 12 89 222
chair 0.0022 366 193 499 372
chair 0.0011 0 247 119 370
chair 0.0011 261 201 402 336
sofa 0.0024 24 56 488 369
sofa 0.0015 -3 245 495 372
