person 0.0087 0 0 488 374
person 0.0052 0 0 121 153
person 0.0045 0 2 185 368
person 0.0024 239 5 501 372
person 0.0018 455 303 499 373
person 0.0016 213 234 499 370
person 0.0011 1 205 490 371
bird 0.0018 225 227 495 371
cat 0.5785 11 -6 475 368
cat 0.0063 225 227 495 371
cat 0.0018 3 8 265 350
dog 0.2298 13 -10 465 357
dog 0.0030 214 233 498 370
horse 0.0025 -3 2 496 373
sheep 0.0758 215 232 497 369
sheep 0.0074 19 -1 483 352
cow 0.0256 -3 2 496 373
chair 0.0027 0 -5 489 376
chair 0.0010 215 232 497 369
sofa 0.0360 0 -2 490 374
sofa 0.0020 202 231 497 368
sofa 0.0010 4 319 227 372
