person 0.1029 451 79 472 123
person 0.0497 453 78 471 97
person 0.0105 414 85 440 128
person 0.0094 417 86 433 106
person 0.0026 414 85 464 130
person 0.0019 454 81 488 125
person 0.0018 170 97 187 117
person 0.0015 457 72 486 94
person 0.0011 75 1 113 60
person 0.0010 464 94 488 118
car 0.0015 435 115 487 177
car 0.0012 372 71 403 84
car 0.0011 473 102 489 117
car 0.0010 464 94 488 118
bus 0.0012 426 81 488 177
bus 0.0010 372 71 403 84
train 0.9056 1 59 300 250
train 0.8018 170 59 492 254
train 0.0173 417 84 488 175
chair 0.0012 463 71 486 92
chair 0.0012 473 102 489 117
tvmonitor 0.0014 419 48 443 63
