bicycle 0.9421 28 13 477 362
bicycle 0.0799 37 57 99 122
bicycle 0.0142 37 43 141 123
bicycle 0.0090 1 51 72 127
bicycle 0.0042 0 51 37 126
bicycle 0.0040 41 94 75 121
bicycle 0.0036 33 53 233 349
bicycle 0.0015 40 48 232 130
bicycle 0.0010 250 18 496 323
car 0.0083 0 0 52 15
motorbike 0.0414 37 56 99 122
motorbike 0.0044 37 51 155 123
boat 0.0014 0 0 52 15
boat 0.0014 29 14 477 354
bird 0.0031 33 339 46 347
bottle 0.0482 147 118 203 180
bottle 0.0397 160 130 216 193
bottle 0.0050 234 166 265 206
bottle 0.0026 167 131 193 158
bottle 0.0016 170 131 182 142
bottle 0.0012 182 145 232 208
bottle 0.0010 292 99 326 188
pottedplant 0.0010 29 14 477 354
