person 0.5252 304 118 324 153
person 0.0172 290 122 303 152
person 0.0115 384 141 411 169
person 0.0097 276 112 303 154
person 0.0083 291 139 301 152
person 0.0041 310 118 345 155
person 0.0038 372 147 385 162
person 0.0037 309 131 324 151
person 0.0036 205 138 218 154
person 0.0036 397 144 411 169
person 0.0034 70 137 77 151
person 0.0030 372 131 387 145
person 0.0025 129 139 139 150
person 0.0023 305 125 319 150
person 0.0023 119 136 134 150
person 0.0021 378 127 413 168
person 0.0020 371 136 386 161
person 0.0020 243 136 257 153
person 0.0018 91 141 103 152
person 0.0017 272 111 291 152
person 0.0016 371 129 403 159
person 0.0012 359 132 387 165
person 0.0012 381 147 397 168
person 0.0011 114 124 133 150
bus 0.9453 29 65 456 252
train 0.0024 359 0 508 24
train 0.0014 28 64 455 254
chair 0.0204 91 140 105 152
chair 0.0099 342 145 368 166
chair 0.0050 243 136 257 153
chair 0.0049 86 140 100 152
chair 0.0039 335 140 361 166
chair 0.0017 81 140 91 152
chair 0.0016 334 140 349 165
chair 0.0016 373 132 386 144
chair 0.0013 369 133 387 157
chair 0.0011 305 130 321 152
chair 0.0010 85 125 105 152
