person 0.9002 4 94 415 490
person 0.2429 0 357 141 497
person 0.0802 186 290 418 497
person 0.0117 0 130 122 498
person 0.0088 0 380 63 497
person 0.0066 196 84 398 455
person 0.0049 -10 335 390 495
bicycle 0.0010 348 329 418 385
car 0.0013 197 291 419 497
bird 0.7201 212 87 376 308
bird 0.0122 196 84 398 455
bird 0.0041 40 57 403 489
bird 0.0035 268 88 370 170
bird 0.0013 306 100 369 168
dog 0.0039 211 85 370 313
dog 0.0018 196 84 398 455
chair 0.0084 0 359 121 498
chair 0.0023 341 273 417 296
chair 0.0022 348 329 418 386
chair 0.0017 -11 316 397 495
chair 0.0015 0 378 61 498
sofa 0.0022 -11 316 397 495
sofa 0.0012 0 360 140 498
diningtable 0.0018 0 381 61 497
