person 0.7040 6 307 25 339
person 0.4988 72 309 94 355
person 0.3296 103 327 117 350
person 0.3103 34 306 71 351
person 0.2502 31 309 54 350
person 0.1208 0 255 11 283
person 0.0587 94 327 118 360
person 0.0587 134 352 143 370
person 0.0461 34 308 49 335
person 0.0440 130 344 146 370
person 0.0283 128 333 154 368
person 0.0254 89 320 103 346
person 0.0225 37 308 50 324
person 0.0164 80 308 91 319
person 0.0148 105 332 118 359
person 0.0135 39 307 67 325
person 0.0125 113 347 123 360
person 0.0122 32 330 44 351
person 0.0106 112 268 121 278
person 0.0105 252 343 264 355
person 0.0104 87 330 100 357
person 0.0094 229 283 243 298
person 0.0093 64 329 76 351
person 0.0087 129 332 147 358
person 0.0065 36 330 51 352
person 0.0057 88 344 120 362
person 0.0055 49 307 70 330
person 0.0055 197 349 208 358
person 0.0054 264 291 274 300
person 0.0052 46 338 60 352
person 0.0049 0 332 20 349
person 0.0048 208 347 221 358
person 0.0045 246 344 261 356
person 0.0041 249 344 269 356
person 0.0041 88 347 99 360
person 0.0040 21 333 40 350
person 0.0040 0 326 7 342
person 0.0039 214 347 228 358
person 0.0038 94 298 104 306
person 0.0037 0 262 10 293
person 0.0036 75 309 91 324
person 0.0032 11 317 24 338
person 0.0032 46 323 70 351
person 0.0030 43 329 58 351
person 0.0030 147 344 157 355
person 0.0029 118 332 128 351
person 0.0028 83 304 94 316
person 0.0028 132 330 146 340
person 0.0027 114 334 129 361
person 0.0026 2 247 11 261
person 0.0025 0 308 16 343
person 0.0025 1 337 30 349
person 0.0024 73 310 91 337
person 0.0022 75 328 89 354
person 0.0022 208 338 219 356
person 0.0020 259 344 281 355
person 0.0020 243 289 261 300
person 0.0020 107 368 121 379
person 0.0019 0 274 8 293
person 0.0019 225 279 248 300
person 0.0018 164 291 175 300
person 0.0018 131 321 148 338
person 0.0018 114 346 134 364
person 0.0017 61 338 79 354
person 0.0017 110 370 122 383
person 0.0017 70 326 84 352
person 0.0017 0 337 10 349
person 0.0017 60 307 70 320
person 0.0016 258 281 274 299
person 0.0016 79 320 110 355
person 0.0016 231 338 243 353
person 0.0015 3 240 14 259
person 0.0015 204 343 214 357
person 0.0013 7 258 17 279
person 0.0013 242 348 255 356
person 0.0012 102 339 143 367
person 0.0012 2 217 20 257
person 0.0012 89 376 98 384
person 0.0011 100 370 117 384
person 0.0011 171 339 181 357
person 0.0010 91 298 105 329
person 0.0010 93 299 105 317
bicycle 0.0052 13 321 53 351
bicycle 0.0043 2 333 32 349
bicycle 0.0025 33 321 54 351
bicycle 0.0023 31 329 43 351
bicycle 0.0013 18 310 71 352
bicycle 0.0012 21 333 40 350
car 0.0927 176 294 220 302
car 0.0514 194 281 223 298
car 0.0474 198 294 221 302
car 0.0145 268 346 282 354
car 0.0128 127 336 157 364
car 0.0088 179 288 223 302
car 0.0077 243 290 261 300
car 0.0072 225 279 248 300
car 0.0033 311 347 331 356
car 0.0032 147 343 157 354
car 0.0027 137 278 170 296
car 0.0023 165 292 178 301
car 0.0023 173 296 191 303
car 0.0020 191 278 252 302
car 0.0019 234 286 261 300
car 0.0017 130 331 153 354
car 0.0016 225 277 266 300
car 0.0010 221 289 244 301
car 0.0010 137 291 223 308
motorbike 0.0028 2 333 32 349
motorbike 0.0027 13 321 53 351
motorbike 0.0018 127 336 157 364
bus 0.0053 279 321 326 351
bus 0.0023 194 281 223 297
boat 0.6776 -4 -7 190 425
boat 0.1713 279 321 331 353
boat 0.1485 193 321 268 357
boat 0.1033 265 346 282 354
boat 0.0927 310 347 331 356
boat 0.0828 0 318 150 405
boat 0.0274 2 333 32 349
boat 0.0220 250 346 277 356
boat 0.0129 244 345 267 356
boat 0.0129 -1 148 159 402
boat 0.0116 13 321 53 351
boat 0.0096 148 324 187 357
boat 0.0093 127 337 156 370
boat 0.0086 214 347 229 357
boat 0.0072 52 11 324 416
boat 0.0069 295 347 319 355
boat 0.0064 200 348 225 359
boat 0.0062 301 335 319 349
boat 0.0058 309 331 332 352
boat 0.0053 156 273 279 325
boat 0.0046 293 342 314 353
boat 0.0045 286 346 306 355
boat 0.0043 296 327 330 349
boat 0.0042 242 348 255 356
boat 0.0039 301 340 316 350
boat 0.0038 161 307 282 360
boat 0.0037 285 341 311 354
boat 0.0036 197 349 208 358
boat 0.0034 252 343 264 355
boat 0.0032 0 357 122 406
boat 0.0027 208 347 221 358
boat 0.0026 71 357 150 401
boat 0.0021 230 347 242 357
boat 0.0019 279 333 292 345
boat 0.0018 18 310 71 352
boat 0.0017 145 330 227 360
boat 0.0016 130 331 153 354
boat 0.0015 241 320 310 356
boat 0.0015 283 347 300 356
boat 0.0015 1 255 12 289
boat 0.0015 125 309 157 368
boat 0.0015 0 335 45 354
boat 0.0012 209 338 229 356
boat 0.0011 0 324 22 347
boat 0.0010 321 318 332 340
boat 0.0010 47 325 71 350
boat 0.0010 150 346 174 358
boat 0.0010 283 322 324 336
boat 0.0010 102 339 143 367
bird 0.0015 112 268 121 278
chair 0.0230 0 336 30 349
chair 0.0082 46 323 70 351
chair 0.0062 0 324 22 347
chair 0.0054 13 321 53 351
chair 0.0027 11 317 24 338
chair 0.0026 43 329 58 351
chair 0.0026 32 314 51 350
chair 0.0020 21 333 40 350
chair 0.0017 30 330 41 350
chair 0.0016 38 320 55 349
chair 0.0016 18 310 71 352
chair 0.0012 2 315 25 341
chair 0.0010 14 323 28 341
