person 0.0048 483 238 499 296
person 0.0032 51 176 379 316
person 0.0017 20 182 500 378
person 0.0012 28 160 266 368
bicycle 0.0031 184 0 250 36
bottle 0.5822 1 79 48 103
bottle 0.1544 18 30 42 48
bottle 0.0724 0 32 18 51
bottle 0.0501 3 138 39 160
bottle 0.0385 1 84 26 103
bottle 0.0229 4 145 18 161
bottle 0.0164 352 219 378 249
bottle 0.0161 216 214 230 245
bottle 0.0155 17 145 40 167
bottle 0.0153 192 176 224 244
bottle 0.0123 56 47 77 93
bottle 0.0118 191 213 206 244
bottle 0.0094 0 138 6 171
bottle 0.0042 185 1 220 30
bottle 0.0039 247 186 269 214
bottle 0.0033 226 17 236 33
bottle 0.0029 375 242 404 281
bottle 0.0028 227 45 238 78
bottle 0.0025 163 187 186 213
bottle 0.0024 8 135 47 150
bottle 0.0023 268 198 296 256
bottle 0.0023 230 18 252 80
bottle 0.0023 356 218 377 238
bottle 0.0022 277 286 311 348
bottle 0.0020 29 3 77 44
bottle 0.0020 46 110 78 148
bottle 0.0019 184 1 199 29
bottle 0.0017 224 2 242 34
bottle 0.0017 372 281 406 349
bottle 0.0013 207 15 222 29
bottle 0.0010 396 295 416 327
chair 0.9253 75 109 179 217
chair 0.9239 240 144 349 219
chair 0.9001 347 174 478 275
chair 0.3777 0 244 33 367
chair 0.3614 0 245 25 300
chair 0.1951 483 238 499 306
chair 0.0241 0 342 35 374
chair 0.0105 209 77 250 138
chair 0.0074 181 34 250 135
chair 0.0053 230 77 251 139
chair 0.0050 465 238 498 311
chair 0.0031 196 84 228 128
chair 0.0016 489 265 499 314
chair 0.0016 226 10 253 85
chair 0.0015 50 222 81 247
chair 0.0015 468 276 497 303
chair 0.0015 183 68 200 127
chair 0.0012 469 278 489 296
chair 0.0011 184 77 237 131
chair 0.0010 227 45 238 80
sofa 0.0013 0 243 35 373
pottedplant 0.0164 185 0 250 37
pottedplant 0.0029 186 2 250 69
pottedplant 0.0023 46 111 77 148
diningtable 0.8821 9 186 504 376
diningtable 0.0084 0 341 36 374
diningtable 0.0046 260 229 500 370
diningtable 0.0024 24 192 236 373
diningtable 0.0014 387 241 499 368
diningtable 0.0012 16 117 421 250
diningtable 0.0011 51 176 379 316
