person 0.0300 78 117 92 146
person 0.0281 202 0 249 80
person 0.0199 25 184 55 252
person 0.0187 250 431 322 498
person 0.0120 192 52 230 96
person 0.0116 46 189 71 253
person 0.0096 90 216 104 260
person 0.0092 83 142 101 173
person 0.0076 27 173 55 216
person 0.0074 155 0 249 88
person 0.0072 230 0 331 85
person 0.0065 58 96 83 137
person 0.0048 299 243 332 279
person 0.0046 79 178 101 211
person 0.0043 180 5 231 95
person 0.0039 149 0 196 90
person 0.0037 88 200 112 261
person 0.0029 237 0 311 30
person 0.0029 239 0 268 32
person 0.0029 75 118 101 174
person 0.0025 51 192 69 216
person 0.0023 171 55 228 124
person 0.0022 153 67 236 159
person 0.0020 58 169 69 188
person 0.0020 155 0 196 45
person 0.0019 58 111 76 136
person 0.0018 91 108 109 139
person 0.0018 66 185 76 207
person 0.0018 157 81 318 159
person 0.0016 77 180 95 202
person 0.0016 69 177 103 226
person 0.0015 21 155 106 253
person 0.0014 298 219 331 267
person 0.0014 144 165 170 194
person 0.0014 49 135 90 197
person 0.0013 48 170 68 190
person 0.0013 230 464 318 499
person 0.0013 273 7 333 81
person 0.0012 158 0 215 67
person 0.0012 84 189 106 245
person 0.0012 79 121 105 155
person 0.0012 108 0 335 180
person 0.0011 37 210 51 250
person 0.0011 154 35 229 110
person 0.0011 56 108 98 172
person 0.0011 84 120 103 143
person 0.0011 67 184 83 216
person 0.0010 313 0 333 46
person 0.0010 149 9 187 60
bicycle 0.2382 116 197 245 493
bicycle 0.2251 99 98 333 492
bicycle 0.0075 61 65 226 499
bicycle 0.0073 134 88 178 139
bicycle 0.0023 147 6 195 95
bicycle 0.0019 138 95 165 138
bicycle 0.0015 225 181 307 265
bicycle 0.0014 92 120 157 337
bicycle 0.0014 22 121 109 254
bicycle 0.0013 238 0 312 33
bicycle 0.0013 133 190 227 290
bicycle 0.0011 130 175 296 395
bicycle 0.0011 86 227 122 295
bicycle 0.0011 144 83 193 146
car 0.0384 21 174 104 254
car 0.0371 83 28 337 488
car 0.0118 233 285 332 487
car 0.0073 159 184 331 489
car 0.0049 131 0 335 172
car 0.0034 21 101 108 257
car 0.0020 89 216 105 260
car 0.0020 161 84 320 159
car 0.0017 86 240 102 260
car 0.0012 153 86 241 169
car 0.0011 108 99 226 490
car 0.0010 86 227 122 295
car 0.0010 70 184 104 234
motorbike 0.1253 79 18 332 493
motorbike 0.0362 22 105 108 254
motorbike 0.0315 132 0 334 171
motorbike 0.0161 238 0 334 86
motorbike 0.0144 23 174 69 249
motorbike 0.0122 149 84 240 170
motorbike 0.0104 239 0 314 34
motorbike 0.0075 135 84 186 141
motorbike 0.0064 161 84 320 159
motorbike 0.0049 147 3 194 94
motorbike 0.0046 108 99 226 490
motorbike 0.0028 267 0 314 18
motorbike 0.0023 159 184 331 489
motorbike 0.0022 274 14 333 81
motorbike 0.0022 23 97 176 279
motorbike 0.0020 24 210 50 246
motorbike 0.0020 233 285 332 487
motorbike 0.0019 202 0 303 84
motorbike 0.0018 17 66 293 291
motorbike 0.0012 21 55 229 440
motorbike 0.0011 152 107 175 144
motorbike 0.0011 24 216 39 242
bus 0.0192 110 154 333 495
bus 0.0022 116 217 218 490
bus 0.0012 69 22 265 491
train 0.0076 79 18 332 493
train 0.0018 108 99 226 490
boat 0.1245 85 21 334 492
boat 0.0029 99 0 328 190
boat 0.0021 117 207 255 496
boat 0.0019 159 184 331 489
boat 0.0018 0 175 23 194
boat 0.0010 233 285 332 487
boat 0.0010 109 0 162 116
dog 0.0025 144 165 170 194
horse 0.0195 23 174 69 248
horse 0.0035 21 155 106 253
cow 0.0010 23 174 68 247
bottle 0.0091 300 219 322 255
bottle 0.0062 254 54 272 86
bottle 0.0034 276 210 303 248
bottle 0.0019 171 141 199 165
bottle 0.0017 292 212 304 243
bottle 0.0016 239 0 268 33
bottle 0.0015 281 259 307 295
bottle 0.0014 272 212 289 240
bottle 0.0013 238 305 331 471
bottle 0.0011 298 242 333 281
bottle 0.0011 255 130 300 183
bottle 0.0011 282 128 303 145
bottle 0.0010 273 219 285 238
chair 0.1854 284 134 335 187
chair 0.0303 256 132 296 183
chair 0.0270 254 135 333 226
chair 0.0231 237 302 330 470
chair 0.0109 229 456 262 499
chair 0.0074 230 454 313 499
chair 0.0034 266 180 333 227
chair 0.0031 282 128 302 145
chair 0.0010 252 177 317 252
sofa 0.0037 255 129 333 188
pottedplant 0.0025 86 78 336 496
pottedplant 0.0016 314 221 334 265
pottedplant 0.0012 230 0 331 85
pottedplant 0.0010 323 222 334 269
diningtable 0.0216 258 133 333 188
diningtable 0.0054 255 132 299 182
diningtable 0.0030 252 128 333 261
diningtable 0.0017 285 186 333 223
diningtable 0.0013 252 162 333 227
tvmonitor 0.0050 237 304 330 471
