person 0.2709 260 281 332 389
person 0.0458 120 281 332 424
person 0.0068 9 274 335 482
person 0.0019 6 403 331 497
car 0.0011 -18 11 330 462
cat 0.7959 117 289 331 420
cat 0.0087 -1 402 337 495
cat 0.0038 9 274 335 482
dog 0.0404 120 281 329 420
dog 0.0014 -3 335 342 497
dog 0.0012 259 284 332 387
bottle 0.0022 260 283 331 386
chair 0.0069 -4 403 338 496
chair 0.0022 115 283 332 420
chair 0.0017 9 274 335 482
chair 0.0016 -41 10 333 502
chair 0.0013 259 284 332 387
sofa 0.0817 9 405 329 497
sofa 0.0035 -37 2 330 486
sofa 0.0033 2 276 333 496
diningtable 0.0036 7 404 331 496
tvmonitor 0.0029 -3 404 336 496
tvmonitor 0.0014 -14 9 330 444
