person 0.4788 223 0 336 131
person 0.1449 290 0 400 147
person 0.0882 267 33 338 126
person 0.0630 7 131 37 171
person 0.0593 164 24 305 217
person 0.0545 0 131 47 272
person 0.0175 205 1 243 50
person 0.0161 243 0 293 51
person 0.0133 349 2 406 143
person 0.0092 0 156 20 183
person 0.0068 198 3 248 125
person 0.0062 0 137 28 209
person 0.0061 18 -4 180 296
person 0.0053 0 7 36 150
person 0.0040 193 3 293 141
person 0.0038 170 0 223 154
person 0.0029 354 0 404 74
person 0.0026 0 86 37 181
person 0.0021 223 1 246 45
person 0.0020 18 -7 385 309
person 0.0019 0 98 35 149
person 0.0018 206 148 265 227
person 0.0015 345 12 491 137
person 0.0015 138 12 423 232
person 0.0015 332 37 394 146
person 0.0013 398 13 451 163
person 0.0010 290 0 367 69
car 0.0017 0 182 20 215
bird 0.0011 163 50 297 218
dog 0.0015 161 34 301 221
bottle 0.8455 399 11 451 165
bottle 0.6578 251 149 382 337
bottle 0.3391 26 -5 181 292
bottle 0.1637 148 3 171 93
bottle 0.1574 391 30 410 148
bottle 0.0457 204 1 229 51
bottle 0.0296 471 41 499 115
bottle 0.0182 461 119 499 201
bottle 0.0164 278 94 292 142
bottle 0.0164 288 148 342 206
bottle 0.0162 168 -2 215 158
bottle 0.0143 310 92 358 196
bottle 0.0084 221 147 264 207
bottle 0.0078 398 33 409 66
bottle 0.0066 421 35 451 167
bottle 0.0063 147 1 168 54
bottle 0.0057 447 83 461 160
bottle 0.0057 411 11 435 52
bottle 0.0054 192 2 207 59
bottle 0.0049 387 34 405 103
bottle 0.0049 395 32 409 87
bottle 0.0048 211 3 245 47
bottle 0.0045 355 4 404 150
bottle 0.0042 431 36 499 118
bottle 0.0040 256 117 291 170
bottle 0.0033 387 33 407 71
bottle 0.0033 232 173 246 204
bottle 0.0031 269 101 290 141
bottle 0.0030 184 1 208 91
bottle 0.0029 410 10 441 74
bottle 0.0028 462 34 499 194
bottle 0.0027 395 29 428 173
bottle 0.0025 348 157 371 198
bottle 0.0025 260 242 377 335
bottle 0.0024 149 215 184 338
bottle 0.0023 380 34 400 139
bottle 0.0021 339 157 360 197
bottle 0.0021 294 105 325 150
bottle 0.0021 203 1 242 81
bottle 0.0020 399 32 408 54
bottle 0.0020 327 120 360 196
bottle 0.0019 412 10 433 31
bottle 0.0018 0 7 36 150
bottle 0.0018 178 235 264 367
bottle 0.0017 440 50 450 112
bottle 0.0016 33 -1 155 105
bottle 0.0015 267 33 338 126
bottle 0.0014 487 42 499 102
bottle 0.0014 217 154 277 237
bottle 0.0013 260 102 282 132
bottle 0.0013 420 70 462 198
bottle 0.0013 442 81 463 196
bottle 0.0013 230 166 260 205
bottle 0.0012 438 37 469 123
bottle 0.0011 401 3 416 54
bottle 0.0011 223 43 277 120
bottle 0.0011 279 115 291 145
bottle 0.0011 198 2 317 143
bottle 0.0010 355 193 382 307
bottle 0.0010 149 215 219 338
chair 0.0260 431 39 497 119
chair 0.0067 469 42 499 117
chair 0.0043 0 167 48 269
chair 0.0040 0 182 20 217
chair 0.0031 381 30 496 126
chair 0.0026 267 32 337 133
chair 0.0012 442 38 498 182
chair 0.0010 309 92 357 193
chair 0.0010 0 3 36 149
pottedplant 0.0105 345 144 499 295
diningtable 0.5352 3 282 500 371
diningtable 0.3660 0 180 503 377
diningtable 0.1433 1 266 190 371
diningtable 0.0193 258 250 500 370
diningtable 0.0183 0 163 47 270
diningtable 0.0037 7 -13 437 353
diningtable 0.0032 0 179 22 215
diningtable 0.0030 1 148 213 369
diningtable 0.0023 2 167 42 220
