person 0.9049 249 287 284 367
person 0.8180 203 332 240 372
person 0.0043 222 334 240 364
person 0.0021 114 279 139 317
person 0.0016 213 342 240 368
person 0.0014 115 280 130 302
person 0.0012 141 304 148 314
aeroplane 0.0043 37 5 248 410
boat 0.6910 37 2 258 412
boat 0.1924 81 343 367 403
boat 0.1416 48 303 61 337
boat 0.0259 44 303 76 338
boat 0.0143 11 336 38 344
boat 0.0139 8 337 24 344
boat 0.0100 1 337 19 345
boat 0.0078 67 133 367 407
boat 0.0037 13 331 29 344
boat 0.0024 331 291 341 298
boat 0.0022 43 318 59 337
boat 0.0020 349 288 373 297
boat 0.0015 292 347 371 367
boat 0.0013 8 308 66 345
chair 0.0082 215 349 242 370
chair 0.0029 219 358 241 369
chair 0.0024 206 339 238 370
chair 0.0018 183 356 199 371
