person 0.0306 392 11 399 22
person 0.0159 0 107 11 127
person 0.0130 30 0 39 12
person 0.0081 388 11 411 36
person 0.0031 31 0 52 13
person 0.0030 0 89 12 126
person 0.0028 147 31 159 41
person 0.0022 394 11 417 22
person 0.0019 306 97 329 157
person 0.0016 0 138 23 301
person 0.0016 0 92 51 192
person 0.0014 0 108 18 140
person 0.0010 328 34 489 255
bicycle 0.0320 0 79 70 282
bicycle 0.0057 147 30 161 40
bicycle 0.0012 0 82 55 141
car 0.0146 31 1 64 13
car 0.0100 31 0 120 14
car 0.0090 129 21 156 35
car 0.0080 92 15 105 25
car 0.0048 72 14 107 26
car 0.0034 336 0 365 24
car 0.0031 1 0 40 12
car 0.0028 333 0 368 39
car 0.0023 393 13 431 22
car 0.0022 374 12 430 26
car 0.0022 0 0 39 30
car 0.0019 0 1 47 51
car 0.0019 44 10 112 27
car 0.0018 30 0 39 12
car 0.0017 36 7 116 19
car 0.0010 94 16 116 25
car 0.0010 379 22 435 41
motorbike 0.0011 0 77 69 263
boat 0.0014 448 24 499 35
bird 0.0023 0 107 11 127
bird 0.0016 306 97 329 157
cat 0.0011 306 97 329 157
dog 0.0012 0 107 11 127
bottle 0.4790 306 98 328 156
bottle 0.0312 147 242 189 337
bottle 0.0168 311 124 325 155
bottle 0.0132 315 99 330 136
bottle 0.0059 189 113 199 127
bottle 0.0051 0 107 11 127
bottle 0.0044 210 86 219 119
bottle 0.0044 323 108 335 137
bottle 0.0023 327 118 337 136
bottle 0.0022 319 143 337 155
bottle 0.0019 170 109 177 120
bottle 0.0019 209 116 241 138
bottle 0.0014 12 121 55 148
bottle 0.0011 37 80 57 139
chair 0.9295 328 34 489 254
chair 0.8159 147 79 214 132
chair 0.3806 0 76 71 266
chair 0.0278 324 34 485 139
chair 0.0195 356 27 377 38
chair 0.0133 355 24 393 38
chair 0.0130 0 139 34 174
chair 0.0078 142 79 213 191
chair 0.0062 0 236 13 305
chair 0.0058 0 82 56 144
chair 0.0050 210 85 219 120
chair 0.0046 1 140 45 308
chair 0.0046 336 19 374 44
chair 0.0037 0 93 52 191
chair 0.0035 187 113 199 126
chair 0.0033 203 82 218 122
chair 0.0025 0 106 12 127
chair 0.0025 0 149 18 307
chair 0.0023 0 16 48 52
chair 0.0020 225 118 241 133
chair 0.0019 392 25 418 42
chair 0.0019 333 -1 371 45
chair 0.0016 129 117 364 246
chair 0.0016 371 28 395 39
chair 0.0015 371 6 392 22
chair 0.0014 120 107 331 354
chair 0.0011 128 22 158 37
chair 0.0011 337 33 359 44
chair 0.0010 0 108 18 140
chair 0.0010 142 83 282 177
chair 0.0010 364 22 434 41
sofa 0.0051 147 80 215 131
sofa 0.0020 331 35 490 256
pottedplant 0.0328 343 177 498 367
pottedplant 0.0166 305 98 333 155
pottedplant 0.0156 326 92 362 135
pottedplant 0.0091 414 163 498 339
pottedplant 0.0091 341 126 375 154
pottedplant 0.0072 339 265 458 368
pottedplant 0.0060 203 -4 255 125
pottedplant 0.0030 327 118 337 136
pottedplant 0.0023 318 154 360 192
pottedplant 0.0022 365 147 388 171
pottedplant 0.0022 358 232 397 294
pottedplant 0.0020 382 239 478 362
pottedplant 0.0018 136 108 209 186
pottedplant 0.0017 338 103 361 126
pottedplant 0.0016 400 228 440 286
pottedplant 0.0015 227 41 275 72
pottedplant 0.0012 329 121 345 138
pottedplant 0.0012 419 267 485 366
pottedplant 0.0011 331 101 366 151
pottedplant 0.0011 183 265 333 368
diningtable 0.7904 119 120 379 361
diningtable 0.0179 0 139 34 174
diningtable 0.0153 147 80 215 131
diningtable 0.0125 0 78 71 288
diningtable 0.0097 122 175 364 280
diningtable 0.0085 386 24 433 42
diningtable 0.0046 180 160 323 211
diningtable 0.0045 353 11 439 42
diningtable 0.0044 353 24 396 39
diningtable 0.0040 253 119 373 169
diningtable 0.0026 0 5 47 52
diningtable 0.0025 139 123 366 241
diningtable 0.0025 189 113 373 191
diningtable 0.0017 1 7 42 33
diningtable 0.0010 126 103 259 252
