person 0.0262 141 160 189 233
person 0.0051 68 141 100 217
person 0.0037 69 138 93 186
person 0.0029 81 107 200 281
person 0.0027 0 319 26 374
person 0.0026 215 -1 280 17
person 0.0014 215 0 233 13
person 0.0013 130 155 192 271
person 0.0011 0 0 49 108
person 0.0011 0 33 35 104
person 0.0010 437 92 487 152
car 0.0069 187 68 237 98
car 0.0054 348 0 440 55
car 0.0013 11 1 481 365
car 0.0013 360 -1 427 34
car 0.0010 49 0 216 27
bus 0.0017 47 0 216 25
bus 0.0010 2 3 502 367
train 0.0114 2 3 502 367
boat 0.0010 0 5 496 355
cat 0.0120 190 92 406 326
cat 0.0014 124 221 227 351
dog 0.8979 124 222 227 351
dog 0.8812 183 92 422 324
dog 0.0051 143 161 186 222
dog 0.0011 270 105 411 279
cow 0.0018 189 88 406 323
bottle 0.0109 0 319 26 374
bottle 0.0050 187 68 237 98
bottle 0.0024 437 92 487 152
bottle 0.0010 288 15 313 47
chair 0.0096 264 291 489 373
chair 0.0093 0 320 27 374
chair 0.0086 11 1 481 365
chair 0.0051 0 250 96 373
chair 0.0044 0 0 49 107
chair 0.0034 0 239 20 285
chair 0.0021 219 89 267 128
chair 0.0016 225 0 281 18
chair 0.0013 1 286 42 374
chair 0.0010 38 -3 223 24
sofa 0.0517 0 5 496 355
sofa 0.0072 0 260 96 372
sofa 0.0039 0 239 20 285
sofa 0.0033 0 318 26 375
sofa 0.0014 1 286 42 374
pottedplant 0.0032 346 0 439 54
diningtable 0.0064 5 20 495 351
diningtable 0.0035 0 271 94 372
diningtable 0.0013 270 290 487 372
diningtable 0.0010 0 240 20 283
tvmonitor 0.0149 9 5 285 299
tvmonitor 0.0121 47 0 215 26
tvmonitor 0.0082 267 291 475 373
tvmonitor 0.0050 -1 10 467 355
tvmonitor 0.0030 381 0 499 208
