person 0.9154 350 7 442 99
person 0.8636 196 45 243 93
person 0.8608 67 36 131 106
person 0.8137 189 125 266 217
person 0.6839 423 148 489 208
person 0.6402 41 14 77 116
person 0.3892 345 137 421 211
person 0.1056 98 169 159 221
person 0.0912 46 14 69 48
person 0.0279 225 75 243 91
person 0.0218 2 1 47 84
person 0.0137 394 131 442 191
person 0.0093 42 50 76 81
person 0.0092 101 171 137 212
person 0.0083 222 48 242 91
person 0.0075 42 56 75 111
person 0.0067 111 52 132 97
person 0.0059 111 81 131 97
person 0.0054 252 148 304 209
person 0.0047 141 135 205 200
person 0.0043 416 144 499 290
person 0.0024 53 57 74 81
person 0.0019 338 128 489 212
person 0.0018 369 169 421 210
person 0.0018 378 199 413 210
person 0.0016 3 6 65 141
person 0.0016 344 192 368 210
person 0.0016 84 103 359 331
person 0.0013 116 189 160 220
person 0.0013 62 60 77 93
person 0.0011 45 115 106 184
person 0.0011 344 190 400 212
person 0.0010 55 42 135 185
person 0.0010 68 86 91 106
person 0.0010 204 125 255 176
car 0.9142 -2 90 494 337
car 0.0014 -13 -33 502 219
car 0.0013 240 96 500 319
car 0.0013 0 98 239 332
car 0.0010 33 90 288 112
bus 0.0156 0 -12 499 125
train 0.0017 0 -12 499 125
bird 0.0093 100 170 135 199
bird 0.0082 98 169 157 222
cat 0.0546 98 169 157 222
cat 0.0305 100 170 133 200
dog 0.1919 100 170 135 203
dog 0.1061 99 169 159 221
dog 0.0014 347 139 414 208
dog 0.0013 423 148 491 209
horse 0.0010 100 170 133 200
chair 0.0018 252 149 305 211
