bird 0.0067 0 0 116 75
bird 0.0049 289 258 500 375
bird 0.0034 101 0 374 371
bird 0.0015 0 2 34 50
cat 0.0043 294 259 499 371
cat 0.0029 0 0 116 75
dog 0.0468 296 258 499 372
dog 0.0054 101 0 374 371
dog 0.0012 0 0 117 79
dog 0.0012 5 -2 271 80
horse 0.0111 101 0 374 371
horse 0.0017 0 0 117 78
horse 0.0011 295 259 499 371
sheep 0.8371 103 45 373 374
sheep 0.7801 0 -1 117 80
sheep 0.5070 291 259 500 372
sheep 0.0247 396 265 500 372
sheep 0.0107 6 0 296 83
sheep 0.0092 98 -3 384 203
cow 0.0102 0 0 116 75
cow 0.0099 294 259 499 371
cow 0.0022 90 8 372 371
