person 0.8785 216 -1 302 103
person 0.8341 419 1 497 147
person 0.5259 0 2 29 65
person 0.2466 25 19 44 46
person 0.1350 13 0 56 51
person 0.1294 355 0 393 32
person 0.0982 322 0 350 19
person 0.0928 488 6 499 78
person 0.0557 216 0 273 18
person 0.0553 323 0 394 34
person 0.0508 295 4 313 62
person 0.0472 200 0 216 18
person 0.0429 0 26 10 65
person 0.0354 58 11 70 39
person 0.0312 23 21 33 45
person 0.0223 286 0 301 43
person 0.0145 318 0 357 31
person 0.0138 309 0 333 23
person 0.0121 288 0 307 61
person 0.0119 297 0 338 62
person 0.0085 36 0 56 46
person 0.0083 145 0 165 27
person 0.0078 483 33 497 77
person 0.0067 312 1 417 85
person 0.0064 484 23 499 153
person 0.0063 112 0 148 23
person 0.0048 125 0 167 27
person 0.0044 309 1 332 46
person 0.0042 304 0 324 15
person 0.0040 55 0 74 39
person 0.0039 333 0 356 18
person 0.0037 470 4 499 148
person 0.0036 173 23 230 68
person 0.0036 216 -1 299 36
person 0.0034 308 0 354 55
person 0.0028 0 0 49 30
person 0.0026 419 2 451 50
person 0.0024 301 0 314 12
person 0.0020 419 0 498 59
person 0.0019 477 5 498 82
person 0.0018 19 14 34 42
person 0.0017 0 -51 60 58
person 0.0015 106 0 204 77
person 0.0014 390 0 424 38
person 0.0013 482 56 496 78
person 0.0013 105 0 144 14
person 0.0013 315 8 333 23
person 0.0011 337 0 377 27
person 0.0010 359 3 495 119
bicycle 0.1848 73 0 152 60
bicycle 0.0061 101 -1 148 23
bicycle 0.0034 69 0 203 70
bicycle 0.0032 90 0 163 35
bicycle 0.0023 391 35 429 57
bicycle 0.0021 390 0 424 38
bicycle 0.0021 392 6 498 87
bicycle 0.0021 317 6 432 109
bicycle 0.0020 482 42 496 78
bicycle 0.0018 373 37 431 108
bicycle 0.0016 417 28 499 293
bicycle 0.0016 174 17 227 68
bicycle 0.0012 123 1 148 25
bicycle 0.0010 23 21 33 45
car 0.0202 72 0 150 60
car 0.0082 100 0 148 22
car 0.0064 83 0 205 70
car 0.0047 200 0 216 18
car 0.0035 3 0 51 46
car 0.0027 0 0 50 22
car 0.0026 90 0 163 35
car 0.0024 5 56 94 78
car 0.0023 486 7 499 79
car 0.0021 390 0 424 38
car 0.0019 482 42 496 78
car 0.0018 392 6 498 87
car 0.0012 482 59 496 78
car 0.0010 6 -77 503 14
motorbike 0.9356 0 1 497 320
motorbike 0.3304 315 4 432 108
motorbike 0.2839 71 0 184 63
motorbike 0.2430 390 0 428 56
motorbike 0.2137 387 1 431 105
motorbike 0.1552 39 -7 429 104
motorbike 0.0463 22 0 218 89
motorbike 0.0303 392 35 429 56
motorbike 0.0142 394 4 498 99
motorbike 0.0092 1 2 60 64
motorbike 0.0091 482 42 496 78
motorbike 0.0067 397 55 498 310
motorbike 0.0064 391 6 423 40
motorbike 0.0051 354 0 393 32
motorbike 0.0044 197 1 220 18
motorbike 0.0041 311 0 409 66
motorbike 0.0040 90 0 163 35
motorbike 0.0037 4 55 95 78
motorbike 0.0035 1 0 162 59
motorbike 0.0035 16 1 396 194
motorbike 0.0035 309 0 330 23
motorbike 0.0030 297 0 338 62
motorbike 0.0030 309 1 332 46
motorbike 0.0022 389 0 423 24
motorbike 0.0020 315 0 350 21
motorbike 0.0018 390 34 431 80
motorbike 0.0018 391 11 407 37
motorbike 0.0018 308 0 354 55
motorbike 0.0016 173 11 228 69
motorbike 0.0015 486 7 499 79
motorbike 0.0013 482 59 496 78
motorbike 0.0013 0 25 233 156
motorbike 0.0011 320 1 359 35
motorbike 0.0010 6 -77 503 14
bottle 0.0245 58 12 71 39
chair 0.0046 174 28 230 68
chair 0.0025 73 0 150 60
chair 0.0020 23 16 46 44
chair 0.0013 484 247 499 289
chair 0.0013 103 0 148 23
chair 0.0010 373 64 412 98
chair 0.0010 3 0 51 46
