person 0.9586 1 6 134 330
person 0.9409 131 46 393 329
person 0.8686 120 -6 192 204
person 0.4468 189 2 232 91
person 0.0179 191 4 231 50
person 0.0116 30 -5 453 217
person 0.0032 127 0 191 106
person 0.0026 146 20 223 210
person 0.0026 184 11 196 84
person 0.0025 482 121 499 138
person 0.0021 117 0 335 207
person 0.0016 467 0 495 8
person 0.0016 136 2 172 39
person 0.0011 313 127 409 239
person 0.0011 191 5 211 40
person 0.0010 184 43 199 95
car 0.0119 0 1 145 120
car 0.0034 0 14 151 211
car 0.0025 1 1 244 151
car 0.0018 482 121 499 137
car 0.0016 90 73 210 306
car 0.0016 -8 5 217 313
car 0.0016 0 131 26 225
car 0.0015 90 66 134 110
car 0.0014 224 0 500 133
car 0.0013 29 -14 466 296
car 0.0012 74 2 143 104
aeroplane 0.0469 174 0 499 119
aeroplane 0.0066 -7 -2 501 196
aeroplane 0.0021 1 6 144 144
aeroplane 0.0014 2 1 230 184
bus 0.0118 190 0 502 121
bus 0.0059 1 6 224 219
bus 0.0058 2 -5 473 221
bus 0.0030 3 -1 207 122
bus 0.0023 0 6 134 330
bus 0.0020 121 0 202 205
bus 0.0014 117 0 335 207
train 0.2403 165 0 498 128
train 0.0606 89 -15 500 328
train 0.0072 1 6 144 144
train 0.0046 1 6 224 219
train 0.0027 90 73 210 306
train 0.0012 68 9 245 327
train 0.0012 -14 -6 479 174
train 0.0010 9 0 298 122
boat 0.0218 174 0 499 119
boat 0.0091 9 -12 496 316
boat 0.0047 69 36 225 313
boat 0.0031 0 8 147 127
boat 0.0024 2 1 230 184
boat 0.0023 104 118 206 316
boat 0.0021 1 -3 270 331
boat 0.0017 101 3 497 197
bottle 0.0025 368 123 383 149
chair 0.0535 109 125 205 301
chair 0.0257 118 68 134 116
chair 0.0252 108 191 198 284
chair 0.0093 170 128 203 203
chair 0.0078 119 67 144 192
chair 0.0065 189 7 231 90
chair 0.0044 193 7 230 47
chair 0.0043 168 132 189 198
chair 0.0043 127 211 205 310
chair 0.0036 93 65 134 112
chair 0.0023 159 125 209 300
chair 0.0020 130 123 196 202
chair 0.0013 73 175 205 323
chair 0.0010 114 195 193 245
sofa 0.0018 108 190 199 285
diningtable 0.0018 90 66 134 110
