person 0.6745 0 0 73 125
person 0.0273 0 -4 177 338
person 0.0056 0 -3 77 336
person 0.0051 0 222 497 370
person 0.0033 319 0 499 366
person 0.0028 -3 -24 495 384
person 0.0022 1 2 141 169
person 0.0021 354 -2 498 216
person 0.0011 328 212 498 372
car 0.0011 -4 -16 499 375
cat 0.7250 5 -9 461 334
cat 0.0269 352 -2 500 216
cat 0.0138 195 -3 501 233
cat 0.0019 0 5 243 317
cat 0.0015 299 4 496 361
dog 0.0011 358 5 496 223
chair 0.0355 2 -11 493 358
chair 0.0037 -4 172 496 372
chair 0.0015 7 283 474 374
sofa 0.0930 0 -21 496 382
sofa 0.0720 -4 278 504 373
sofa 0.0062 -4 172 496 372
sofa 0.0019 328 211 498 372
diningtable 0.0042 0 -21 496 382
diningtable 0.0012 -8 -105 512 220
tvmonitor 0.0016 -14 -9 500 354
