person 0.0012 396 0 492 98
person 0.0011 408 50 432 98
car 0.1077 219 203 501 482
car 0.0132 6 3 498 492
motorbike 0.0022 220 200 500 475
bus 0.0013 218 207 498 481
train 0.0078 218 205 498 487
bird 0.0017 25 173 277 411
cat 0.7785 29 194 191 419
cat 0.0426 42 162 276 378
cat 0.0041 103 171 274 237
cat 0.0010 131 163 277 325
dog 0.0818 25 173 277 411
dog 0.0018 31 216 162 418
dog 0.0011 158 167 274 231
dog 0.0011 102 172 277 250
chair 0.2891 402 0 475 100
chair 0.0107 394 0 432 79
chair 0.0083 411 0 499 139
chair 0.0031 447 306 499 374
chair 0.0025 465 6 499 139
chair 0.0020 220 205 498 482
chair 0.0020 394 0 438 36
chair 0.0020 434 0 479 80
chair 0.0018 445 1 498 90
chair 0.0016 395 0 469 44
chair 0.0015 395 0 416 62
chair 0.0013 423 0 468 28
chair 0.0013 158 174 277 372
chair 0.0011 231 0 401 35
sofa 0.0028 216 206 498 486
sofa 0.0012 398 0 483 99
diningtable 0.0068 398 0 483 99
diningtable 0.0039 395 0 454 69
diningtable 0.0022 31 0 445 36
diningtable 0.0016 444 -1 498 143
diningtable 0.0012 479 0 499 46
tvmonitor 0.0072 220 202 497 474
