person 0.0845 11 353 17 366
person 0.0387 105 365 111 375
person 0.0367 245 390 258 402
person 0.0110 25 350 34 361
person 0.0094 65 373 74 381
person 0.0092 258 396 270 407
person 0.0069 242 390 253 405
person 0.0063 282 396 292 407
person 0.0061 274 395 287 407
person 0.0054 8 347 17 359
person 0.0052 247 287 258 303
person 0.0037 298 400 308 410
person 0.0028 75 376 83 386
person 0.0025 141 305 153 314
person 0.0021 191 173 206 185
person 0.0020 289 398 314 412
person 0.0019 104 364 115 374
person 0.0018 11 348 20 362
person 0.0014 51 117 59 126
person 0.0013 356 157 366 167
person 0.0010 357 144 366 161
person 0.0010 356 140 366 154
person 0.0010 126 96 134 114
person 0.0010 354 145 364 163
car 0.0096 182 363 198 372
car 0.0081 0 347 10 357
car 0.0070 281 139 307 150
car 0.0065 280 136 304 145
car 0.0050 191 364 206 374
car 0.0048 116 126 128 142
car 0.0028 0 146 26 157
car 0.0026 158 361 202 374
car 0.0026 196 366 211 375
car 0.0025 289 142 308 150
car 0.0023 1 353 15 364
car 0.0015 0 193 18 201
car 0.0015 44 353 63 362
car 0.0011 191 174 206 185
car 0.0010 186 363 224 375
car 0.0010 151 360 184 373
car 0.0010 0 144 17 154
car 0.0010 164 159 192 169
aeroplane 0.0010 141 305 153 314
bus 0.0016 158 361 202 374
bus 0.0013 182 363 198 372
bus 0.0010 186 363 205 374
bus 0.0010 186 363 224 375
train 0.0012 23 374 341 427
boat 0.5323 61 135 354 423
boat 0.2997 16 372 350 429
boat 0.2708 102 184 115 203
boat 0.2674 24 31 221 434
boat 0.2387 191 173 206 185
boat 0.1768 104 162 118 202
boat 0.1447 177 144 325 425
boat 0.1213 171 289 185 296
boat 0.1166 31 193 42 202
boat 0.1152 326 389 367 415
boat 0.0885 0 193 20 200
boat 0.0737 220 165 242 177
boat 0.0731 201 173 225 183
boat 0.0660 15 85 139 418
boat 0.0649 170 285 184 295
boat 0.0644 223 162 272 175
boat 0.0637 141 305 153 314
boat 0.0587 104 143 123 211
boat 0.0529 158 148 221 181
boat 0.0523 167 234 186 297
boat 0.0426 165 145 193 168
boat 0.0420 165 160 193 169
boat 0.0401 247 287 258 304
boat 0.0399 174 386 343 423
boat 0.0396 170 259 184 295
boat 0.0342 208 174 230 182
boat 0.0313 263 159 280 171
boat 0.0302 192 166 224 182
boat 0.0269 180 169 210 185
boat 0.0223 152 165 216 185
boat 0.0219 19 190 34 198
boat 0.0214 2 192 31 200
boat 0.0210 219 171 241 178
boat 0.0202 168 174 207 187
boat 0.0199 272 382 366 414
boat 0.0186 13 270 358 421
boat 0.0173 183 383 290 411
boat 0.0164 355 163 366 171
boat 0.0160 217 109 292 412
boat 0.0126 101 137 147 204
boat 0.0124 136 260 165 302
boat 0.0119 2 370 78 384
boat 0.0117 155 177 186 297
boat 0.0114 182 155 225 184
boat 0.0110 0 195 12 202
boat 0.0107 164 157 213 173
boat 0.0098 186 386 246 407
boat 0.0085 214 174 240 182
boat 0.0082 9 189 35 198
boat 0.0080 0 195 23 203
boat 0.0078 29 373 78 382
boat 0.0075 242 156 281 384
boat 0.0066 0 348 11 359
boat 0.0064 294 164 313 171
boat 0.0060 61 375 75 382
boat 0.0055 135 138 199 180
boat 0.0052 162 180 192 187
boat 0.0048 148 181 186 187
boat 0.0046 0 197 32 205
boat 0.0046 0 171 36 199
boat 0.0045 280 163 300 171
boat 0.0044 108 17 211 222
boat 0.0042 167 356 242 378
boat 0.0041 138 139 167 171
boat 0.0037 155 360 209 374
boat 0.0035 264 370 364 399
boat 0.0034 130 172 195 185
boat 0.0034 151 161 177 170
boat 0.0034 182 363 197 372
boat 0.0033 106 141 184 189
boat 0.0030 116 127 128 141
boat 0.0028 0 355 80 383
boat 0.0027 9 349 65 363
boat 0.0027 142 163 197 176
boat 0.0025 191 387 218 396
boat 0.0025 87 153 104 190
boat 0.0023 187 363 213 375
boat 0.0021 245 393 327 415
boat 0.0021 139 159 168 171
boat 0.0021 324 407 336 416
boat 0.0021 208 367 247 377
boat 0.0020 191 274 350 425
boat 0.0019 115 112 126 141
boat 0.0019 -64 -50 62 476
boat 0.0018 127 160 211 183
boat 0.0017 166 344 270 376
boat 0.0017 190 363 247 377
boat 0.0017 138 162 153 171
boat 0.0016 280 139 308 149
boat 0.0015 354 156 364 166
boat 0.0015 1 353 15 364
boat 0.0015 176 349 229 375
boat 0.0014 197 366 231 376
boat 0.0014 81 153 104 210
boat 0.0014 150 150 167 167
boat 0.0014 14 373 53 382
boat 0.0014 188 387 224 403
boat 0.0014 357 147 366 164
boat 0.0014 53 354 289 402
boat 0.0013 199 384 246 400
bird 0.0046 141 305 153 314
bird 0.0012 247 287 258 304
bird 0.0010 105 366 111 376
chair 0.0010 116 126 128 142
diningtable 0.0016 23 374 341 427
