person 0.2640 399 190 436 208
person 0.0494 30 185 46 204
person 0.0398 63 185 76 197
person 0.0348 398 189 437 230
person 0.0274 226 167 438 324
person 0.0177 1 192 31 210
person 0.0170 2 77 440 494
person 0.0130 402 201 437 224
person 0.0096 83 188 99 206
person 0.0084 46 186 71 201
person 0.0067 17 189 31 205
person 0.0052 45 188 59 201
person 0.0039 46 165 57 179
person 0.0027 29 187 65 204
person 0.0015 82 147 437 370
person 0.0015 234 165 354 257
person 0.0012 1 194 34 266
bicycle 0.0065 -6 153 442 494
car 0.0475 -11 16 439 513
car 0.0020 -8 13 357 226
motorbike 0.2184 -6 104 443 491
motorbike 0.0011 200 165 439 322
aeroplane 0.0048 -7 36 438 497
train 0.0082 2 77 440 494
boat 0.0015 -7 36 438 497
bird 0.0025 103 283 247 370
bird 0.0010 102 198 252 372
bird 0.0010 -4 173 435 493
horse 0.0182 398 190 436 207
horse 0.0105 -6 104 443 491
horse 0.0035 398 189 437 235
horse 0.0034 402 201 437 224
sheep 0.0016 102 283 246 370
cow 0.0844 399 190 436 209
cow 0.0330 398 190 436 230
cow 0.0042 244 172 436 322
bottle 0.0427 125 200 220 292
chair 0.0057 1 193 31 211
chair 0.0014 -6 174 435 495
pottedplant 0.0021 102 284 247 368
pottedplant 0.0010 101 200 254 371
diningtable 0.0162 -6 153 442 494
