person 0.1029 4 -1 460 376
person 0.0462 0 -1 261 295
person 0.0166 148 0 291 44
person 0.0139 164 0 285 22
person 0.0075 0 0 264 98
person 0.0043 309 0 498 166
person 0.0032 225 0 256 10
person 0.0032 214 0 291 36
person 0.0031 170 0 276 12
person 0.0026 0 18 151 384
person 0.0023 166 21 391 232
person 0.0023 224 -1 267 14
person 0.0019 24 195 404 371
person 0.0017 5 0 159 84
person 0.0017 151 0 495 182
person 0.0015 328 41 429 223
person 0.0011 141 -1 235 10
person 0.0010 178 0 217 9
cat 0.2256 328 38 433 233
cat 0.0142 223 40 431 239
cat 0.0035 46 26 436 268
dog 0.1252 330 44 432 231
dog 0.0386 223 40 431 239
dog 0.0170 46 26 436 268
sheep 0.0016 10 322 180 372
bottle 0.0023 457 162 498 216
chair 0.0724 8 10 479 372
chair 0.0081 22 205 413 372
chair 0.0058 0 67 87 281
chair 0.0048 52 31 431 246
chair 0.0019 309 0 498 166
chair 0.0016 205 0 293 38
chair 0.0015 0 51 185 373
chair 0.0010 261 229 411 373
sofa 0.2406 8 0 484 371
sofa 0.0529 311 0 499 164
sofa 0.0146 0 -3 235 291
sofa 0.0072 326 2 499 361
sofa 0.0066 1 37 129 371
sofa 0.0035 52 31 431 246
sofa 0.0034 12 215 407 370
sofa 0.0026 151 0 495 182
sofa 0.0010 1 2 185 97
diningtable 0.0146 407 159 499 338
diningtable 0.0022 381 9 499 347
diningtable 0.0011 13 3 479 376
