person 0.0033 91 59 102 70
person 0.0026 68 59 80 75
person 0.0026 145 11 153 27
person 0.0022 79 60 90 73
person 0.0019 121 11 129 29
person 0.0013 94 64 106 82
person 0.0012 99 71 108 85
bicycle 0.0035 67 23 105 50
bicycle 0.0011 65 23 108 76
bird 0.0023 80 60 90 74
bird 0.0022 91 59 102 70
bird 0.0011 68 141 87 149
bottle 0.0035 78 74 90 86
bottle 0.0032 187 175 197 208
bottle 0.0028 186 176 195 193
bottle 0.0018 97 71 106 85
bottle 0.0018 91 59 102 70
bottle 0.0014 185 140 198 154
bottle 0.0013 136 36 145 53
bottle 0.0012 94 64 106 82
chair 0.4151 115 109 162 153
chair 0.4084 94 102 124 138
chair 0.3695 29 131 195 278
chair 0.3568 139 103 178 153
chair 0.3392 124 87 170 150
chair 0.2960 129 85 158 103
chair 0.1128 110 92 131 105
chair 0.1105 297 222 499 331
chair 0.0988 106 92 132 131
chair 0.0949 66 99 100 137
chair 0.0804 128 85 159 120
chair 0.0448 77 104 96 134
chair 0.0413 148 106 163 137
chair 0.0370 91 87 119 133
chair 0.0302 119 111 145 141
chair 0.0183 67 98 79 131
chair 0.0160 118 109 138 130
chair 0.0104 151 102 176 124
chair 0.0104 91 88 117 109
chair 0.0091 174 90 213 153
chair 0.0087 139 119 163 153
chair 0.0071 175 91 201 112
chair 0.0069 151 108 166 123
chair 0.0045 72 104 83 132
chair 0.0042 71 160 498 331
chair 0.0038 60 82 115 113
chair 0.0035 121 105 157 135
chair 0.0033 472 222 499 251
chair 0.0031 278 125 291 146
chair 0.0029 205 108 215 150
chair 0.0028 170 130 184 148
chair 0.0026 92 106 112 137
chair 0.0019 129 105 166 124
chair 0.0017 99 114 187 165
chair 0.0016 298 271 374 332
chair 0.0012 146 138 163 153
sofa 0.8650 26 129 194 277
sofa 0.7714 296 226 499 330
sofa 0.0037 71 160 498 331
pottedplant 0.6835 174 97 212 154
pottedplant 0.0197 184 135 199 153
pottedplant 0.0155 175 91 201 111
pottedplant 0.0116 308 10 343 35
pottedplant 0.0072 78 74 90 86
pottedplant 0.0018 198 124 208 147
pottedplant 0.0017 170 130 184 148
pottedplant 0.0017 179 127 209 154
pottedplant 0.0016 179 112 208 141
pottedplant 0.0015 67 27 109 77
pottedplant 0.0013 79 58 89 72
pottedplant 0.0012 92 58 101 70
pottedplant 0.0011 87 73 97 86
pottedplant 0.0011 78 64 89 79
diningtable 0.4048 101 105 176 151
diningtable 0.1266 139 104 178 153
diningtable 0.0890 101 92 132 133
diningtable 0.0433 64 84 109 136
diningtable 0.0343 64 84 113 107
diningtable 0.0275 69 93 160 140
diningtable 0.0196 134 188 255 297
diningtable 0.0124 93 92 118 139
diningtable 0.0113 109 92 133 120
diningtable 0.0089 124 88 163 124
diningtable 0.0062 113 95 219 153
diningtable 0.0056 118 111 160 149
diningtable 0.0056 162 147 216 198
diningtable 0.0046 110 92 131 105
diningtable 0.0034 66 99 98 138
diningtable 0.0030 143 126 169 151
diningtable 0.0030 129 87 157 111
diningtable 0.0028 137 115 163 140
diningtable 0.0026 129 105 166 124
diningtable 0.0020 121 105 157 135
diningtable 0.0017 39 28 457 324
diningtable 0.0017 151 109 166 123
diningtable 0.0016 147 102 179 127
diningtable 0.0015 169 131 184 148
diningtable 0.0014 174 97 213 154
diningtable 0.0010 122 86 168 149
diningtable 0.0010 105 106 145 141
tvmonitor 0.8863 290 104 356 166
tvmonitor 0.0012 473 223 499 251
