person 0.1344 5 153 61 215
person 0.0207 14 154 59 185
person 0.0015 6 163 41 195
car 0.0048 378 252 414 272
car 0.0018 397 45 438 57
boat 0.0012 417 69 499 290
boat 0.0012 0 160 94 275
cat 0.0028 5 153 60 212
dog 0.0090 6 152 60 209
dog 0.0041 6 162 44 197
dog 0.0024 14 154 59 185
bottle 0.0035 347 226 388 258
chair 0.0029 41 105 106 126
chair 0.0025 1 109 47 182
chair 0.0016 16 154 58 181
chair 0.0012 8 124 122 213
chair 0.0010 3 159 74 218
pottedplant 0.5410 332 58 495 263
pottedplant 0.1530 413 53 501 250
pottedplant 0.0426 339 65 419 98
pottedplant 0.0331 0 165 58 237
pottedplant 0.0318 0 171 36 262
pottedplant 0.0286 0 162 94 272
pottedplant 0.0280 105 80 151 242
pottedplant 0.0122 116 68 331 229
pottedplant 0.0090 291 92 334 225
pottedplant 0.0053 428 131 499 290
pottedplant 0.0042 332 60 426 180
pottedplant 0.0041 123 68 331 120
pottedplant 0.0035 402 58 487 160
pottedplant 0.0029 401 59 425 88
pottedplant 0.0024 105 79 240 236
pottedplant 0.0018 229 71 332 219
pottedplant 0.0015 403 58 484 96
pottedplant 0.0012 0 177 24 229
diningtable 0.0101 58 238 321 296
diningtable 0.0067 -7 237 502 330
diningtable 0.0023 2 185 93 274
diningtable 0.0013 5 71 506 334
tvmonitor 0.8983 145 102 296 226
tvmonitor 0.3603 325 83 450 252
tvmonitor 0.0059 9 124 121 211
tvmonitor 0.0039 0 130 101 272
tvmonitor 0.0037 0 109 45 182
tvmonitor 0.0018 2 67 184 226
tvmonitor 0.0015 6 60 184 112
