person 0.8900 0 173 213 372
person 0.8778 145 97 351 370
person 0.0212 59 103 208 328
person 0.0210 5 110 449 370
person 0.0083 206 98 324 215
person 0.0074 67 93 83 105
person 0.0060 356 352 395 373
person 0.0035 215 91 235 108
person 0.0029 47 60 57 88
person 0.0026 332 315 372 373
person 0.0026 403 331 415 366
person 0.0024 363 362 391 373
person 0.0020 337 239 425 314
person 0.0019 335 360 362 373
person 0.0018 312 0 366 63
person 0.0016 307 0 408 76
person 0.0016 0 30 15 56
person 0.0014 167 80 201 113
person 0.0014 179 81 198 104
person 0.0014 265 22 291 48
person 0.0014 196 53 208 70
person 0.0014 331 339 395 373
person 0.0013 452 132 461 167
person 0.0013 32 5 57 46
person 0.0013 58 102 172 191
person 0.0012 321 67 435 371
person 0.0010 11 9 35 53
car 0.0117 241 41 268 70
car 0.0091 219 91 237 104
car 0.0084 240 49 258 70
car 0.0044 196 61 248 107
car 0.0041 265 25 291 53
car 0.0034 0 93 19 103
car 0.0031 266 43 281 53
car 0.0022 266 38 286 53
car 0.0015 0 93 41 113
car 0.0013 204 47 225 58
bus 0.0399 197 61 248 94
bus 0.0042 240 45 267 74
bus 0.0036 240 49 258 71
bus 0.0010 55 86 126 108
train 0.0170 196 61 248 100
train 0.0018 239 44 268 76
bird 0.0010 307 162 350 211
cat 0.0012 303 156 350 213
dog 0.0036 303 156 387 235
dog 0.0019 306 159 350 209
bottle 0.0030 473 131 482 171
bottle 0.0024 403 332 415 366
bottle 0.0011 303 156 350 213
chair 0.1104 1 125 34 187
chair 0.0664 89 107 211 336
chair 0.0655 58 97 174 193
chair 0.0544 12 118 450 368
chair 0.0521 23 123 85 175
chair 0.0312 26 127 51 174
chair 0.0270 43 138 95 173
chair 0.0234 417 53 498 205
chair 0.0211 284 30 403 191
chair 0.0165 42 124 73 173
chair 0.0112 25 88 56 107
chair 0.0085 305 0 408 74
chair 0.0080 46 124 72 142
chair 0.0066 86 44 100 88
chair 0.0064 1 102 175 223
chair 0.0060 12 106 140 177
chair 0.0059 396 46 499 361
chair 0.0040 35 95 179 310
chair 0.0035 34 48 98 90
chair 0.0034 0 120 8 194
chair 0.0031 1 125 26 148
chair 0.0027 99 166 168 332
chair 0.0025 2 89 56 109
chair 0.0024 356 352 395 373
chair 0.0024 13 91 45 106
chair 0.0023 281 71 400 274
chair 0.0023 27 127 46 149
chair 0.0020 33 55 53 88
chair 0.0016 6 73 31 89
chair 0.0016 -1 106 228 367
chair 0.0015 1 94 18 104
chair 0.0013 333 161 388 234
chair 0.0013 169 81 198 110
chair 0.0012 62 89 117 107
chair 0.0011 18 92 31 105
chair 0.0010 352 309 402 371
sofa 0.3235 0 110 478 370
sofa 0.0144 86 105 224 338
sofa 0.0024 58 96 175 191
sofa 0.0012 52 91 340 330
sofa 0.0010 336 241 426 314
sofa 0.0010 378 44 496 373
pottedplant 0.0055 439 288 498 370
pottedplant 0.0053 265 24 291 51
pottedplant 0.0018 11 9 35 53
pottedplant 0.0013 467 297 499 370
pottedplant 0.0011 28 4 58 48
diningtable 0.0059 6 107 136 152
diningtable 0.0050 282 71 400 190
diningtable 0.0033 58 102 172 191
diningtable 0.0021 7 118 89 175
diningtable 0.0018 2 108 137 130
diningtable 0.0016 201 40 298 164
diningtable 0.0013 221 43 295 115
diningtable 0.0010 21 43 101 58
tvmonitor 0.0176 159 82 183 100
tvmonitor 0.0146 132 84 159 105
tvmonitor 0.0130 132 81 189 107
tvmonitor 0.0056 197 61 249 90
tvmonitor 0.0036 281 73 398 182
tvmonitor 0.0033 179 81 197 104
tvmonitor 0.0015 58 96 175 191
tvmonitor 0.0013 164 81 202 113
