person 0.0172 0 248 92 294
person 0.0028 52 150 93 184
person 0.0018 216 187 250 199
person 0.0017 468 280 498 295
person 0.0012 299 53 367 205
car 0.1876 205 185 250 198
car 0.1051 200 184 224 200
car 0.0452 199 195 251 205
car 0.0078 209 128 242 149
car 0.0062 10 114 95 209
car 0.0030 203 71 254 148
car 0.0028 198 179 251 203
car 0.0025 304 51 328 86
car 0.0024 127 73 260 146
car 0.0014 52 150 93 184
car 0.0010 129 215 320 249
motorbike 0.0032 198 185 251 203
boat 0.0028 198 185 251 203
boat 0.0022 209 128 242 149
bottle 0.0038 215 230 227 243
bottle 0.0036 192 231 241 292
bottle 0.0028 292 236 330 276
bottle 0.0023 202 231 230 282
bottle 0.0018 205 185 250 198
bottle 0.0013 188 229 297 294
chair 0.0501 0 248 92 295
chair 0.0453 481 273 499 290
chair 0.0373 470 274 499 295
chair 0.0332 200 185 222 199
chair 0.0306 407 254 430 276
chair 0.0271 198 185 251 203
chair 0.0089 406 255 465 287
chair 0.0073 468 285 499 296
chair 0.0063 12 164 60 208
chair 0.0058 214 187 251 198
chair 0.0049 0 159 15 183
chair 0.0032 400 257 498 294
chair 0.0026 0 159 17 201
chair 0.0020 202 196 250 205
chair 0.0019 179 155 210 198
chair 0.0017 156 232 218 246
chair 0.0016 51 151 93 188
chair 0.0011 272 168 312 206
chair 0.0011 54 202 468 286
sofa 0.0912 0 248 93 294
pottedplant 0.8840 45 6 160 249
pottedplant 0.7603 260 84 334 207
pottedplant 0.6483 305 50 371 208
pottedplant 0.3284 6 104 65 211
pottedplant 0.1636 49 148 126 248
pottedplant 0.1534 12 164 59 208
pottedplant 0.0485 270 168 312 207
pottedplant 0.0379 311 115 368 205
pottedplant 0.0165 261 84 332 137
pottedplant 0.0150 321 164 363 206
pottedplant 0.0083 318 51 367 120
pottedplant 0.0074 93 159 125 188
pottedplant 0.0049 1 -1 64 214
pottedplant 0.0048 203 71 253 147
pottedplant 0.0043 271 171 326 277
pottedplant 0.0026 59 186 119 248
pottedplant 0.0023 304 51 329 88
pottedplant 0.0019 127 73 260 146
pottedplant 0.0017 303 38 363 89
pottedplant 0.0017 299 3 354 91
pottedplant 0.0015 344 49 365 100
pottedplant 0.0014 66 148 125 188
pottedplant 0.0013 298 132 336 170
pottedplant 0.0012 283 134 310 197
pottedplant 0.0012 0 159 17 201
pottedplant 0.0010 209 128 244 148
diningtable 0.3618 75 238 467 298
diningtable 0.1951 289 262 457 295
diningtable 0.0514 2 233 322 295
diningtable 0.0322 0 248 92 294
diningtable 0.0187 468 280 498 295
diningtable 0.0176 128 243 215 267
diningtable 0.0150 79 211 467 277
diningtable 0.0114 114 198 412 255
diningtable 0.0108 150 220 280 242
diningtable 0.0053 6 238 183 289
diningtable 0.0037 205 130 288 199
diningtable 0.0036 145 196 293 244
diningtable 0.0032 198 185 251 203
diningtable 0.0031 88 262 306 296
diningtable 0.0029 405 269 499 296
diningtable 0.0015 11 165 60 208
diningtable 0.0012 24 174 322 255
diningtable 0.0012 129 215 320 249
diningtable 0.0012 174 179 270 202
diningtable 0.0011 476 274 498 292
diningtable 0.0010 207 130 287 165
diningtable 0.0010 268 203 370 268
