person 0.0033 0 30 20 41
person 0.0033 461 67 476 83
person 0.0020 0 29 21 53
person 0.0013 252 1 265 11
person 0.0010 373 62 382 78
bicycle 0.2546 28 38 452 275
car 0.7309 0 42 160 145
car 0.1079 189 -4 472 120
car 0.0349 1 3 87 54
car 0.0163 432 74 476 94
car 0.0145 0 29 21 41
car 0.0104 462 70 476 86
car 0.0096 12 28 161 77
car 0.0080 0 29 21 53
car 0.0077 7 2 159 65
car 0.0056 13 36 88 52
car 0.0039 433 81 472 92
car 0.0036 461 48 478 88
car 0.0035 75 1 157 45
car 0.0026 93 33 127 45
car 0.0023 120 96 150 119
car 0.0018 155 0 238 24
car 0.0017 158 8 175 21
car 0.0016 70 37 84 45
car 0.0014 23 7 71 45
car 0.0012 429 62 477 87
car 0.0010 1 28 42 44
motorbike 0.8901 29 39 439 275
bus 0.1288 198 -1 480 121
bus 0.0027 20 1 85 51
bus 0.0021 0 -2 163 142
bus 0.0015 -8 -6 447 132
bus 0.0010 3 1 163 59
boat 0.0026 433 81 472 92
pottedplant 0.0013 140 0 162 25
pottedplant 0.0011 138 0 162 12
