person 0.7047 145 120 266 229
person 0.5542 208 35 351 179
person 0.4163 141 30 353 246
person 0.0483 301 103 323 121
person 0.0097 208 140 224 155
person 0.0066 154 109 361 211
person 0.0056 186 137 205 152
person 0.0040 288 38 345 128
person 0.0040 196 125 221 155
person 0.0040 207 140 229 164
person 0.0038 182 141 230 184
person 0.0037 279 130 314 174
person 0.0033 186 122 206 151
person 0.0027 234 115 250 156
person 0.0026 216 118 235 156
person 0.0025 278 98 329 148
person 0.0022 285 114 356 176
person 0.0021 145 121 242 177
person 0.0020 222 116 252 166
person 0.0018 213 134 239 159
person 0.0017 233 86 342 178
person 0.0016 198 121 214 150
train 0.0030 164 5 491 275
train 0.0016 314 -5 500 302
bird 0.0031 301 103 323 121
bird 0.0010 279 134 314 175
cat 0.0038 301 102 323 120
cat 0.0028 279 133 314 174
cat 0.0015 234 150 252 174
dog 0.0022 234 150 252 174
dog 0.0021 301 102 323 120
dog 0.0017 201 112 250 164
bottle 0.0021 306 104 322 116
bottle 0.0017 279 130 299 175
chair 0.2389 134 105 348 250
chair 0.0091 224 121 351 241
chair 0.0085 133 143 266 248
chair 0.0048 288 113 356 177
chair 0.0042 329 113 356 148
chair 0.0029 304 113 356 239
chair 0.0022 157 103 261 164
chair 0.0016 329 112 357 210
chair 0.0013 230 100 346 180
sofa 0.7497 135 107 353 248
sofa 0.0025 157 103 264 166
sofa 0.0010 169 34 352 186
pottedplant 0.0010 285 114 356 176
