person 0.9128 337 98 423 367
person 0.8726 123 132 212 368
person 0.7809 71 114 142 297
person 0.7291 228 186 355 372
person 0.7232 187 132 290 257
person 0.2465 168 130 284 357
person 0.1195 271 187 354 282
person 0.0984 338 155 359 234
person 0.0774 471 108 498 144
person 0.0514 474 112 499 217
person 0.0393 298 187 351 247
person 0.0117 207 129 249 167
person 0.0091 337 98 421 221
person 0.0087 173 152 220 224
person 0.0073 228 243 283 364
person 0.0069 179 243 221 363
person 0.0058 224 129 245 159
person 0.0057 227 129 244 147
person 0.0054 204 129 282 182
person 0.0045 160 192 194 306
person 0.0039 297 193 314 243
person 0.0038 349 163 395 207
person 0.0035 173 164 225 365
person 0.0033 272 217 309 254
person 0.0030 444 138 454 171
person 0.0025 168 196 214 319
person 0.0024 178 179 199 216
person 0.0023 461 107 499 333
person 0.0023 339 151 357 199
person 0.0022 192 225 234 262
person 0.0020 453 111 498 198
person 0.0020 472 124 496 143
person 0.0020 122 156 147 279
person 0.0018 127 128 228 223
person 0.0017 115 131 141 179
person 0.0017 342 154 355 177
person 0.0016 233 286 281 324
person 0.0014 448 124 482 161
person 0.0014 429 131 456 172
person 0.0014 86 113 140 192
person 0.0013 344 157 373 196
person 0.0012 173 143 254 232
person 0.0011 172 160 216 271
car 0.0189 253 131 360 207
car 0.0050 289 110 369 195
car 0.0035 227 129 246 142
car 0.0026 395 110 486 207
car 0.0021 292 105 370 156
car 0.0021 410 148 497 297
car 0.0018 339 130 368 154
car 0.0016 207 129 249 167
car 0.0014 226 129 243 154
car 0.0014 252 135 309 207
car 0.0014 230 120 381 248
car 0.0012 236 126 264 146
car 0.0012 472 122 497 144
car 0.0012 295 139 355 201
car 0.0010 1 304 38 340
car 0.0010 31 272 91 336
car 0.0010 197 155 221 162
car 0.0010 0 255 50 341
car 0.0010 247 107 447 225
bottle 0.6960 253 233 261 257
bottle 0.2305 254 231 271 257
bottle 0.2045 269 232 279 256
bottle 0.1164 256 234 264 260
bottle 0.0078 371 171 386 188
bottle 0.0057 172 223 187 270
bottle 0.0048 344 152 354 166
bottle 0.0047 255 229 280 252
bottle 0.0046 281 218 300 246
bottle 0.0040 236 233 259 254
bottle 0.0035 267 245 277 258
bottle 0.0021 173 240 184 263
bottle 0.0018 344 156 363 184
bottle 0.0017 349 160 390 192
bottle 0.0017 289 218 300 241
bottle 0.0016 226 244 236 257
bottle 0.0016 185 164 282 326
bottle 0.0016 370 168 400 190
bottle 0.0015 160 192 194 306
bottle 0.0014 123 126 211 367
bottle 0.0014 223 240 238 254
bottle 0.0013 241 230 256 250
bottle 0.0012 194 225 210 247
bottle 0.0012 235 250 251 258
bottle 0.0011 370 170 406 206
bottle 0.0010 339 151 357 199
chair 0.8689 265 267 380 372
chair 0.4214 83 251 146 372
chair 0.2077 255 229 280 252
chair 0.0715 86 245 214 370
chair 0.0391 255 219 300 247
chair 0.0281 209 263 282 373
chair 0.0249 279 223 299 246
chair 0.0197 234 285 283 323
chair 0.0150 474 123 499 226
chair 0.0146 208 219 277 254
chair 0.0130 252 208 301 229
chair 0.0121 208 180 264 249
chair 0.0119 113 281 142 304
chair 0.0102 236 233 259 254
chair 0.0097 79 161 152 367
chair 0.0097 403 115 477 220
chair 0.0094 179 251 219 365
chair 0.0091 194 246 226 264
chair 0.0090 266 232 279 255
chair 0.0080 264 299 292 373
chair 0.0076 250 187 311 245
chair 0.0073 83 225 303 357
chair 0.0072 419 169 464 220
chair 0.0066 425 151 461 190
chair 0.0065 443 123 499 229
chair 0.0057 143 130 280 362
chair 0.0056 283 270 372 314
chair 0.0054 200 236 229 251
chair 0.0053 227 129 244 147
chair 0.0053 242 230 257 250
chair 0.0052 251 232 261 257
chair 0.0050 427 134 456 173
chair 0.0049 84 257 128 300
chair 0.0048 194 259 221 348
chair 0.0045 93 298 145 342
chair 0.0045 192 225 234 262
chair 0.0044 407 124 482 293
chair 0.0037 198 241 226 259
chair 0.0037 272 217 309 254
chair 0.0032 233 289 265 316
chair 0.0032 233 234 248 250
chair 0.0030 91 275 142 305
chair 0.0030 208 228 251 252
chair 0.0029 90 257 125 284
chair 0.0028 95 314 145 367
chair 0.0024 63 127 222 371
chair 0.0023 343 268 383 371
chair 0.0023 441 142 455 172
chair 0.0022 445 131 480 173
chair 0.0021 298 187 351 246
chair 0.0021 230 238 243 252
chair 0.0021 178 133 287 265
chair 0.0020 412 133 440 175
chair 0.0019 75 200 133 328
chair 0.0019 216 129 245 165
chair 0.0018 427 156 439 172
chair 0.0017 228 243 237 255
chair 0.0016 227 280 273 365
chair 0.0016 225 244 236 258
chair 0.0016 97 288 145 319
chair 0.0015 417 145 438 192
chair 0.0015 124 281 140 296
chair 0.0015 347 246 359 270
chair 0.0015 264 272 314 372
chair 0.0015 291 182 309 207
chair 0.0014 211 189 357 275
chair 0.0014 234 281 279 298
chair 0.0014 248 134 317 243
chair 0.0014 351 257 364 270
chair 0.0013 347 231 355 253
chair 0.0013 153 230 216 366
chair 0.0012 472 122 497 144
chair 0.0012 205 264 223 343
chair 0.0011 289 218 300 241
chair 0.0010 236 250 251 258
chair 0.0010 83 252 100 330
chair 0.0010 95 303 144 324
chair 0.0010 270 137 349 205
chair 0.0010 438 141 480 199
chair 0.0010 229 200 262 247
chair 0.0010 297 196 313 244
sofa 0.0132 143 130 280 362
sofa 0.0084 251 203 305 247
sofa 0.0063 168 154 366 290
sofa 0.0059 238 150 347 246
sofa 0.0055 254 224 299 249
sofa 0.0041 83 250 146 370
sofa 0.0031 254 229 280 246
sofa 0.0029 163 133 280 248
sofa 0.0023 254 207 300 230
sofa 0.0023 173 175 300 327
sofa 0.0022 211 189 357 275
sofa 0.0022 72 132 293 289
sofa 0.0020 298 187 351 246
sofa 0.0013 192 225 234 262
sofa 0.0012 188 206 279 258
sofa 0.0011 83 225 303 357
pottedplant 0.2304 429 226 499 371
pottedplant 0.0923 3 43 148 248
pottedplant 0.0360 249 135 311 210
pottedplant 0.0329 416 123 499 356
pottedplant 0.0180 246 141 280 172
pottedplant 0.0149 394 110 470 186
pottedplant 0.0129 247 146 266 171
pottedplant 0.0125 423 326 494 374
pottedplant 0.0088 409 123 454 173
pottedplant 0.0081 5 85 94 250
pottedplant 0.0058 178 179 199 216
pottedplant 0.0055 315 115 498 371
pottedplant 0.0038 360 12 497 192
pottedplant 0.0031 253 131 360 207
pottedplant 0.0030 426 129 449 173
pottedplant 0.0028 299 142 344 193
pottedplant 0.0020 304 13 497 284
pottedplant 0.0020 398 111 451 146
pottedplant 0.0016 201 130 290 214
pottedplant 0.0013 412 133 440 175
pottedplant 0.0011 257 137 296 195
diningtable 0.4432 205 247 283 371
diningtable 0.0968 208 206 338 372
diningtable 0.0456 207 258 273 279
diningtable 0.0070 175 199 288 366
diningtable 0.0050 425 159 462 192
diningtable 0.0044 254 207 300 230
diningtable 0.0043 255 229 280 252
diningtable 0.0033 276 245 300 258
diningtable 0.0031 422 168 463 207
diningtable 0.0029 203 264 274 291
diningtable 0.0027 83 225 303 357
diningtable 0.0020 194 246 227 263
diningtable 0.0017 209 262 257 277
diningtable 0.0013 270 249 299 264
diningtable 0.0010 83 241 147 367
