person 0.9082 167 142 215 266
person 0.9044 236 144 278 231
person 0.8420 0 153 18 193
person 0.3272 16 157 24 173
person 0.0646 216 165 224 182
person 0.0592 277 164 296 180
person 0.0476 233 185 242 201
person 0.0406 440 47 450 71
person 0.0349 275 163 285 180
person 0.0274 419 39 450 73
person 0.0206 111 164 118 182
person 0.0079 316 181 335 203
person 0.0071 333 74 344 83
person 0.0067 432 44 450 73
person 0.0066 303 182 338 231
person 0.0056 14 158 24 186
person 0.0052 327 196 335 212
person 0.0044 233 184 244 212
person 0.0043 240 187 252 223
person 0.0034 271 161 281 174
person 0.0030 49 174 56 183
person 0.0024 236 178 249 215
person 0.0023 314 182 328 198
person 0.0021 423 38 446 57
person 0.0019 324 198 334 221
person 0.0018 234 160 254 200
person 0.0017 46 172 53 181
person 0.0016 4 155 15 178
person 0.0015 333 71 351 82
person 0.0014 316 189 334 222
person 0.0013 344 202 358 229
person 0.0013 423 52 448 72
person 0.0013 375 269 396 283
person 0.0012 350 63 365 77
person 0.0011 214 163 232 186
person 0.0010 50 170 57 181
bicycle 0.0010 233 185 242 200
car 0.0549 276 164 302 180
car 0.0054 270 163 281 178
car 0.0048 274 163 283 180
car 0.0016 350 63 365 77
motorbike 0.0018 276 166 302 180
aeroplane 0.7144 148 12 498 285
aeroplane 0.1064 200 150 245 167
aeroplane 0.0663 201 117 276 167
aeroplane 0.0322 162 145 248 172
aeroplane 0.0257 276 166 302 180
aeroplane 0.0122 80 139 254 175
aeroplane 0.0106 222 149 247 166
aeroplane 0.0085 205 145 259 171
aeroplane 0.0078 377 197 494 242
aeroplane 0.0070 142 58 430 223
aeroplane 0.0041 226 154 243 165
aeroplane 0.0037 220 139 259 164
aeroplane 0.0023 164 143 184 159
aeroplane 0.0017 214 163 224 177
aeroplane 0.0016 355 198 498 285
aeroplane 0.0016 51 102 268 176
aeroplane 0.0016 330 191 484 253
aeroplane 0.0014 207 161 222 170
aeroplane 0.0013 71 100 431 181
aeroplane 0.0012 250 108 261 144
aeroplane 0.0011 327 61 369 95
bus 0.0010 276 166 302 180
boat 0.0015 164 143 185 161
boat 0.0012 276 166 302 180
bird 0.0015 333 74 344 82
dog 0.0022 233 185 242 200
chair 0.0010 304 197 333 231
