person 0.9016 121 114 169 228
person 0.2549 428 79 438 92
person 0.2310 360 86 370 99
person 0.1354 393 94 402 107
person 0.1147 256 92 265 108
person 0.0457 290 115 336 154
person 0.0321 305 121 327 151
person 0.0238 326 101 335 112
person 0.0202 462 90 471 103
person 0.0191 320 100 331 113
person 0.0051 227 113 250 156
person 0.0040 309 115 337 149
person 0.0037 233 112 244 122
person 0.0018 426 67 438 93
person 0.0014 247 99 274 121
person 0.0013 301 115 335 130
person 0.0011 169 20 505 372
person 0.0010 197 117 285 257
bicycle 0.0089 361 86 369 100
bicycle 0.0065 293 124 339 165
bicycle 0.0062 393 94 402 106
bicycle 0.0011 253 122 276 136
bicycle 0.0010 395 141 499 366
car 0.6198 270 114 336 149
car 0.0849 271 124 306 148
car 0.0062 272 116 312 135
car 0.0040 293 116 333 135
car 0.0038 325 100 336 111
car 0.0022 428 79 438 92
car 0.0022 250 119 289 135
car 0.0015 360 86 370 99
car 0.0015 253 122 279 137
car 0.0013 461 89 472 103
car 0.0012 275 117 304 129
car 0.0012 430 17 447 26
car 0.0011 242 109 301 134
car 0.0010 398 135 500 370
motorbike 0.8796 197 122 285 255
motorbike 0.8640 393 141 499 366
motorbike 0.7794 292 113 339 165
motorbike 0.0854 360 87 370 99
motorbike 0.0750 393 94 402 106
motorbike 0.0218 321 101 336 114
motorbike 0.0138 271 115 336 148
motorbike 0.0120 311 107 338 137
motorbike 0.0109 255 92 266 109
motorbike 0.0089 161 42 506 369
motorbike 0.0080 308 115 338 149
motorbike 0.0079 305 105 502 365
motorbike 0.0059 428 79 438 92
motorbike 0.0037 294 138 314 163
motorbike 0.0026 319 114 337 126
motorbike 0.0020 327 101 337 112
motorbike 0.0018 461 89 472 103
motorbike 0.0016 183 145 219 192
motorbike 0.0014 319 101 330 113
motorbike 0.0014 299 119 330 151
motorbike 0.0014 224 112 251 161
motorbike 0.0014 295 132 331 163
motorbike 0.0011 236 99 298 128
aeroplane 0.0025 13 114 341 165
aeroplane 0.0024 0 160 152 289
aeroplane 0.0020 4 107 343 298
aeroplane 0.0014 14 124 259 180
aeroplane 0.0010 427 17 445 31
boat 0.0011 428 79 438 92
boat 0.0011 270 115 337 147
bird 0.0134 70 116 77 125
bird 0.0081 256 92 265 108
bird 0.0023 360 86 370 99
bird 0.0021 428 79 438 92
bird 0.0018 462 90 471 103
bird 0.0015 156 252 166 258
bird 0.0010 393 94 402 107
dog 0.0059 428 79 438 92
dog 0.0043 256 92 265 108
dog 0.0027 393 94 402 107
dog 0.0012 360 86 370 99
dog 0.0011 221 118 251 164
horse 0.0083 428 79 438 92
horse 0.0067 360 86 370 99
horse 0.0035 393 94 402 106
horse 0.0023 256 92 265 109
horse 0.0017 326 101 335 112
cow 0.0066 428 79 438 92
cow 0.0061 360 87 370 99
cow 0.0019 393 94 402 106
cow 0.0017 326 101 335 112
cow 0.0013 256 92 265 108
bottle 0.0021 221 128 233 163
chair 0.0118 428 79 438 92
chair 0.0018 183 150 213 191
chair 0.0014 393 94 402 107
diningtable 0.0015 183 149 212 191
