person 0.0117 88 111 101 129
person 0.0024 294 55 300 67
person 0.0018 217 158 325 255
bicycle 0.0022 88 111 101 129
car 0.0046 174 109 185 117
car 0.0022 88 111 101 129
bird 0.0024 217 156 322 255
bird 0.0012 17 131 92 200
bird 0.0011 51 137 93 201
cat 0.0016 218 157 324 255
dog 0.0271 18 130 93 201
dog 0.0135 88 112 101 129
dog 0.0114 17 131 69 177
dog 0.0102 216 157 323 255
dog 0.0056 50 138 93 202
horse 0.5413 88 111 101 129
horse 0.4951 17 131 94 201
horse 0.0164 50 138 93 202
horse 0.0102 17 131 69 177
horse 0.0062 99 111 109 123
horse 0.0055 102 111 111 117
horse 0.0034 217 158 325 255
horse 0.0010 79 110 101 132
sheep 0.8398 217 158 323 254
sheep 0.3316 18 131 64 178
sheep 0.2554 49 137 93 201
sheep 0.1160 88 111 101 129
sheep 0.0038 101 110 109 118
sheep 0.0019 269 179 323 254
cow 0.2602 88 112 101 129
cow 0.1965 217 159 324 255
cow 0.1690 17 131 92 197
cow 0.0855 17 131 63 175
cow 0.0264 50 138 93 202
cow 0.0016 99 111 109 123
cow 0.0013 102 111 111 117
