person 0.5355 33 136 71 166
person 0.0293 455 143 467 156
person 0.0275 467 142 476 156
person 0.0202 458 141 468 153
person 0.0092 329 191 347 213
person 0.0075 359 139 370 152
person 0.0070 113 150 123 161
person 0.0065 223 178 236 187
person 0.0056 334 197 346 213
person 0.0048 455 130 467 152
person 0.0043 298 187 357 215
person 0.0039 376 133 390 150
person 0.0036 337 193 353 211
person 0.0035 346 140 372 154
person 0.0032 324 194 341 214
person 0.0031 51 140 73 166
person 0.0027 31 137 62 154
person 0.0023 352 135 387 155
person 0.0023 268 144 278 153
person 0.0022 0 170 15 180
person 0.0017 229 177 245 186
person 0.0015 14 164 32 172
person 0.0015 360 137 377 153
person 0.0014 432 324 441 335
person 0.0013 130 150 139 158
person 0.0013 341 189 363 210
person 0.0013 28 136 116 168
person 0.0012 222 179 241 190
person 0.0011 275 133 294 150
person 0.0010 353 189 365 208
car 0.0038 0 167 14 179
car 0.0016 14 164 32 172
car 0.0013 342 142 380 155
car 0.0012 466 287 499 373
car 0.0010 0 164 13 173
aeroplane 0.0029 146 146 161 163
aeroplane 0.0020 31 136 72 166
aeroplane 0.0018 343 140 374 154
aeroplane 0.0016 240 125 384 215
aeroplane 0.0015 118 150 157 167
aeroplane 0.0012 342 138 388 156
aeroplane 0.0011 117 125 366 210
boat 0.7895 363 121 495 244
boat 0.7472 127 127 260 210
boat 0.5327 -1 153 150 216
boat 0.3180 238 164 374 216
boat 0.3164 57 199 146 216
boat 0.3116 132 123 402 214
boat 0.2261 276 204 388 243
boat 0.1242 240 122 482 214
boat 0.1235 250 125 388 174
boat 0.0851 1 140 266 215
boat 0.0805 262 173 384 242
boat 0.0789 129 172 252 211
boat 0.0373 465 279 499 370
boat 0.0359 240 176 320 209
boat 0.0236 119 159 150 170
boat 0.0233 0 167 14 179
boat 0.0196 0 204 60 218
boat 0.0184 152 127 248 161
boat 0.0182 462 201 499 373
boat 0.0159 342 138 388 156
boat 0.0157 299 191 333 214
boat 0.0132 146 146 161 163
boat 0.0121 114 153 153 168
boat 0.0112 241 184 360 231
boat 0.0112 290 172 369 215
boat 0.0096 100 150 153 174
boat 0.0089 0 164 14 175
boat 0.0078 298 187 357 215
boat 0.0075 99 162 146 177
boat 0.0066 31 136 72 166
boat 0.0059 254 127 337 165
boat 0.0054 12 164 34 172
boat 0.0050 249 148 355 170
boat 0.0043 343 140 374 154
boat 0.0040 66 152 143 177
boat 0.0036 158 141 230 159
boat 0.0035 2 171 19 180
boat 0.0028 57 159 108 174
boat 0.0028 107 154 131 169
boat 0.0027 326 180 367 208
boat 0.0025 20 147 72 172
boat 0.0023 222 179 241 190
boat 0.0022 0 174 86 217
boat 0.0022 340 144 387 163
boat 0.0022 1 168 38 184
boat 0.0021 101 162 120 173
boat 0.0019 129 150 146 160
boat 0.0017 130 150 139 158
boat 0.0015 384 120 476 158
boat 0.0015 336 192 361 212
boat 0.0014 57 206 100 215
boat 0.0012 343 145 368 154
boat 0.0011 166 171 420 242
boat 0.0011 255 158 342 173
bird 0.0286 31 136 72 166
bird 0.0070 432 324 441 335
bird 0.0043 146 145 161 161
