person 0.0174 107 121 124 145
person 0.0022 146 129 160 144
person 0.0014 0 280 62 329
bottle 0.0011 77 124 90 147
chair 0.6431 245 163 270 200
chair 0.1736 161 268 293 329
chair 0.0741 0 276 62 330
chair 0.0640 250 231 335 291
chair 0.0563 1 213 95 299
chair 0.0334 267 168 286 199
chair 0.0322 246 157 287 199
chair 0.0312 259 167 281 199
chair 0.0246 245 159 290 170
chair 0.0224 313 159 369 169
chair 0.0198 265 177 281 200
chair 0.0106 117 205 218 277
chair 0.0085 243 161 276 173
chair 0.0081 107 128 122 145
chair 0.0073 107 136 121 146
chair 0.0054 241 161 253 177
chair 0.0036 465 158 486 175
chair 0.0035 242 161 258 183
chair 0.0035 242 159 257 169
chair 0.0027 255 158 310 168
chair 0.0025 75 123 98 147
chair 0.0024 281 159 302 167
chair 0.0021 173 173 197 184
chair 0.0021 169 159 187 178
chair 0.0019 360 134 388 167
chair 0.0019 151 179 189 194
chair 0.0018 125 129 137 144
chair 0.0017 151 177 191 210
chair 0.0017 170 176 185 185
chair 0.0011 2 314 59 331
chair 0.0011 275 173 286 216
chair 0.0010 172 174 197 192
sofa 0.8565 0 167 191 244
sofa 0.3058 1 215 94 301
sofa 0.1389 161 270 293 330
sofa 0.0453 0 271 66 326
sofa 0.0054 120 206 216 280
sofa 0.0018 358 133 388 168
sofa 0.0017 6 171 142 220
sofa 0.0013 318 159 369 169
sofa 0.0013 250 232 335 287
sofa 0.0010 244 159 285 199
pottedplant 0.4985 169 159 188 178
pottedplant 0.0645 271 98 288 115
pottedplant 0.0353 125 128 137 144
pottedplant 0.0183 146 129 160 144
pottedplant 0.0136 75 119 98 146
pottedplant 0.0128 107 122 123 145
pottedplant 0.0108 69 90 142 148
pottedplant 0.0105 266 99 290 159
pottedplant 0.0088 105 114 137 145
pottedplant 0.0082 119 122 137 144
pottedplant 0.0076 99 95 173 146
pottedplant 0.0071 76 122 88 146
pottedplant 0.0064 73 93 100 147
pottedplant 0.0048 134 98 172 145
pottedplant 0.0028 155 129 170 142
pottedplant 0.0020 358 133 388 168
pottedplant 0.0018 126 126 163 144
pottedplant 0.0016 107 136 121 146
pottedplant 0.0015 52 94 97 148
pottedplant 0.0013 176 172 196 181
pottedplant 0.0012 31 85 172 144
pottedplant 0.0011 174 163 197 186
pottedplant 0.0010 167 172 200 207
diningtable 0.2472 245 158 286 197
diningtable 0.1908 246 158 287 171
diningtable 0.1104 117 206 219 278
diningtable 0.0903 0 214 95 298
diningtable 0.0697 283 164 495 278
diningtable 0.0591 245 157 342 199
diningtable 0.0455 241 157 376 180
diningtable 0.0256 307 159 368 172
diningtable 0.0208 251 231 336 285
diningtable 0.0098 243 161 276 173
diningtable 0.0087 259 167 281 199
diningtable 0.0063 255 158 310 168
diningtable 0.0061 253 163 433 215
diningtable 0.0058 162 268 294 329
diningtable 0.0054 243 163 269 200
diningtable 0.0049 256 227 497 329
diningtable 0.0046 290 166 485 197
diningtable 0.0024 267 168 286 199
diningtable 0.0022 264 178 280 200
diningtable 0.0020 0 275 61 331
diningtable 0.0018 245 228 374 326
diningtable 0.0018 263 159 315 186
diningtable 0.0017 173 173 197 184
diningtable 0.0014 294 165 425 188
diningtable 0.0013 167 172 200 207
diningtable 0.0013 1 171 149 223
diningtable 0.0010 241 161 253 177
diningtable 0.0010 172 174 197 192
tvmonitor 0.0068 332 80 351 102
tvmonitor 0.0025 165 268 294 330
tvmonitor 0.0020 359 134 388 169
tvmonitor 0.0017 311 118 324 159
tvmonitor 0.0010 250 232 335 287
tvmonitor 0.0010 296 117 305 163
