person 0.8551 404 72 439 128
person 0.7906 76 56 101 90
person 0.7841 371 65 404 136
person 0.7125 108 53 129 79
person 0.4998 379 65 404 93
person 0.1983 208 85 255 126
person 0.0769 264 65 273 75
person 0.0359 374 84 397 121
person 0.0276 314 108 330 124
person 0.0215 383 83 403 126
person 0.0134 392 73 404 100
person 0.0126 219 54 233 68
person 0.0089 103 57 125 88
person 0.0082 395 83 405 100
person 0.0065 390 101 403 126
person 0.0056 32 83 48 93
person 0.0052 229 88 256 124
person 0.0047 395 88 406 117
person 0.0044 234 54 244 69
person 0.0042 149 86 180 122
person 0.0041 205 54 218 68
person 0.0041 104 70 116 85
person 0.0041 241 55 253 70
person 0.0040 233 102 255 125
person 0.0039 212 54 226 68
person 0.0038 160 92 197 120
person 0.0036 227 85 282 126
person 0.0034 396 77 414 126
person 0.0034 247 56 256 71
person 0.0030 203 52 213 68
person 0.0020 87 65 100 87
person 0.0016 427 104 437 122
person 0.0015 377 78 396 108
person 0.0015 379 70 398 89
person 0.0013 401 109 422 126
person 0.0013 194 86 237 119
person 0.0012 202 33 215 67
person 0.0012 223 56 236 69
bicycle 0.0497 218 53 231 68
bicycle 0.0349 209 54 223 68
bicycle 0.0191 78 68 101 90
bicycle 0.0125 222 55 235 68
bicycle 0.0079 88 69 101 88
bicycle 0.0035 203 52 213 68
bicycle 0.0022 401 107 436 127
bicycle 0.0018 402 114 429 127
bicycle 0.0017 104 70 116 85
bicycle 0.0015 104 75 112 87
bicycle 0.0010 232 54 248 69
car 0.9561 48 67 452 315
car 0.0021 313 106 330 123
car 0.0014 105 69 125 86
car 0.0014 104 74 113 85
motorbike 0.0106 78 68 101 90
motorbike 0.0017 88 69 101 88
motorbike 0.0016 212 54 226 68
motorbike 0.0010 103 57 131 96
motorbike 0.0010 104 75 112 87
dog 0.0017 78 68 101 90
dog 0.0015 434 116 448 127
horse 0.0010 78 68 101 90
chair 0.0103 78 68 101 90
chair 0.0052 405 114 429 127
chair 0.0049 401 107 436 127
chair 0.0045 88 69 101 88
chair 0.0022 397 99 415 124
chair 0.0017 411 92 437 124
chair 0.0016 314 107 330 124
chair 0.0016 75 70 89 87
chair 0.0014 394 100 407 125
chair 0.0012 403 78 438 127
pottedplant 0.0104 32 84 49 93
