person 0.8073 141 28 288 218
person 0.8072 205 66 441 298
person 0.0264 225 68 342 218
person 0.0183 228 153 282 200
person 0.0133 429 216 498 302
person 0.0132 279 68 375 164
person 0.0091 230 76 299 201
person 0.0036 280 75 330 163
person 0.0032 167 147 286 213
person 0.0030 258 18 296 183
person 0.0012 260 81 391 213
bicycle 0.0150 417 0 499 91
bicycle 0.0088 382 0 498 209
bicycle 0.0031 452 0 499 66
bicycle 0.0018 413 308 499 373
bicycle 0.0012 417 7 466 74
bicycle 0.0012 446 18 497 98
bicycle 0.0010 465 39 499 96
car 0.0719 3 128 452 375
car 0.0245 162 72 494 330
car 0.0145 375 -3 499 307
car 0.0024 42 16 452 305
motorbike 0.1016 374 -5 499 308
motorbike 0.0204 177 -5 496 331
motorbike 0.0032 24 129 499 370
motorbike 0.0011 416 0 499 107
aeroplane 0.0111 173 1 493 335
aeroplane 0.0023 340 -8 496 317
bus 0.0025 375 -3 499 307
bus 0.0019 7 74 502 372
bus 0.0012 184 -6 499 342
train 0.0280 -2 73 516 378
train 0.0230 177 -5 496 331
train 0.0178 370 -4 499 321
boat 0.0763 0 100 505 370
boat 0.0157 375 -3 499 307
boat 0.0095 0 210 255 371
boat 0.0082 173 1 493 335
boat 0.0017 96 26 365 241
chair 0.0058 376 91 500 302
chair 0.0057 162 72 494 330
chair 0.0050 144 21 295 211
chair 0.0049 1 127 452 373
chair 0.0039 431 172 499 303
chair 0.0022 2 209 283 371
chair 0.0022 438 358 500 373
chair 0.0014 398 300 498 371
chair 0.0012 399 177 499 364
sofa 0.0018 433 175 499 300
sofa 0.0011 42 16 452 305
diningtable 0.0018 392 298 499 371
diningtable 0.0014 3 128 421 370
diningtable 0.0012 1 216 272 369
