person 0.2087 0 -17 482 376
person 0.0548 273 11 440 369
person 0.0123 7 -4 493 188
person 0.0065 286 70 416 274
person 0.0026 0 9 110 367
person 0.0025 248 264 415 371
person 0.0022 0 215 117 370
person 0.0013 0 214 24 346
person 0.0013 0 215 21 277
person 0.0012 0 39 63 338
cat 0.0524 287 59 413 271
cat 0.0160 291 56 403 173
cat 0.0108 248 264 415 371
cat 0.0050 30 1 450 359
cat 0.0027 5 -2 259 167
dog 0.8991 1 0 347 379
dog 0.0144 4 0 263 170
dog 0.0124 287 68 412 271
dog 0.0092 251 267 414 371
dog 0.0040 289 55 402 173
dog 0.0033 -9 201 471 369
sheep 0.0025 -1 0 363 373
chair 0.2709 448 49 500 368
chair 0.1048 259 18 491 371
chair 0.0550 368 42 499 367
chair 0.0470 -12 47 471 370
chair 0.0124 250 205 453 371
chair 0.0063 -5 209 453 371
chair 0.0024 449 81 486 246
chair 0.0024 387 227 453 367
chair 0.0016 5 -2 466 178
sofa 0.3815 -1 -12 495 371
sofa 0.0229 7 -4 493 188
sofa 0.0073 -5 157 439 371
sofa 0.0036 251 9 466 365
sofa 0.0027 448 73 496 311
sofa 0.0012 0 1 86 301
diningtable 0.0018 -11 96 476 371
diningtable 0.0010 450 45 499 368
