person 0.0928 295 0 358 23
person 0.0091 3 39 489 372
person 0.0010 300 163 462 331
cat 0.3342 24 67 442 269
cat 0.0153 47 78 276 231
cat 0.0125 300 163 462 331
cat 0.0014 268 71 458 200
cat 0.0011 265 71 465 343
dog 0.6753 40 65 464 314
dog 0.2275 299 171 460 336
dog 0.0124 226 96 457 341
dog 0.0018 265 68 435 262
bottle 0.0102 295 0 359 23
bottle 0.0067 411 24 501 82
chair 0.0053 412 0 498 82
chair 0.0041 11 29 481 368
chair 0.0016 0 133 61 183
chair 0.0016 295 0 358 23
sofa 0.2189 5 9 492 371
sofa 0.0131 263 156 499 371
sofa 0.0037 0 132 279 371
sofa 0.0037 265 262 496 371
sofa 0.0015 7 240 484 372
sofa 0.0013 10 2 494 153
sofa 0.0012 0 133 61 183
pottedplant 0.0122 295 0 358 23
diningtable 0.0037 3 41 494 364
diningtable 0.0014 415 -1 499 32
diningtable 0.0010 265 262 496 371
