person 0.0014 53 84 70 110
bird 0.0020 70 90 90 115
dog 0.0132 70 90 90 115
dog 0.0079 53 83 69 110
dog 0.0029 125 98 153 130
dog 0.0025 39 80 53 104
horse 0.0126 70 90 90 115
horse 0.0096 53 84 70 110
horse 0.0053 125 98 153 130
horse 0.0021 39 80 53 104
horse 0.0016 301 133 365 202
sheep 0.9320 300 131 366 202
sheep 0.8926 158 100 187 140
sheep 0.8921 125 97 152 130
sheep 0.8425 70 89 90 115
sheep 0.8166 52 83 69 110
sheep 0.7460 40 80 54 103
sheep 0.1018 48 82 63 106
sheep 0.0020 128 98 152 116
sheep 0.0015 162 98 186 109
cow 0.1721 70 90 90 115
cow 0.0636 53 83 69 110
cow 0.0289 125 98 153 130
cow 0.0138 39 80 53 104
cow 0.0056 301 131 365 201
cow 0.0038 158 101 187 142
cow 0.0019 57 88 74 112
