person 0.1057 142 64 182 96
person 0.0450 366 193 374 212
person 0.0440 360 196 368 212
person 0.0221 356 196 363 212
person 0.0161 15 131 77 193
person 0.0156 42 140 72 182
person 0.0131 145 174 188 211
person 0.0059 49 141 69 166
person 0.0055 291 161 304 178
person 0.0047 359 186 374 213
person 0.0029 308 164 325 180
person 0.0025 313 121 338 161
person 0.0022 300 163 312 177
person 0.0022 27 112 79 174
person 0.0018 320 165 334 189
person 0.0015 142 64 169 89
person 0.0011 306 164 319 178
person 0.0011 296 118 336 165
person 0.0010 145 170 180 195
bicycle 0.0033 145 173 188 211
bicycle 0.0013 119 150 159 172
car 0.0067 357 197 364 211
car 0.0034 146 172 189 209
car 0.0032 157 148 245 174
car 0.0020 365 191 373 212
car 0.0019 360 196 368 212
car 0.0016 132 145 265 211
car 0.0014 357 185 373 210
car 0.0011 122 149 159 173
motorbike 0.0196 145 174 189 210
motorbike 0.0065 360 196 368 212
motorbike 0.0049 357 197 364 211
motorbike 0.0027 366 193 374 212
motorbike 0.0026 141 152 194 209
aeroplane 0.0030 110 145 248 180
bus 0.8386 -8 21 364 453
bus 0.0080 157 148 245 178
bus 0.0039 357 185 373 210
bus 0.0025 4 38 362 257
bus 0.0017 252 155 282 189
bus 0.0011 277 161 290 178
bus 0.0010 291 161 304 178
train 0.0133 136 147 245 177
train 0.0019 1 39 363 238
train 0.0015 126 145 253 209
train 0.0014 -3 26 360 462
bird 0.0011 145 174 184 211
dog 0.0015 145 170 189 210
horse 0.0021 145 174 184 211
cow 0.0010 290 161 305 178
chair 0.0071 290 161 305 178
chair 0.0036 246 160 265 190
chair 0.0014 278 160 291 181
chair 0.0010 145 174 189 210
diningtable 0.0011 0 343 364 493
tvmonitor 0.0121 -3 26 360 462
