person 0.1218 24 21 491 359
bird 0.0661 7 19 495 362
bird 0.0019 7 35 179 214
bird 0.0012 11 33 290 290
cat 0.3410 10 40 176 213
cat 0.1257 7 27 495 358
cat 0.0382 11 32 287 294
cat 0.0148 166 116 479 362
dog 0.8380 148 33 489 361
dog 0.2964 8 45 178 216
dog 0.0246 11 32 287 294
dog 0.0023 324 64 485 358
horse 0.0017 15 4 484 364
sheep 0.0021 7 27 495 358
cow 0.0095 46 22 493 359
bottle 0.0532 164 132 226 287
bottle 0.0181 122 120 190 254
bottle 0.0014 159 113 257 365
chair 0.0011 15 4 484 364
sofa 0.0048 28 -13 492 368
diningtable 0.0012 8 15 494 364
