person 0.0234 430 238 468 304
person 0.0079 186 223 498 371
person 0.0063 0 -1 84 155
person 0.0027 121 78 501 371
person 0.0020 207 0 499 194
person 0.0017 174 238 309 370
person 0.0015 487 94 499 199
person 0.0011 60 201 381 371
person 0.0010 390 237 480 306
car 0.0015 382 238 442 256
bird 0.0012 429 239 468 303
cat 0.8801 136 82 496 370
cat 0.2008 427 238 470 304
cat 0.0088 417 235 499 368
cat 0.0085 390 237 480 306
cat 0.0081 122 78 345 333
cat 0.0053 128 80 262 237
cat 0.0028 193 218 499 371
cat 0.0025 337 237 498 372
dog 0.0181 429 239 468 303
dog 0.0154 140 75 500 371
dog 0.0021 424 232 496 305
bottle 0.0016 58 70 67 88
bottle 0.0012 430 239 469 304
bottle 0.0010 465 133 499 218
chair 0.5380 0 0 86 154
chair 0.0420 72 -3 499 309
chair 0.0256 202 0 498 196
chair 0.0216 195 238 313 371
chair 0.0185 44 51 68 103
chair 0.0037 0 -22 214 382
chair 0.0032 0 199 197 372
chair 0.0031 165 99 499 369
chair 0.0024 182 231 496 370
chair 0.0019 488 96 499 146
chair 0.0015 462 133 499 219
chair 0.0012 40 0 225 141
chair 0.0012 0 80 51 153
sofa 0.2772 69 -5 496 375
sofa 0.1369 144 231 488 370
sofa 0.1132 188 238 317 370
sofa 0.0376 207 0 499 214
sofa 0.0328 -23 217 348 371
sofa 0.0047 0 1 85 153
sofa 0.0045 -3 152 202 372
diningtable 0.0125 0 1 84 154
diningtable 0.0094 78 12 223 137
diningtable 0.0080 27 -10 510 374
diningtable 0.0032 351 177 499 305
diningtable 0.0026 77 28 217 79
diningtable 0.0017 -6 162 382 368
diningtable 0.0014 239 147 495 334
tvmonitor 0.0306 462 134 499 219
tvmonitor 0.0259 349 202 500 307
tvmonitor 0.0039 351 182 476 234
tvmonitor 0.0036 441 228 498 303
tvmonitor 0.0011 208 -1 498 194
tvmonitor 0.0010 350 140 499 279
