person 0.9132 0 76 194 368
person 0.9028 305 87 479 311
person 0.8719 136 69 335 367
person 0.0045 154 162 185 190
person 0.0038 137 163 184 204
person 0.0029 65 241 94 337
person 0.0026 88 84 487 357
person 0.0018 137 192 150 203
person 0.0012 147 153 204 192
person 0.0012 63 188 182 362
person 0.0012 152 78 321 239
bottle 0.0032 476 273 499 334
chair 0.1136 371 79 452 177
chair 0.0663 287 245 368 330
chair 0.0354 316 239 471 315
chair 0.0130 321 246 374 309
chair 0.0089 299 292 406 372
chair 0.0082 154 162 185 190
chair 0.0045 292 272 352 327
chair 0.0040 298 272 498 369
chair 0.0035 304 88 480 314
chair 0.0034 446 86 483 192
chair 0.0031 442 91 476 158
chair 0.0019 379 267 408 299
chair 0.0018 137 193 151 203
chair 0.0018 447 74 495 245
chair 0.0017 408 83 450 172
chair 0.0015 346 196 474 299
chair 0.0014 65 102 484 368
chair 0.0014 443 94 456 149
chair 0.0013 395 267 406 292
chair 0.0012 309 157 333 176
chair 0.0010 416 157 445 179
chair 0.0010 327 277 354 307
sofa 0.0152 0 189 499 371
sofa 0.0012 289 126 487 323
sofa 0.0011 96 72 487 361
pottedplant 0.0048 320 81 453 180
pottedplant 0.0031 321 84 366 175
diningtable 0.8689 302 274 499 370
diningtable 0.0114 299 292 406 372
diningtable 0.0027 4 219 496 372
tvmonitor 0.0037 323 81 453 178
