person 0.8486 461 175 484 242
person 0.7843 365 175 386 247
person 0.1873 0 203 10 232
person 0.1101 316 144 347 171
person 0.0550 0 220 10 233
person 0.0507 138 102 161 125
person 0.0501 115 97 154 128
person 0.0347 331 145 349 171
person 0.0263 0 179 10 234
person 0.0251 352 137 375 162
person 0.0222 316 142 343 159
person 0.0196 323 140 373 172
person 0.0164 462 179 474 211
person 0.0160 467 177 478 207
person 0.0154 387 138 397 154
person 0.0117 322 136 346 156
person 0.0094 357 172 376 245
person 0.0087 316 142 337 153
person 0.0072 312 131 358 173
person 0.0070 464 174 473 193
person 0.0067 463 185 478 217
person 0.0063 354 150 373 171
person 0.0063 318 139 335 150
person 0.0062 364 175 383 197
person 0.0045 363 139 389 171
person 0.0028 310 132 332 157
person 0.0027 353 158 368 171
person 0.0023 2 134 22 238
person 0.0020 307 133 315 152
person 0.0019 310 137 323 151
person 0.0018 444 176 459 193
person 0.0017 310 122 391 246
person 0.0017 388 140 396 166
person 0.0015 360 157 375 171
person 0.0012 414 174 428 189
person 0.0012 368 215 384 246
bicycle 0.0168 0 221 10 233
bicycle 0.0038 0 210 10 233
car 0.0389 442 175 459 193
car 0.0116 449 179 459 193
car 0.0101 307 117 444 224
car 0.0087 0 220 10 233
car 0.0018 441 175 453 198
motorbike 0.0097 0 221 10 233
motorbike 0.0044 0 210 10 233
bus 0.2433 307 118 445 226
bus 0.1729 458 155 499 207
bus 0.0540 443 175 458 192
bus 0.0042 312 121 382 192
bus 0.0022 491 149 499 159
bus 0.0015 441 175 453 198
bus 0.0013 377 130 445 221
bus 0.0010 449 179 459 193
train 0.0023 466 158 498 212
bird 0.0013 0 221 10 233
dog 0.0067 0 221 10 233
horse 0.0143 316 143 346 171
horse 0.0015 329 144 366 172
horse 0.0012 0 221 10 233
cow 0.0020 316 143 346 172
chair 0.0018 0 105 9 124
chair 0.0015 0 221 10 233
