person 0.4140 14 4 450 464
person 0.3383 148 9 330 195
person 0.0719 116 10 431 320
person 0.0355 5 147 263 471
person 0.0061 0 0 79 238
person 0.0020 299 0 409 18
person 0.0018 348 0 415 18
person 0.0015 322 25 500 144
person 0.0013 220 39 500 415
cat 0.0354 271 32 478 186
cat 0.0346 317 11 501 149
cat 0.0153 109 160 400 284
cat 0.0125 190 89 430 287
cat 0.0097 267 71 405 188
cat 0.0030 6 21 465 480
cat 0.0026 390 17 499 131
cat 0.0021 114 164 212 243
cat 0.0013 248 162 425 279
cat 0.0010 0 97 272 467
cat 0.0010 460 19 499 74
dog 0.8068 189 148 429 283
dog 0.6774 325 16 501 147
dog 0.3549 11 95 297 467
dog 0.2274 273 31 480 190
dog 0.0508 116 165 212 241
dog 0.0339 221 80 422 241
dog 0.0117 8 6 488 473
dog 0.0091 267 82 409 189
dog 0.0076 82 134 396 438
dog 0.0072 133 9 497 321
dog 0.0037 457 19 499 75
dog 0.0030 125 108 341 263
dog 0.0027 420 16 499 85
dog 0.0011 177 27 437 203
sheep 0.0012 17 142 257 454
chair 0.0284 42 8 502 459
chair 0.0141 0 12 80 243
chair 0.0129 303 11 461 90
chair 0.0031 61 2 246 122
chair 0.0025 299 0 409 18
chair 0.0010 104 5 498 236
sofa 0.5554 10 9 496 465
sofa 0.1583 61 1 483 234
sofa 0.0680 0 4 255 346
sofa 0.0406 207 34 501 416
sofa 0.0362 300 9 460 91
sofa 0.0227 0 6 78 236
sofa 0.0203 150 9 330 196
sofa 0.0172 0 22 131 410
sofa 0.0113 69 0 245 108
sofa 0.0101 96 5 472 113
sofa 0.0090 245 13 496 212
sofa 0.0022 0 139 264 472
sofa 0.0014 10 229 473 468
diningtable 0.0069 161 384 499 472
