person 0.8762 14 24 490 374
person 0.0180 208 75 493 368
person 0.0103 229 279 495 371
person 0.0062 13 269 498 372
person 0.0032 239 132 404 293
person 0.0015 452 66 499 137
car 0.0017 449 298 499 331
train 0.0030 19 9 480 374
bird 0.0010 478 66 499 101
cat 0.0029 239 165 361 303
bottle 0.0340 425 117 460 168
bottle 0.0103 469 183 485 200
bottle 0.0088 452 111 498 147
bottle 0.0076 471 164 499 197
bottle 0.0076 275 144 341 171
bottle 0.0074 444 137 466 153
bottle 0.0061 436 121 466 159
bottle 0.0058 424 74 497 171
bottle 0.0050 451 66 499 149
bottle 0.0033 477 65 499 117
bottle 0.0029 468 177 493 200
bottle 0.0022 425 124 446 167
bottle 0.0021 434 110 456 137
bottle 0.0017 449 298 499 331
bottle 0.0016 279 142 322 161
bottle 0.0015 239 165 361 303
bottle 0.0010 36 27 55 55
chair 0.0074 455 189 499 281
chair 0.0068 426 198 499 305
chair 0.0037 371 197 498 322
chair 0.0019 19 278 346 370
chair 0.0014 323 162 442 274
chair 0.0013 239 132 404 293
chair 0.0011 5 16 477 376
chair 0.0011 8 49 46 108
sofa 0.0083 13 269 498 372
sofa 0.0024 229 279 495 371
sofa 0.0024 20 293 333 369
sofa 0.0012 1 77 65 370
pottedplant 0.0352 473 67 499 117
pottedplant 0.0299 450 65 499 144
pottedplant 0.0041 52 0 171 35
pottedplant 0.0013 478 67 499 97
pottedplant 0.0012 7 26 102 107
pottedplant 0.0012 452 110 497 146
pottedplant 0.0012 36 27 56 52
tvmonitor 0.0346 244 163 389 299
tvmonitor 0.0178 454 188 499 283
tvmonitor 0.0073 424 196 498 294
tvmonitor 0.0066 309 164 398 279
tvmonitor 0.0040 188 0 278 87
tvmonitor 0.0010 384 196 499 321
