person 0.3045 232 146 256 169
person 0.0804 45 115 60 141
person 0.0764 286 147 310 190
person 0.0344 368 99 377 113
person 0.0289 71 118 86 138
person 0.0203 282 145 301 188
person 0.0168 53 40 72 64
person 0.0144 43 111 56 132
person 0.0139 285 146 303 170
person 0.0108 225 173 236 184
person 0.0106 283 163 297 188
person 0.0103 355 102 366 115
person 0.0101 51 124 65 141
person 0.0095 359 99 374 114
person 0.0092 221 136 242 169
person 0.0090 227 149 242 168
person 0.0084 251 176 262 187
person 0.0082 239 149 265 170
person 0.0082 0 122 7 153
person 0.0073 120 94 127 104
person 0.0071 79 122 97 140
person 0.0070 320 168 329 186
person 0.0065 233 144 265 187
person 0.0063 56 128 67 142
person 0.0059 85 124 105 141
person 0.0056 95 127 107 142
person 0.0047 226 153 238 169
person 0.0047 48 37 62 56
person 0.0046 68 121 82 140
person 0.0045 239 174 254 186
person 0.0044 317 172 328 190
person 0.0043 59 134 68 143
person 0.0041 231 174 244 185
person 0.0040 288 153 328 191
person 0.0039 286 169 300 186
person 0.0037 1 117 12 139
person 0.0036 224 159 238 184
person 0.0036 357 97 368 114
person 0.0033 245 175 260 187
person 0.0033 97 118 109 139
person 0.0032 254 176 270 187
person 0.0029 363 92 373 107
person 0.0029 250 150 274 171
person 0.0026 40 112 53 128
person 0.0025 43 108 52 118
person 0.0024 340 140 351 161
person 0.0023 337 139 351 177
person 0.0022 312 162 328 187
person 0.0019 336 146 345 177
person 0.0019 60 43 71 60
person 0.0018 293 65 309 84
person 0.0018 62 106 74 116
person 0.0017 261 177 275 187
person 0.0015 257 149 297 185
person 0.0014 258 85 270 95
person 0.0014 52 121 74 142
person 0.0014 35 112 55 139
person 0.0013 239 162 270 203
person 0.0013 243 153 271 188
person 0.0012 258 74 269 87
person 0.0012 283 75 293 85
person 0.0012 346 101 364 115
person 0.0010 25 122 37 140
bicycle 0.0035 369 100 377 113
bicycle 0.0022 359 99 374 114
bicycle 0.0019 342 101 358 115
bicycle 0.0018 356 102 368 114
car 0.4722 167 111 175 136
car 0.3909 236 80 256 91
car 0.3371 267 87 284 99
car 0.2342 295 77 307 85
car 0.2284 258 85 270 95
car 0.2154 294 69 309 84
car 0.2082 1 117 13 139
car 0.2003 270 71 286 85
car 0.1867 243 79 258 90
car 0.0874 173 90 182 103
car 0.0868 221 79 235 86
car 0.0724 166 104 179 134
car 0.0670 256 77 269 94
car 0.0364 120 94 128 104
car 0.0242 247 78 267 93
car 0.0211 236 78 250 87
car 0.0191 283 75 293 85
car 0.0190 274 61 294 84
car 0.0183 169 80 225 136
car 0.0179 258 74 269 87
car 0.0101 434 61 448 69
car 0.0096 220 79 250 90
car 0.0096 166 89 183 135
car 0.0088 150 92 158 100
car 0.0066 137 91 154 100
car 0.0060 427 73 440 81
car 0.0048 420 67 431 75
car 0.0042 170 79 234 112
car 0.0039 423 70 438 80
car 0.0029 369 100 377 113
car 0.0027 166 88 180 100
car 0.0021 0 116 9 151
car 0.0017 157 91 166 99
car 0.0017 171 87 200 107
car 0.0016 171 80 349 261
car 0.0015 179 79 217 95
motorbike 0.0013 369 100 377 113
bus 0.9507 171 80 348 261
bus 0.9341 12 80 125 208
bus 0.5744 275 62 294 85
bus 0.4421 292 66 310 82
bus 0.1620 268 72 286 86
bus 0.0969 278 63 308 84
bus 0.0134 258 74 269 87
bus 0.0047 295 77 307 85
bus 0.0046 243 79 258 90
bus 0.0037 256 77 269 94
bus 0.0029 267 86 285 100
bus 0.0026 170 79 234 112
bus 0.0024 170 89 220 138
bus 0.0023 221 79 235 86
bus 0.0023 2 119 13 137
bus 0.0022 236 79 253 90
bus 0.0018 263 64 277 81
bus 0.0014 0 82 30 139
bus 0.0013 167 101 185 136
bus 0.0013 259 64 272 85
bus 0.0010 279 53 295 68
bus 0.0010 167 112 175 135
train 0.0028 274 62 294 84
train 0.0013 11 77 125 208
boat 0.0015 294 67 310 84
chair 0.0060 355 102 366 115
chair 0.0051 342 101 358 115
chair 0.0032 359 99 374 114
chair 0.0020 369 100 377 113
chair 0.0017 283 163 297 188
chair 0.0010 71 118 87 139
pottedplant 0.0117 355 101 368 115
pottedplant 0.0113 369 99 377 112
pottedplant 0.0110 359 99 374 114
pottedplant 0.0077 342 100 359 115
pottedplant 0.0043 362 92 372 103
diningtable 0.0019 355 101 368 115
