person 0.0096 -3 -2 497 312
person 0.0037 0 298 12 330
person 0.0014 464 242 499 325
bicycle 0.0025 462 240 499 326
cat 0.8355 82 37 460 286
cat 0.0010 462 240 499 326
dog 0.0028 462 240 499 326
dog 0.0013 83 47 454 285
bottle 0.0032 261 21 332 59
chair 0.0485 0 -2 481 311
chair 0.0260 462 241 499 326
chair 0.0050 0 299 12 330
chair 0.0011 346 -1 500 217
chair 0.0010 94 0 205 62
sofa 0.4687 1 0 489 330
sofa 0.0515 347 3 499 216
sofa 0.0011 258 5 499 313
sofa 0.0011 463 240 499 326
diningtable 0.0061 462 240 499 326
diningtable 0.0028 0 -3 485 331
diningtable 0.0024 343 -1 498 217
