person 0.0376 0 0 60 67
person 0.0117 0 3 18 46
person 0.0064 2 22 36 64
person 0.0020 0 0 34 47
bicycle 0.0085 0 0 34 47
bicycle 0.0079 0 3 18 46
bicycle 0.0016 1 24 35 65
bicycle 0.0012 0 2 52 66
car 0.0103 167 -5 500 352
car 0.0018 83 0 111 25
car 0.0015 98 0 111 7
car 0.0015 94 0 111 20
motorbike 0.0088 0 0 35 64
motorbike 0.0015 0 1 18 44
bus 0.0034 167 -5 500 352
train 0.0012 167 -5 500 352
bird 0.0388 1 26 34 65
bird 0.0066 410 12 428 31
bird 0.0031 0 38 25 66
cat 0.0400 2 25 36 65
dog 0.1134 1 25 36 65
dog 0.0039 1 16 59 66
dog 0.0017 0 38 25 66
dog 0.0013 17 68 150 213
horse 0.0025 0 6 36 66
sheep 0.9372 17 68 151 217
sheep 0.9117 182 116 315 291
sheep 0.0948 2 25 36 65
sheep 0.0614 111 101 156 156
sheep 0.0215 174 87 323 226
sheep 0.0062 172 95 255 174
sheep 0.0045 75 66 156 160
sheep 0.0035 1 16 59 66
cow 0.0059 1 24 36 65
cow 0.0018 0 0 60 66
bottle 0.0010 1 26 35 65
chair 0.0028 0 4 18 45
chair 0.0015 0 17 35 65
