person 0.0039 109 134 136 201
person 0.0036 219 153 246 193
person 0.0027 252 159 268 172
person 0.0025 199 150 222 194
person 0.0016 213 141 270 212
person 0.0016 198 151 218 173
person 0.0012 248 160 267 197
person 0.0011 83 135 138 204
person 0.0010 245 152 288 210
car 0.8433 202 137 294 214
car 0.0023 245 152 288 210
car 0.0016 198 151 218 174
motorbike 0.0033 200 138 294 215
train 0.0016 200 138 294 215
bird 0.0044 116 136 130 152
bird 0.0017 114 135 134 192
bird 0.0012 73 260 102 286
bird 0.0010 83 135 138 204
cat 0.0010 83 135 138 204
dog 0.0022 198 151 218 173
dog 0.0015 109 134 136 201
dog 0.0013 83 135 138 204
