person 0.0010 138 278 147 286
car 0.0289 24 317 60 327
car 0.0096 248 314 274 331
car 0.0061 21 315 37 323
car 0.0046 20 317 58 337
car 0.0023 18 311 65 327
car 0.0013 261 304 317 320
car 0.0012 40 320 62 330
car 0.0010 17 310 36 322
aeroplane 0.7810 8 245 331 330
aeroplane 0.6380 0 318 373 493
aeroplane 0.0151 248 306 321 329
aeroplane 0.0126 151 243 326 322
aeroplane 0.0050 248 312 278 330
aeroplane 0.0024 246 293 324 325
aeroplane 0.0014 264 308 320 323
aeroplane 0.0014 235 272 261 288
aeroplane 0.0013 1 137 358 318
aeroplane 0.0012 38 268 299 302
aeroplane 0.0011 244 244 326 322
bus 0.0031 248 314 274 331
train 0.3896 4 256 333 331
train 0.2056 2 263 121 328
train 0.0057 0 265 67 325
train 0.0012 2 262 72 282
