person 0.0132 208 194 218 205
person 0.0067 196 193 224 250
person 0.0044 206 194 218 215
person 0.0036 204 195 222 237
person 0.0034 184 194 198 202
person 0.0031 289 150 322 196
person 0.0013 182 193 234 256
person 0.0010 198 194 216 206
car 0.0600 4 213 65 247
car 0.0295 153 152 491 273
car 0.0230 4 204 141 257
car 0.0100 429 174 499 249
car 0.0080 3 217 499 329
car 0.0043 2 200 242 265
car 0.0014 402 177 490 277
motorbike 0.0055 17 149 494 276
aeroplane 0.7915 16 147 486 269
aeroplane 0.0024 3 220 499 327
bus 0.0013 33 150 492 276
bus 0.0010 430 174 498 244
boat 0.0019 5 147 496 300
boat 0.0013 3 220 499 327
