person 0.0070 63 81 71 92
person 0.0020 34 174 54 219
car 0.0023 14 154 150 243
car 0.0017 0 176 36 241
car 0.0014 18 63 60 76
car 0.0014 14 64 38 75
car 0.0011 22 51 35 63
aeroplane 0.9175 331 144 378 163
aeroplane 0.0150 334 147 357 159
aeroplane 0.0075 331 146 344 157
train 0.0181 4 64 190 280
train 0.0039 5 4 176 200
train 0.0016 61 114 141 159
train 0.0014 56 74 164 125
boat 0.0883 15 86 37 96
boat 0.0683 14 80 62 96
boat 0.0517 13 46 64 95
boat 0.0402 9 3 170 108
boat 0.0290 4 21 187 284
boat 0.0225 12 50 38 82
boat 0.0223 15 64 36 76
boat 0.0176 9 48 26 75
boat 0.0169 0 73 18 80
boat 0.0111 10 32 56 81
boat 0.0106 14 63 57 77
boat 0.0098 0 51 22 79
boat 0.0097 14 64 62 85
boat 0.0091 11 11 100 94
boat 0.0090 6 61 149 98
boat 0.0084 2 77 154 108
boat 0.0064 1 63 19 78
boat 0.0061 11 49 21 72
boat 0.0057 14 77 37 94
boat 0.0049 12 112 143 160
boat 0.0045 21 51 35 65
boat 0.0040 61 82 72 92
boat 0.0036 49 68 161 105
boat 0.0033 56 58 171 128
boat 0.0032 0 114 17 159
boat 0.0028 54 82 150 123
boat 0.0023 3 80 156 192
boat 0.0021 0 110 48 159
boat 0.0021 8 116 63 192
boat 0.0016 13 49 31 70
boat 0.0014 0 132 13 159
boat 0.0013 -1 22 163 160
boat 0.0013 0 74 19 93
boat 0.0010 66 75 137 100
bird 0.0037 329 144 379 164
chair 0.0016 15 155 149 241
