person 0.5368 175 400 334 498
person 0.2815 177 221 332 491
person 0.0060 74 85 333 487
person 0.0029 80 376 331 497
person 0.0024 248 224 334 476
person 0.0013 217 86 332 327
person 0.0011 289 224 333 391
bird 0.0085 79 430 184 491
cat 0.8820 79 35 314 490
cat 0.0123 110 263 296 485
cat 0.0121 -2 110 112 361
cat 0.0010 -10 41 257 369
dog 0.0148 88 99 312 490
dog 0.0090 102 271 296 482
horse 0.0011 62 131 330 490
chair 0.0015 75 54 321 493
sofa 0.0012 75 54 321 493
pottedplant 0.0085 0 123 113 435
pottedplant 0.0065 212 85 331 280
pottedplant 0.0046 0 385 111 493
pottedplant 0.0012 83 42 313 363
