person 0.8927 3 207 159 330
person 0.6119 358 75 381 141
person 0.4941 177 47 255 292
person 0.0537 56 209 101 266
person 0.0416 366 72 390 138
person 0.0233 247 75 282 167
person 0.0211 233 57 284 289
person 0.0170 303 56 326 94
person 0.0163 372 54 391 117
person 0.0121 178 47 251 165
person 0.0117 260 78 281 106
person 0.0108 363 76 378 98
person 0.0087 364 76 385 117
person 0.0045 260 92 279 107
person 0.0043 257 91 280 119
person 0.0035 460 164 475 217
person 0.0034 441 160 491 266
person 0.0031 365 68 384 103
person 0.0028 473 117 490 129
person 0.0022 227 56 237 75
person 0.0022 251 88 281 134
person 0.0021 471 154 492 253
person 0.0020 478 168 487 189
person 0.0016 127 98 165 133
person 0.0014 318 69 329 93
person 0.0013 476 119 499 270
person 0.0013 476 167 490 224
person 0.0013 471 122 499 169
person 0.0010 258 76 278 93
bicycle 0.0027 393 269 477 331
bicycle 0.0019 303 257 454 331
bicycle 0.0012 399 269 448 315
car 0.0024 10 -10 489 313
car 0.0017 467 118 499 171
aeroplane 0.0028 -20 -8 504 323
bus 0.0076 35 -5 365 324
train 0.8632 -7 -8 501 328
train 0.0086 141 13 309 316
train 0.0019 445 117 499 294
