person 0.8378 416 215 440 298
person 0.8101 390 217 412 303
person 0.5693 131 129 145 146
person 0.5233 283 203 316 230
person 0.3344 253 193 267 219
person 0.1137 74 216 81 244
person 0.1030 365 216 375 233
person 0.0556 278 136 292 158
person 0.0515 344 193 369 234
person 0.0508 253 190 285 221
person 0.0496 438 232 448 265
person 0.0479 247 195 267 237
person 0.0430 279 200 300 230
person 0.0244 407 255 421 277
person 0.0222 109 141 121 151
person 0.0185 350 209 376 234
person 0.0182 391 218 400 251
person 0.0178 370 217 385 234
person 0.0162 407 246 421 268
person 0.0161 278 197 288 225
person 0.0126 109 139 118 148
person 0.0105 377 218 387 233
person 0.0093 391 222 403 288
person 0.0091 108 223 118 235
person 0.0089 132 204 153 237
person 0.0082 279 193 300 218
person 0.0081 129 223 137 236
person 0.0078 339 198 359 232
person 0.0076 138 224 152 236
person 0.0075 267 192 286 219
person 0.0068 360 208 374 231
person 0.0059 113 223 124 235
person 0.0050 206 196 222 235
person 0.0046 418 215 428 237
person 0.0042 11 207 23 217
person 0.0039 347 192 358 208
person 0.0039 250 99 265 116
person 0.0037 128 119 138 138
person 0.0036 109 216 122 235
person 0.0035 410 228 425 288
person 0.0035 6 206 14 218
person 0.0035 392 217 410 252
person 0.0033 125 221 135 236
person 0.0031 376 140 386 162
person 0.0029 113 138 124 150
person 0.0026 322 206 334 229
person 0.0025 242 101 262 117
person 0.0024 110 131 125 149
person 0.0023 118 130 142 149
person 0.0021 255 204 267 235
person 0.0018 1 204 12 223
person 0.0018 0 220 12 231
person 0.0017 277 93 292 112
person 0.0017 425 218 439 250
person 0.0016 137 227 147 237
person 0.0016 420 214 434 231
person 0.0015 409 223 424 251
person 0.0015 260 197 290 233
person 0.0014 435 220 448 257
person 0.0014 93 135 101 154
person 0.0012 230 100 248 120
person 0.0012 157 116 168 139
person 0.0011 420 226 430 250
person 0.0011 225 192 266 238
person 0.0011 241 103 254 119
person 0.0011 4 211 13 224
person 0.0010 229 100 240 121
person 0.0010 279 188 311 224
person 0.0010 118 216 131 236
person 0.0010 250 191 262 217
bicycle 0.0029 0 331 30 358
car 0.2682 74 217 81 245
car 0.0584 48 195 67 206
car 0.0051 407 255 421 277
car 0.0042 407 264 419 278
car 0.0042 0 221 11 231
car 0.0021 439 231 449 262
car 0.0012 11 207 23 217
car 0.0010 408 243 421 267
motorbike 0.0026 74 217 81 244
bus 0.9575 80 52 395 319
bus 0.0080 390 168 500 269
bus 0.0033 391 178 460 243
bus 0.0020 74 217 81 244
train 0.0020 390 169 499 266
bird 0.0010 249 20 263 32
dog 0.0012 278 136 292 158
chair 0.0018 112 141 123 150
pottedplant 0.0028 0 220 12 231
