car 0.0028 0 10 358 268
bird 0.0021 170 135 308 248
bird 0.0013 433 241 461 255
bird 0.0013 111 16 277 132
cat 0.2882 -2 9 288 237
cat 0.2396 162 134 320 250
cat 0.1230 111 16 277 132
cat 0.0613 142 135 482 256
cat 0.0135 6 120 383 263
cat 0.0025 29 45 256 180
dog 0.0226 110 16 278 137
dog 0.0192 -1 7 289 246
dog 0.0040 161 133 326 250
horse 0.0010 9 11 344 241
sheep 0.0634 115 15 281 135
sheep 0.0026 200 21 286 135
sheep 0.0014 245 26 285 132
cow 0.0037 97 16 286 140
cow 0.0023 9 11 344 241
cow 0.0013 193 20 286 133
cow 0.0010 433 241 461 255
chair 0.0015 0 10 358 268
sofa 0.0134 -1 5 296 259
sofa 0.0089 31 11 284 139
sofa 0.0059 23 2 504 280
pottedplant 0.0018 209 107 236 133
