person 0.0334 4 -2 476 164
person 0.0189 0 21 88 147
person 0.0062 0 -16 486 380
person 0.0011 2 231 495 372
cat 0.6737 37 91 480 266
cat 0.0184 194 127 492 264
cat 0.0118 5 98 266 268
dog 0.3047 38 90 480 269
dog 0.0062 3 100 271 264
chair 0.0624 -6 -3 500 398
chair 0.0056 445 -1 499 172
chair 0.0031 7 -2 479 167
chair 0.0019 -3 189 495 373
chair 0.0019 208 0 498 318
sofa 0.6139 -4 -2 501 387
sofa 0.0678 8 -3 482 178
sofa 0.0346 2 220 494 372
sofa 0.0172 445 -3 499 177
sofa 0.0033 0 11 86 151
sofa 0.0027 0 15 261 310
sofa 0.0014 1 -4 262 162
diningtable 0.0012 13 -3 476 140
diningtable 0.0010 446 -2 499 168
