person 0.0131 199 165 211 173
person 0.0108 472 242 487 311
person 0.0026 461 302 470 324
person 0.0021 475 249 495 307
person 0.0017 187 165 212 174
car 0.0069 472 242 487 310
aeroplane 0.0085 371 151 462 173
aeroplane 0.0051 473 245 487 310
aeroplane 0.0041 294 195 445 244
aeroplane 0.0012 413 150 446 170
bus 0.0010 473 245 487 310
train 0.0012 299 206 447 238
boat 0.7385 297 174 441 206
boat 0.7000 93 190 259 232
boat 0.5624 170 165 260 189
boat 0.5153 219 114 290 175
boat 0.3066 472 245 487 311
boat 0.1955 371 156 422 173
boat 0.1580 224 149 290 173
boat 0.1457 299 206 447 238
boat 0.1438 371 151 452 174
boat 0.1167 313 155 441 179
boat 0.1163 167 114 289 185
boat 0.0970 300 201 442 224
boat 0.0479 293 181 444 246
boat 0.0379 292 188 443 204
boat 0.0368 182 167 257 178
boat 0.0353 170 177 258 195
boat 0.0311 322 174 428 195
boat 0.0236 251 171 289 182
boat 0.0231 394 150 466 170
boat 0.0210 217 159 289 179
boat 0.0203 231 164 287 175
boat 0.0198 307 157 450 194
boat 0.0156 325 164 374 175
boat 0.0154 254 179 287 195
boat 0.0147 329 214 445 246
boat 0.0136 253 112 280 157
boat 0.0134 265 113 279 152
boat 0.0131 208 162 257 177
boat 0.0124 158 169 287 206
boat 0.0099 244 167 287 175
boat 0.0093 351 224 379 238
boat 0.0074 73 207 275 229
boat 0.0069 476 245 486 276
boat 0.0063 248 162 290 173
boat 0.0058 142 239 225 269
boat 0.0058 149 136 392 218
boat 0.0050 330 225 372 240
boat 0.0050 412 150 446 170
boat 0.0048 110 112 478 253
boat 0.0044 173 184 253 209
boat 0.0038 369 163 445 177
boat 0.0037 322 161 420 175
boat 0.0037 221 176 290 194
boat 0.0034 315 173 358 184
boat 0.0034 379 181 439 192
boat 0.0033 87 109 294 248
boat 0.0033 227 161 262 176
boat 0.0033 331 228 356 239
boat 0.0030 236 166 257 176
boat 0.0030 200 166 214 174
boat 0.0029 329 236 372 247
boat 0.0028 43 157 490 308
boat 0.0026 341 175 398 193
boat 0.0025 233 166 281 181
boat 0.0023 466 154 486 179
boat 0.0023 317 170 389 187
boat 0.0021 251 137 281 153
boat 0.0019 263 170 290 180
boat 0.0019 246 148 282 159
boat 0.0019 219 156 253 170
boat 0.0019 309 179 379 191
boat 0.0019 376 171 426 182
boat 0.0018 381 184 441 196
boat 0.0018 322 225 360 237
boat 0.0015 120 148 169 155
boat 0.0013 380 179 419 191
boat 0.0013 175 164 218 175
boat 0.0012 187 165 212 174
boat 0.0011 219 156 242 166
boat 0.0010 263 140 281 152
bird 0.0014 472 242 487 311
bird 0.0014 200 166 211 173
bird 0.0011 461 302 470 324
chair 0.0052 351 224 380 238
chair 0.0043 340 216 429 240
chair 0.0014 142 238 225 266
chair 0.0013 408 150 444 170
chair 0.0010 472 244 487 311
pottedplant 0.0031 466 153 487 180
diningtable 0.0011 369 157 448 172
