person 0.0307 -7 -5 503 373
person 0.0051 1 -3 240 376
bicycle 0.0139 0 -5 500 370
bicycle 0.0021 0 4 243 370
car 0.0061 -7 -5 503 373
car 0.0010 0 2 239 370
motorbike 0.0226 -2 -4 503 370
motorbike 0.0015 0 4 243 370
cat 0.1492 65 107 487 351
cat 0.0152 9 8 317 363
cat 0.0030 -23 -42 485 390
cat 0.0013 217 111 486 277
cat 0.0010 106 139 347 347
dog 0.0348 66 101 482 353
dog 0.0037 -30 -43 530 364
dog 0.0019 5 9 326 374
dog 0.0011 228 113 487 274
horse 0.0011 1 -3 240 376
bottle 0.0112 14 8 260 343
bottle 0.0022 66 4 227 169
chair 0.0191 1 -3 240 376
chair 0.0024 0 -5 500 370
chair 0.0016 1 0 111 63
chair 0.0014 1 52 143 363
sofa 0.0047 0 3 242 372
sofa 0.0040 14 0 498 233
diningtable 0.0324 0 -5 502 372
diningtable 0.0043 0 3 242 372
diningtable 0.0040 19 -2 500 195
diningtable 0.0015 460 0 499 110
diningtable 0.0010 1 52 143 363
