person 0.9336 0 184 132 371
person 0.0073 239 257 251 274
person 0.0055 0 0 15 63
person 0.0043 0 268 82 371
person 0.0039 250 257 265 276
person 0.0036 281 275 298 285
person 0.0035 214 253 229 273
person 0.0030 0 0 15 159
person 0.0024 240 256 263 277
person 0.0021 245 257 279 282
person 0.0017 255 258 314 305
person 0.0013 136 196 171 212
person 0.0011 246 256 260 272
person 0.0010 -6 180 390 373
bicycle 0.0021 134 197 172 232
car 0.9342 157 242 372 346
car 0.7051 171 201 233 229
car 0.2512 137 196 170 213
car 0.0742 136 197 222 223
car 0.0209 135 196 172 228
car 0.0101 136 181 179 213
car 0.0093 136 197 192 217
car 0.0054 118 202 170 234
car 0.0049 222 213 234 229
car 0.0010 36 329 419 369
motorbike 0.0044 136 196 221 230
motorbike 0.0014 134 197 172 232
bottle 0.0019 0 0 15 63
bottle 0.0010 110 280 118 300
chair 0.0018 0 269 110 372
