person 0.5291 219 105 258 140
person 0.0359 283 99 320 136
person 0.0037 219 86 230 96
person 0.0034 270 128 283 137
person 0.0032 304 102 357 133
person 0.0023 201 53 223 85
person 0.0023 135 93 155 153
person 0.0022 219 77 231 95
person 0.0021 134 64 152 107
person 0.0019 218 67 235 95
person 0.0018 178 54 193 75
person 0.0018 190 52 216 77
person 0.0015 159 53 193 77
person 0.0010 41 174 55 194
car 0.9265 174 91 478 293
car 0.4381 133 74 222 148
car 0.1073 134 68 297 148
car 0.0437 127 46 448 148
car 0.0060 211 92 320 140
car 0.0027 187 50 258 90
car 0.0027 137 50 197 91
car 0.0013 233 7 497 208
car 0.0011 144 57 190 80
car 0.0011 211 49 255 70
car 0.0010 214 53 283 88
bus 0.0018 132 8 482 258
pottedplant 0.0076 1 62 57 247
