person 0.7840 87 202 97 230
person 0.2915 447 187 467 245
person 0.1518 461 203 468 222
person 0.1345 102 208 110 223
person 0.1270 460 202 469 238
person 0.0604 182 203 197 220
person 0.0255 449 191 462 232
person 0.0249 195 204 204 219
person 0.0114 447 189 458 208
person 0.0106 422 196 434 208
person 0.0056 66 208 75 218
person 0.0056 474 207 482 219
person 0.0049 100 203 112 221
person 0.0035 415 147 425 162
person 0.0035 108 212 117 222
person 0.0034 427 188 480 239
person 0.0034 105 201 115 216
person 0.0027 478 207 488 218
person 0.0023 424 194 438 206
person 0.0019 456 211 467 243
person 0.0018 210 259 223 271
person 0.0016 72 345 126 374
person 0.0016 457 205 499 243
person 0.0013 414 137 447 166
person 0.0013 162 203 197 220
person 0.0012 57 346 229 373
person 0.0012 204 247 228 324
person 0.0012 203 208 219 219
person 0.0010 446 187 456 201
person 0.0010 389 189 411 202
bicycle 0.0064 66 208 77 217
car 0.1085 344 185 501 246
car 0.1077 145 205 174 217
car 0.0716 321 206 335 214
car 0.0706 253 210 277 220
car 0.0664 309 207 321 214
car 0.0486 335 203 360 213
car 0.0482 280 204 304 214
car 0.0408 202 210 219 218
car 0.0294 180 204 198 220
car 0.0249 310 205 334 214
car 0.0235 144 208 160 217
car 0.0127 195 205 204 219
car 0.0117 200 204 251 217
car 0.0113 107 211 126 220
car 0.0099 66 207 79 217
car 0.0078 425 202 500 243
car 0.0043 231 207 249 215
car 0.0023 110 211 146 219
car 0.0021 162 203 197 220
car 0.0020 460 205 499 242
car 0.0015 218 206 248 215
car 0.0014 101 207 109 224
car 0.0013 108 202 124 214
car 0.0012 179 208 192 220
motorbike 0.0039 180 202 196 220
motorbike 0.0025 191 205 203 220
aeroplane 0.9141 74 89 416 217
aeroplane 0.0117 335 203 360 213
aeroplane 0.0075 310 205 334 214
aeroplane 0.0038 281 204 309 215
aeroplane 0.0027 145 205 176 216
aeroplane 0.0018 326 204 349 213
aeroplane 0.0011 308 206 322 214
aeroplane 0.0011 323 206 336 214
bus 0.0601 199 204 249 217
bus 0.0288 335 203 360 213
bus 0.0237 279 204 304 215
bus 0.0195 145 205 174 217
bus 0.0118 218 206 248 215
bus 0.0076 253 210 277 220
bus 0.0073 231 207 249 215
bus 0.0054 310 205 334 214
bus 0.0051 202 208 220 218
bus 0.0032 323 206 336 214
bus 0.0024 326 204 349 213
bus 0.0021 343 185 502 246
bus 0.0020 308 206 322 214
bus 0.0011 180 204 198 220
boat 0.0014 335 203 360 213
sofa 0.0011 343 185 502 246
pottedplant 0.5539 0 292 62 368
pottedplant 0.0195 0 290 228 373
pottedplant 0.0039 22 339 138 373
pottedplant 0.0026 9 335 86 373
pottedplant 0.0013 48 345 231 373
pottedplant 0.0012 0 301 22 354
