person 0.6553 463 169 474 194
person 0.1923 464 173 483 194
person 0.1149 236 114 269 159
person 0.0558 219 121 239 154
person 0.0292 219 141 245 166
person 0.0140 219 116 262 161
person 0.0039 284 124 309 168
person 0.0034 258 136 270 158
person 0.0030 291 125 321 167
person 0.0025 249 135 270 161
person 0.0019 259 110 285 157
person 0.0017 243 100 266 137
person 0.0016 258 134 280 160
person 0.0011 351 208 357 228
person 0.0010 190 120 207 171
bicycle 0.4628 464 177 487 195
bicycle 0.1332 463 178 474 195
bicycle 0.0125 460 170 477 193
car 0.0173 466 177 487 194
car 0.0043 351 208 357 228
motorbike 0.0360 464 177 487 195
motorbike 0.0224 463 178 474 195
motorbike 0.0055 460 170 477 193
bus 0.9583 60 70 355 267
chair 0.0025 465 178 487 195
diningtable 0.0013 467 178 487 194
