person 0.0118 390 194 402 213
person 0.0010 376 197 390 214
car 0.0057 0 161 16 189
car 0.0010 0 160 38 213
bottle 0.9146 169 94 228 292
bottle 0.0721 259 153 303 286
bottle 0.0347 219 146 246 284
bottle 0.0134 221 187 235 271
bottle 0.0085 262 134 334 290
bottle 0.0074 230 208 253 289
bottle 0.0058 391 195 401 211
bottle 0.0035 216 154 228 188
bottle 0.0033 224 218 234 270
bottle 0.0025 169 152 189 277
bottle 0.0013 387 195 399 214
bottle 0.0013 220 143 283 312
bottle 0.0011 267 144 282 188
bottle 0.0011 282 138 355 273
chair 0.0021 44 274 335 326
sofa 0.0012 11 67 501 331
pottedplant 0.0407 0 132 158 304
pottedplant 0.0159 0 22 174 213
pottedplant 0.0100 4 134 127 227
pottedplant 0.0067 94 100 173 182
pottedplant 0.0066 1 110 87 206
pottedplant 0.0051 0 193 116 319
pottedplant 0.0042 49 134 129 204
pottedplant 0.0035 354 202 421 273
pottedplant 0.0032 88 178 170 281
pottedplant 0.0030 1 253 71 322
pottedplant 0.0027 81 130 154 231
pottedplant 0.0021 441 141 499 281
pottedplant 0.0015 83 135 131 187
pottedplant 0.0014 424 216 498 290
pottedplant 0.0014 95 308 124 327
pottedplant 0.0013 0 205 51 317
pottedplant 0.0011 97 180 154 225
pottedplant 0.0011 17 254 67 300
diningtable 0.5135 22 254 497 328
diningtable 0.1726 11 67 501 331
diningtable 0.0301 45 274 324 326
diningtable 0.0045 245 258 501 328
diningtable 0.0013 308 258 485 298
diningtable 0.0012 339 259 434 287
