person 0.0499 402 199 410 222
person 0.0063 361 216 369 230
person 0.0053 370 215 377 232
person 0.0051 260 187 268 211
person 0.0047 180 129 187 137
person 0.0030 363 213 372 233
person 0.0024 8 129 22 139
person 0.0016 371 205 379 232
person 0.0013 394 203 402 221
car 0.3198 25 228 51 237
car 0.1008 0 226 23 234
car 0.0022 63 218 91 238
car 0.0017 57 219 75 236
car 0.0014 171 193 180 202
car 0.0013 0 226 27 244
car 0.0010 38 223 77 236
bus 0.0054 24 228 50 237
bus 0.0036 0 225 23 234
train 0.8942 138 205 300 254
train 0.0085 138 210 178 254
train 0.0069 383 183 398 205
train 0.0046 422 173 498 217
train 0.0026 60 219 88 236
train 0.0026 297 184 355 224
train 0.0024 457 176 499 214
train 0.0019 333 203 348 220
train 0.0019 7 212 117 236
train 0.0018 27 228 51 237
train 0.0015 335 208 345 220
train 0.0013 88 200 139 239
train 0.0012 73 218 90 238
train 0.0010 255 208 300 236
