person 0.0051 0 -11 501 370
car 0.0013 0 0 490 373
cat 0.0084 38 62 407 253
cat 0.0024 2 -7 482 346
dog 0.8185 37 64 407 254
dog 0.0187 2 -7 482 346
dog 0.0068 255 69 411 228
chair 0.1371 0 0 490 373
chair 0.0086 5 14 327 268
chair 0.0037 1 198 475 370
chair 0.0021 407 327 499 373
chair 0.0011 406 333 445 374
chair 0.0010 17 294 472 373
sofa 0.5207 -2 5 495 373
sofa 0.0099 7 -1 498 152
sofa 0.0062 3 10 308 258
sofa 0.0038 280 -2 497 137
sofa 0.0026 266 -4 499 336
sofa 0.0022 1 198 475 370
diningtable 0.0038 7 291 495 372
diningtable 0.0012 -2 114 495 375
