person 0.9016 0 237 53 374
person 0.0387 43 223 80 371
person 0.0381 30 228 65 369
person 0.0200 32 248 51 286
person 0.0187 470 -1 499 131
person 0.0125 30 225 55 285
person 0.0122 464 3 499 234
person 0.0108 0 246 12 271
person 0.0099 0 248 11 301
person 0.0099 280 287 475 372
person 0.0048 41 224 57 263
person 0.0030 55 225 71 261
person 0.0021 13 226 27 242
person 0.0020 20 211 59 281
person 0.0020 0 256 11 340
person 0.0019 51 244 67 301
person 0.0019 0 235 27 272
person 0.0017 286 327 354 374
person 0.0015 76 319 104 372
person 0.0015 50 230 71 329
person 0.0015 32 224 44 253
person 0.0015 33 251 53 310
person 0.0013 13 225 37 243
person 0.0013 101 157 498 369
person 0.0011 19 224 43 249
person 0.0010 186 231 478 373
bird 0.0044 287 328 353 374
bird 0.0017 270 285 470 372
bird 0.0011 464 98 499 237
cat 0.0240 270 285 470 372
cat 0.0026 101 150 498 372
cat 0.0024 287 328 353 374
dog 0.1050 270 284 470 372
dog 0.0335 104 151 498 372
dog 0.0041 465 98 499 237
dog 0.0011 267 212 502 372
sheep 0.1148 272 285 470 372
sheep 0.0748 110 152 461 365
sheep 0.0078 464 98 499 237
sheep 0.0011 362 220 498 373
cow 0.0037 348 286 467 373
cow 0.0014 104 151 498 372
chair 0.1503 271 287 482 370
chair 0.0306 286 327 353 374
chair 0.0159 246 319 344 373
chair 0.0108 101 157 498 369
chair 0.0090 186 231 478 373
chair 0.0032 464 3 499 234
sofa 0.0067 101 157 498 369
sofa 0.0023 21 26 509 375
sofa 0.0010 277 283 481 371
pottedplant 0.0040 75 315 104 374
pottedplant 0.0019 32 227 74 370
pottedplant 0.0012 73 265 104 369
diningtable 0.0012 244 319 351 373
