person 0.8446 42 142 72 233
person 0.0103 64 174 73 226
person 0.0053 55 150 73 230
person 0.0027 473 210 499 263
person 0.0020 39 160 49 214
person 0.0011 65 177 72 199
person 0.0010 65 151 73 198
bicycle 0.0010 267 227 375 308
car 0.0035 477 351 499 373
bus 0.0012 191 94 291 174
boat 0.0024 477 351 499 373
bird 0.0037 206 85 228 95
bird 0.0021 235 83 250 95
bird 0.0013 158 37 171 50
cat 0.0038 206 85 228 95
bottle 0.0094 243 223 254 262
bottle 0.0027 287 153 295 174
bottle 0.0019 255 223 267 262
bottle 0.0019 273 216 282 262
bottle 0.0019 159 267 178 313
bottle 0.0013 384 295 431 319
chair 0.6466 406 208 469 261
chair 0.6226 398 211 499 297
chair 0.1276 473 209 499 263
chair 0.0152 398 255 486 296
chair 0.0038 64 184 73 226
chair 0.0034 288 201 484 294
chair 0.0027 477 351 499 373
chair 0.0022 267 227 375 308
chair 0.0019 39 168 49 206
chair 0.0011 110 319 288 372
sofa 0.3373 399 208 499 297
sofa 0.0126 473 210 499 263
sofa 0.0031 288 201 484 294
sofa 0.0030 386 208 468 258
sofa 0.0013 397 255 496 297
pottedplant 0.7770 292 195 414 308
pottedplant 0.7321 156 134 202 275
pottedplant 0.5292 257 87 311 172
pottedplant 0.2702 285 95 312 174
pottedplant 0.0487 160 136 197 173
pottedplant 0.0253 163 205 199 267
pottedplant 0.0198 205 86 310 170
pottedplant 0.0135 159 187 199 308
pottedplant 0.0059 288 125 306 173
pottedplant 0.0059 159 91 201 177
pottedplant 0.0053 263 234 375 309
pottedplant 0.0028 235 83 250 95
pottedplant 0.0019 287 145 295 173
pottedplant 0.0019 175 147 197 171
pottedplant 0.0017 308 275 354 308
pottedplant 0.0016 208 202 399 314
pottedplant 0.0016 477 351 499 373
pottedplant 0.0013 311 192 413 262
pottedplant 0.0012 373 209 465 249
pottedplant 0.0011 160 162 197 204
pottedplant 0.0011 168 246 187 280
pottedplant 0.0011 160 248 184 312
diningtable 0.1993 110 300 503 371
diningtable 0.0083 477 351 499 373
diningtable 0.0066 108 320 290 372
diningtable 0.0024 413 289 498 358
diningtable 0.0022 398 244 501 297
diningtable 0.0018 198 237 490 371
diningtable 0.0016 265 209 490 299
diningtable 0.0011 438 289 499 324
tvmonitor 0.8964 192 94 292 174
tvmonitor 0.0127 404 208 467 243
tvmonitor 0.0069 86 142 114 164
tvmonitor 0.0048 456 23 498 158
