person 0.1393 342 263 351 293
person 0.0667 225 240 236 257
person 0.0174 0 248 63 320
person 0.0099 29 262 54 284
person 0.0096 0 177 69 318
person 0.0084 27 261 65 318
person 0.0036 329 121 345 133
person 0.0014 152 99 162 112
person 0.0013 26 261 133 319
person 0.0012 175 260 187 282
person 0.0011 29 267 46 283
person 0.0010 35 261 66 281
person 0.0010 228 261 270 300
person 0.0010 204 310 265 320
person 0.0010 28 282 59 306
person 0.0010 42 262 68 300
bicycle 0.0416 225 240 237 258
bicycle 0.0038 184 273 272 319
bicycle 0.0033 227 249 246 263
bicycle 0.0027 193 245 240 279
bicycle 0.0023 204 309 260 320
bicycle 0.0017 203 240 235 256
bicycle 0.0016 3 251 151 318
bicycle 0.0015 230 257 247 270
bicycle 0.0012 217 238 256 263
bicycle 0.0012 26 285 159 318
bicycle 0.0010 383 169 398 180
car 0.6035 225 262 270 299
car 0.0175 243 185 259 196
car 0.0124 203 240 229 254
car 0.0122 191 254 234 279
car 0.0072 297 138 314 149
car 0.0071 205 258 236 277
car 0.0052 231 257 248 269
car 0.0049 202 241 215 252
car 0.0041 254 186 272 197
car 0.0039 317 147 342 157
car 0.0038 234 259 256 275
car 0.0029 200 205 231 237
car 0.0026 202 251 235 264
car 0.0024 205 311 259 320
car 0.0024 188 257 278 316
car 0.0020 239 258 266 270
car 0.0018 230 171 253 181
car 0.0016 297 254 326 265
car 0.0015 150 208 159 223
car 0.0015 291 202 313 215
car 0.0014 226 240 236 257
car 0.0014 252 183 288 199
car 0.0014 1 177 104 299
car 0.0014 268 191 284 200
car 0.0013 184 262 238 307
car 0.0012 217 238 256 263
car 0.0011 381 170 397 180
car 0.0011 0 248 150 317
car 0.0011 342 263 351 293
car 0.0010 226 276 248 298
motorbike 0.0251 225 241 237 258
motorbike 0.0058 184 273 272 319
motorbike 0.0056 204 310 265 320
motorbike 0.0040 3 251 151 318
motorbike 0.0039 225 261 269 298
motorbike 0.0014 203 240 235 256
motorbike 0.0011 227 249 246 263
aeroplane 0.0018 297 138 314 149
bus 0.0181 225 260 269 298
bus 0.0041 297 138 314 149
train 0.0258 227 262 269 298
train 0.0035 317 147 342 157
train 0.0032 230 187 296 262
train 0.0030 231 141 499 315
train 0.0030 317 102 348 135
train 0.0023 297 138 314 149
train 0.0018 226 183 352 277
train 0.0011 327 120 344 132
train 0.0010 381 170 397 180
boat 0.1213 225 261 270 298
boat 0.0096 199 183 233 243
boat 0.0039 189 252 236 281
boat 0.0020 202 251 235 264
boat 0.0017 200 205 231 237
boat 0.0014 188 257 278 316
bottle 0.0040 342 263 351 293
bottle 0.0016 175 260 187 282
bottle 0.0016 225 240 235 257
bottle 0.0011 171 192 181 208
chair 0.0533 0 249 62 319
chair 0.0285 200 184 233 241
chair 0.0247 82 294 153 319
chair 0.0212 200 184 232 208
chair 0.0203 1 77 37 94
chair 0.0123 0 251 150 318
chair 0.0121 29 282 63 318
chair 0.0106 149 184 173 213
chair 0.0105 380 169 397 179
chair 0.0090 242 185 259 196
chair 0.0084 146 94 176 113
chair 0.0059 201 204 231 232
chair 0.0057 0 93 37 121
chair 0.0053 26 285 159 318
chair 0.0042 200 192 232 217
chair 0.0032 203 240 229 254
chair 0.0029 228 172 252 181
chair 0.0028 149 183 169 195
chair 0.0025 220 178 241 187
chair 0.0021 202 241 215 252
chair 0.0018 225 240 236 258
chair 0.0016 154 206 203 260
chair 0.0015 191 257 230 280
chair 0.0014 29 265 47 283
chair 0.0013 66 92 84 119
chair 0.0012 218 179 231 187
chair 0.0011 28 283 58 304
chair 0.0010 77 92 89 117
sofa 0.0423 0 248 63 319
sofa 0.0021 0 249 146 319
sofa 0.0012 200 182 232 208
pottedplant 0.4487 156 145 208 215
pottedplant 0.1291 151 143 211 277
pottedplant 0.0127 0 178 64 281
pottedplant 0.0100 154 185 203 262
pottedplant 0.0079 200 189 233 243
pottedplant 0.0075 199 184 233 218
pottedplant 0.0060 172 191 186 207
pottedplant 0.0044 146 95 172 113
pottedplant 0.0034 253 98 286 107
pottedplant 0.0021 321 102 347 133
pottedplant 0.0020 201 205 230 231
pottedplant 0.0014 183 142 227 187
pottedplant 0.0010 380 169 397 179
diningtable 0.0302 184 258 283 317
diningtable 0.0085 149 183 169 195
diningtable 0.0081 200 184 232 208
diningtable 0.0071 149 183 173 213
diningtable 0.0070 38 228 341 317
diningtable 0.0052 0 248 62 319
diningtable 0.0048 40 139 350 322
diningtable 0.0021 199 183 233 242
diningtable 0.0019 189 252 236 281
diningtable 0.0015 139 210 302 272
diningtable 0.0014 220 177 247 187
diningtable 0.0012 233 193 291 216
diningtable 0.0010 179 191 353 317
diningtable 0.0010 239 185 260 195
tvmonitor 0.3395 299 138 314 148
tvmonitor 0.0044 253 98 286 107
tvmonitor 0.0025 293 118 314 148
tvmonitor 0.0020 277 137 286 151
tvmonitor 0.0011 317 102 348 131
tvmonitor 0.0010 229 135 283 158
