person 0.8923 58 115 196 352
person 0.0124 234 160 257 186
person 0.0108 319 182 327 195
person 0.0042 230 151 251 181
person 0.0017 68 192 104 263
person 0.0012 236 150 263 184
car 0.9107 42 122 345 279
car 0.1962 329 168 355 217
car 0.0489 20 155 66 227
car 0.0443 19 154 104 263
car 0.0352 332 198 351 217
car 0.0215 51 153 67 161
car 0.0062 338 169 355 204
car 0.0056 21 130 192 273
car 0.0052 20 154 66 181
car 0.0031 48 153 68 171
car 0.0021 57 122 211 195
car 0.0017 317 182 326 195
car 0.0015 325 192 350 214
car 0.0013 332 194 353 259
bus 0.0043 325 169 355 217
bus 0.0015 338 169 355 208
bus 0.0014 40 123 344 279
bus 0.0011 20 154 65 227
bottle 0.8673 273 309 288 361
chair 0.0108 0 474 32 498
