person 0.9066 4 18 499 373
person 0.6685 0 145 82 256
person 0.6580 40 94 90 168
person 0.5459 0 117 35 151
person 0.2241 50 93 89 140
person 0.2014 39 124 53 141
person 0.1184 2 46 258 372
person 0.0939 0 143 57 225
person 0.0644 0 110 36 235
person 0.0548 11 133 39 150
person 0.0520 0 154 28 247
person 0.0409 0 96 9 122
person 0.0287 52 110 83 142
person 0.0235 35 125 77 167
person 0.0193 0 96 25 123
person 0.0165 34 146 72 181
person 0.0120 421 107 499 200
person 0.0095 0 205 24 246
person 0.0088 0 184 82 291
person 0.0051 63 95 89 122
person 0.0036 2 124 69 171
person 0.0035 0 111 11 144
person 0.0034 0 247 74 291
person 0.0034 11 118 34 134
person 0.0023 5 111 26 122
person 0.0021 0 143 19 174
person 0.0018 18 121 35 135
person 0.0011 0 124 12 159
person 0.0010 10 147 59 183
person 0.0010 0 77 79 236
person 0.0010 65 95 89 111
car 0.0020 230 185 270 225
chair 0.2596 0 247 74 291
chair 0.0815 421 107 499 198
chair 0.0281 0 243 39 259
chair 0.0139 1 249 47 271
chair 0.0074 0 205 24 247
chair 0.0064 230 189 269 224
chair 0.0056 43 133 78 169
chair 0.0054 11 133 39 150
chair 0.0050 420 103 499 359
chair 0.0037 39 124 54 142
chair 0.0029 11 14 492 372
chair 0.0022 442 166 465 185
chair 0.0017 38 147 74 181
chair 0.0013 0 213 504 370
chair 0.0012 9 247 72 266
chair 0.0011 -3 172 86 303
chair 0.0011 0 248 75 357
chair 0.0011 1 144 83 257
chair 0.0010 170 48 221 63
sofa 0.0074 0 247 74 291
sofa 0.0063 0 150 86 305
sofa 0.0060 4 234 493 372
sofa 0.0047 11 14 492 372
sofa 0.0016 0 244 72 373
sofa 0.0014 421 107 498 200
sofa 0.0013 419 114 499 365
sofa 0.0010 228 175 499 371
pottedplant 0.0010 0 116 35 148
diningtable 0.0153 0 206 24 247
diningtable 0.0094 229 190 270 225
diningtable 0.0062 -2 247 71 290
diningtable 0.0055 0 243 39 259
diningtable 0.0026 229 207 270 225
diningtable 0.0018 0 252 36 268
diningtable 0.0012 0 230 19 247
tvmonitor 0.7932 51 14 121 81
