person 0.7097 15 1 499 450
person 0.2847 335 162 499 364
person 0.2036 416 1 499 217
person 0.1148 331 15 499 419
person 0.0977 11 -1 321 248
person 0.0655 156 140 499 451
person 0.0110 381 185 499 285
person 0.0076 198 0 497 211
person 0.0050 0 0 195 456
person 0.0037 12 150 185 350
person 0.0035 466 18 499 183
person 0.0024 104 0 414 160
person 0.0018 333 182 420 359
person 0.0013 88 408 179 456
bird 0.0025 11 154 190 364
cat 0.1727 11 154 190 364
cat 0.0020 44 156 218 470
dog 0.5728 16 155 192 363
dog 0.0163 17 45 496 455
dog 0.0078 0 42 219 452
dog 0.0019 37 147 300 431
dog 0.0015 57 196 207 458
horse 0.0020 16 4 500 454
cow 0.0011 12 151 175 354
bottle 0.0036 467 15 499 184
chair 0.0337 36 15 499 453
chair 0.0066 0 1 193 449
chair 0.0059 417 1 499 215
chair 0.0036 331 15 498 412
chair 0.0030 441 3 500 155
chair 0.0028 470 14 499 161
chair 0.0022 437 0 498 68
chair 0.0022 100 102 404 429
chair 0.0019 314 1 498 219
chair 0.0018 0 194 86 439
chair 0.0013 188 162 499 395
chair 0.0012 167 1 498 323
chair 0.0011 324 85 386 185
sofa 0.3556 16 4 500 454
sofa 0.0518 417 0 499 216
sofa 0.0511 0 0 217 452
sofa 0.0262 212 178 500 451
sofa 0.0107 116 -1 496 204
sofa 0.0094 312 0 497 215
sofa 0.0078 34 345 496 456
sofa 0.0068 437 0 498 67
sofa 0.0050 0 187 86 435
sofa 0.0026 234 326 499 452
sofa 0.0024 15 203 201 455
sofa 0.0017 0 18 102 449
sofa 0.0017 438 0 500 132
sofa 0.0014 331 15 498 412
sofa 0.0014 0 0 317 286
