person 0.4741 366 145 381 186
person 0.0150 362 144 380 236
person 0.0126 0 186 27 233
person 0.0048 51 187 96 233
person 0.0028 382 153 394 186
person 0.0028 350 152 359 175
person 0.0027 51 181 119 279
person 0.0022 15 179 104 299
person 0.0021 490 186 499 231
person 0.0019 374 149 404 247
person 0.0018 346 134 380 247
person 0.0017 462 160 469 182
person 0.0014 381 116 393 128
person 0.0012 454 193 488 231
person 0.0012 67 173 153 290
person 0.0011 418 208 435 244
person 0.0010 0 183 30 269
person 0.0010 11 174 57 237
person 0.0010 386 160 398 190
bicycle 0.0034 375 217 406 246
car 0.0035 70 245 167 288
car 0.0030 50 180 126 239
car 0.0020 52 187 97 233
car 0.0018 48 179 143 290
car 0.0012 476 189 499 231
train 0.8684 4 26 493 290
train 0.0031 196 86 496 247
train 0.0014 -1 26 242 297
bird 0.0217 65 215 160 293
bird 0.0090 71 246 168 289
bird 0.0021 66 244 118 293
bird 0.0013 60 196 218 290
cat 0.0047 65 215 160 293
cat 0.0014 4 180 219 300
dog 0.0035 64 216 161 293
sheep 0.0101 65 233 159 292
chair 0.0019 395 211 434 237
chair 0.0018 420 210 431 241
pottedplant 0.0047 0 187 27 233
pottedplant 0.0022 375 218 406 245
