person 0.8545 220 118 262 266
person 0.4113 256 134 289 185
person 0.3735 344 141 360 156
person 0.2818 294 105 314 128
person 0.2003 248 135 265 159
person 0.1771 247 135 265 180
person 0.1206 276 101 302 124
person 0.0463 252 154 275 186
person 0.0416 247 137 276 194
person 0.0416 276 146 288 180
person 0.0378 247 134 288 228
person 0.0354 340 130 365 157
person 0.0343 269 138 288 174
person 0.0342 275 101 294 142
person 0.0330 259 165 276 186
person 0.0328 277 102 291 124
person 0.0276 280 126 291 159
person 0.0125 186 142 220 171
person 0.0113 340 137 355 154
person 0.0111 192 129 204 148
person 0.0098 349 140 365 157
person 0.0070 243 137 259 187
person 0.0066 462 132 499 167
person 0.0063 190 129 208 165
person 0.0055 289 103 307 126
person 0.0052 262 107 293 144
person 0.0042 463 138 486 165
person 0.0037 269 158 282 183
person 0.0032 275 108 299 172
person 0.0030 277 125 292 178
person 0.0028 103 136 113 146
person 0.0026 301 117 316 128
person 0.0025 267 120 291 165
person 0.0021 250 186 260 206
person 0.0021 229 122 249 142
person 0.0021 237 122 249 140
person 0.0017 374 133 414 151
person 0.0017 176 138 189 147
person 0.0017 323 110 361 154
person 0.0016 243 165 261 220
person 0.0016 250 187 289 226
person 0.0013 222 129 233 148
person 0.0011 393 134 413 148
person 0.0010 215 156 223 170
person 0.0010 409 68 421 90
car 0.0092 443 164 499 198
car 0.0059 103 136 113 145
car 0.0041 374 133 414 151
car 0.0032 104 135 120 146
car 0.0017 118 123 163 141
aeroplane 0.8070 10 74 506 297
aeroplane 0.0572 185 137 222 171
aeroplane 0.0148 239 90 500 321
aeroplane 0.0048 190 129 208 165
aeroplane 0.0031 175 138 197 153
aeroplane 0.0030 170 129 218 159
aeroplane 0.0018 126 116 195 146
aeroplane 0.0017 181 106 265 164
aeroplane 0.0017 7 59 212 215
aeroplane 0.0016 8 113 313 261
aeroplane 0.0015 134 109 241 166
aeroplane 0.0011 441 159 499 224
boat 0.0323 186 143 222 171
boat 0.0174 444 164 499 199
boat 0.0173 465 132 499 168
boat 0.0065 239 107 500 323
boat 0.0024 444 130 499 191
boat 0.0023 12 61 359 261
boat 0.0018 473 132 499 154
dog 0.0010 186 144 221 172
chair 0.0032 253 137 288 185
chair 0.0028 186 144 222 172
chair 0.0016 269 140 286 163
diningtable 0.0016 7 59 212 215
