person 0.1651 0 314 49 373
person 0.0049 219 338 335 374
person 0.0041 393 360 497 374
person 0.0021 391 263 499 373
person 0.0020 1 304 268 369
person 0.0020 217 259 495 374
bicycle 0.0042 220 338 336 373
car 0.0619 219 339 336 374
car 0.0011 390 263 498 373
motorbike 0.0304 220 338 336 373
motorbike 0.0014 208 259 494 374
motorbike 0.0011 29 331 350 371
motorbike 0.0010 0 314 48 373
motorbike 0.0010 218 292 367 372
boat 0.0046 220 338 336 373
bird 0.0129 230 67 241 80
bird 0.0069 343 68 357 82
bird 0.0044 50 54 61 68
bird 0.0027 42 37 74 70
bird 0.0024 33 63 44 76
cat 0.0344 230 67 241 80
cat 0.0031 343 68 357 82
cat 0.0013 49 54 62 70
cat 0.0012 44 40 72 69
dog 0.0039 230 67 242 79
dog 0.0012 0 315 49 373
horse 0.0053 0 314 49 373
horse 0.0014 44 40 72 69
horse 0.0013 218 339 335 374
sheep 0.0033 390 263 498 373
cow 0.0083 393 263 499 374
cow 0.0021 219 339 335 374
cow 0.0015 0 315 49 373
bottle 0.0087 33 63 44 76
bottle 0.0077 343 68 365 82
bottle 0.0049 357 69 367 80
bottle 0.0032 78 38 91 53
bottle 0.0020 230 67 241 80
bottle 0.0012 216 339 318 373
chair 0.6705 390 262 499 372
chair 0.0430 0 314 50 373
chair 0.0069 230 67 242 79
chair 0.0062 390 360 494 373
chair 0.0015 84 0 102 28
chair 0.0015 220 338 307 374
sofa 0.2808 391 263 499 372
sofa 0.0079 0 314 48 373
pottedplant 0.6606 77 22 112 52
pottedplant 0.0127 82 33 106 51
pottedplant 0.0065 99 26 113 46
pottedplant 0.0058 230 67 242 79
pottedplant 0.0043 385 360 502 373
pottedplant 0.0033 42 37 73 67
pottedplant 0.0028 33 63 44 76
pottedplant 0.0019 76 38 87 55
pottedplant 0.0017 342 67 366 82
pottedplant 0.0010 74 29 92 56
diningtable 0.0080 390 360 496 374
diningtable 0.0041 391 263 499 372
diningtable 0.0017 3 130 485 368
tvmonitor 0.0046 343 68 365 82
