person 0.1318 45 284 129 333
person 0.0954 0 240 22 329
person 0.0495 1 269 129 332
person 0.0209 0 239 17 268
person 0.0175 212 165 224 181
person 0.0060 110 58 436 275
person 0.0054 206 164 231 199
person 0.0050 203 163 247 204
person 0.0045 208 165 225 189
person 0.0035 0 240 59 333
person 0.0035 235 74 290 103
person 0.0033 449 210 467 257
person 0.0031 445 205 476 259
person 0.0028 211 164 232 183
person 0.0025 12 268 45 332
person 0.0020 111 278 131 316
person 0.0019 99 98 165 254
person 0.0017 195 163 226 193
person 0.0017 157 104 228 136
person 0.0017 153 75 296 137
person 0.0015 142 75 303 203
person 0.0013 138 104 239 207
person 0.0012 456 271 499 331
person 0.0012 107 242 126 294
person 0.0010 176 158 225 189
car 0.0669 22 1 497 331
car 0.0022 23 261 39 270
car 0.0017 119 103 296 273
car 0.0015 37 267 57 276
car 0.0015 186 197 296 253
car 0.0012 106 64 418 271
car 0.0011 159 157 304 253
motorbike 0.0052 22 -10 497 327
aeroplane 0.2117 14 3 501 332
aeroplane 0.0011 253 20 461 258
bus 0.1279 45 -2 479 333
train 0.2504 22 -10 497 327
train 0.0013 255 27 459 266
boat 0.0029 46 4 495 332
bird 0.0016 449 208 468 261
cat 0.0011 449 208 468 261
horse 0.0016 1 269 129 332
bottle 0.0535 478 109 499 250
bottle 0.0192 480 119 499 162
bottle 0.0091 449 210 467 257
bottle 0.0061 461 67 499 265
bottle 0.0041 281 28 457 270
bottle 0.0033 0 242 22 329
bottle 0.0014 445 205 476 259
bottle 0.0013 213 167 225 181
chair 0.0071 16 228 92 328
chair 0.0053 475 123 499 320
chair 0.0047 387 137 460 256
chair 0.0041 360 126 480 334
chair 0.0032 314 125 462 262
chair 0.0031 0 251 22 330
chair 0.0029 8 278 129 333
chair 0.0025 30 230 84 291
chair 0.0021 271 25 454 269
chair 0.0021 360 257 485 332
chair 0.0019 0 247 48 333
chair 0.0017 446 198 480 258
chair 0.0011 148 256 369 333
chair 0.0010 379 139 449 196
pottedplant 0.0013 0 242 22 329
diningtable 0.0014 22 -2 498 331
tvmonitor 0.0062 43 231 84 287
tvmonitor 0.0016 47 -2 474 332
tvmonitor 0.0011 392 78 421 109
