person 0.2418 445 179 499 328
person 0.1683 175 214 484 330
person 0.0531 3 0 497 330
person 0.0065 442 30 499 325
person 0.0041 4 172 471 330
person 0.0013 141 282 214 332
bird 0.0011 -4 86 431 327
cat 0.0146 -4 86 431 327
dog 0.9093 -1 84 414 330
horse 0.0010 447 177 499 330
chair 0.0389 447 177 499 330
chair 0.0068 -4 -3 501 329
chair 0.0067 196 211 472 328
chair 0.0018 4 172 471 330
sofa 0.1819 -11 -5 500 328
sofa 0.0800 176 214 486 329
sofa 0.0239 444 177 499 330
sofa 0.0072 3 151 483 329
diningtable 0.0010 -2 -26 498 315
