person 0.0426 0 256 53 325
person 0.0224 -2 191 53 489
person 0.0129 0 255 60 389
person 0.0065 -2 165 108 491
person 0.0049 85 176 373 496
person 0.0046 -1 143 54 349
person 0.0044 312 389 374 496
person 0.0036 0 256 19 295
person 0.0015 -1 302 27 490
person 0.0012 -57 172 35 496
person 0.0010 0 373 23 497
person 0.0010 316 188 374 234
cat 0.0029 317 193 374 234
bottle 0.5765 208 108 232 177
bottle 0.5714 262 87 280 145
bottle 0.2333 246 97 258 133
bottle 0.1703 232 104 246 133
bottle 0.1534 220 103 233 137
bottle 0.1340 209 112 221 139
bottle 0.0995 188 100 197 123
bottle 0.0798 200 122 210 145
bottle 0.0373 223 94 242 131
bottle 0.0220 217 83 244 125
bottle 0.0187 231 132 258 164
bottle 0.0121 177 122 202 142
bottle 0.0081 216 111 228 138
bottle 0.0073 253 103 263 133
bottle 0.0054 269 79 297 141
bottle 0.0045 206 108 218 139
bottle 0.0034 188 85 198 125
bottle 0.0025 210 104 224 128
bottle 0.0018 205 90 238 122
bottle 0.0015 205 116 222 169
bottle 0.0014 0 275 52 325
bottle 0.0012 125 83 161 140
bottle 0.0010 191 84 201 117
bottle 0.0010 217 145 230 177
chair 0.7998 0 164 108 451
chair 0.0344 14 421 108 498
chair 0.0136 2 337 110 497
chair 0.0058 0 255 53 324
chair 0.0045 -2 191 53 489
chair 0.0036 193 56 248 124
chair 0.0036 154 79 203 132
chair 0.0029 0 255 64 392
chair 0.0025 44 372 91 408
chair 0.0021 2 221 362 497
chair 0.0018 10 395 85 469
chair 0.0018 25 386 350 496
chair 0.0016 206 57 247 101
chair 0.0015 22 412 240 497
chair 0.0014 0 315 91 425
chair 0.0014 0 256 19 295
chair 0.0011 -1 143 54 349
chair 0.0011 154 69 240 129
chair 0.0010 33 450 98 495
sofa 0.0074 92 173 373 497
sofa 0.0023 0 255 52 326
sofa 0.0014 -2 155 107 462
sofa 0.0013 3 120 366 397
pottedplant 0.0026 267 80 298 141
pottedplant 0.0014 176 122 202 142
diningtable 0.0209 3 120 366 397
diningtable 0.0112 3 153 198 392
diningtable 0.0091 -2 227 99 497
diningtable 0.0061 7 117 339 255
diningtable 0.0047 0 322 87 425
diningtable 0.0045 51 119 323 202
diningtable 0.0027 27 156 166 222
diningtable 0.0010 12 417 107 498
tvmonitor 0.0016 154 80 206 133
