person 0.3075 331 153 352 189
person 0.1125 330 154 343 184
person 0.0697 262 160 272 190
person 0.0304 343 152 356 181
person 0.0211 138 128 165 161
person 0.0133 261 134 273 191
person 0.0125 180 158 203 202
person 0.0116 330 162 340 189
person 0.0104 132 126 181 189
person 0.0100 134 141 161 170
person 0.0099 489 154 497 165
person 0.0099 112 169 136 195
person 0.0092 492 158 499 167
person 0.0083 307 159 319 176
person 0.0082 482 150 492 163
person 0.0074 147 141 179 192
person 0.0070 148 129 201 201
person 0.0067 119 128 150 174
person 0.0060 417 148 426 168
person 0.0049 306 159 320 188
person 0.0049 255 165 265 189
person 0.0044 285 154 304 183
person 0.0034 301 162 314 187
person 0.0034 184 159 199 184
person 0.0028 467 152 475 164
person 0.0027 261 134 290 193
person 0.0025 152 122 186 178
person 0.0024 92 143 122 179
person 0.0024 106 127 136 166
person 0.0024 182 132 199 172
person 0.0023 298 166 308 192
person 0.0022 149 158 166 186
person 0.0022 148 157 172 196
person 0.0022 98 168 132 197
person 0.0021 109 128 158 189
person 0.0021 379 152 391 181
person 0.0020 293 159 308 184
person 0.0020 252 153 268 191
person 0.0019 348 157 358 185
person 0.0018 469 156 477 166
person 0.0016 191 173 205 200
person 0.0015 262 155 285 190
person 0.0015 162 111 192 153
person 0.0014 300 156 325 191
person 0.0014 277 148 304 191
person 0.0013 468 147 492 162
person 0.0013 449 145 457 165
person 0.0012 232 135 248 158
person 0.0012 144 168 161 194
person 0.0012 411 147 426 176
person 0.0012 114 169 127 181
person 0.0012 374 153 383 179
person 0.0011 338 151 360 188
person 0.0010 177 154 198 187
person 0.0010 403 144 415 173
person 0.0010 349 150 360 178
person 0.0010 308 156 327 178
car 0.0348 448 160 457 169
car 0.0166 0 172 32 183
car 0.0121 468 147 493 162
car 0.0085 491 157 499 166
car 0.0062 448 154 456 165
car 0.0054 482 150 492 163
car 0.0042 491 152 499 165
car 0.0031 448 162 460 173
car 0.0024 471 158 481 167
aeroplane 0.0011 0 0 100 79
bus 0.9335 54 57 453 299
bus 0.0133 468 147 493 162
bus 0.0069 0 172 32 183
bus 0.0031 468 135 499 164
bus 0.0016 448 161 456 169
bus 0.0015 435 145 445 169
train 0.0041 0 172 32 183
boat 0.0078 0 172 32 183
chair 0.0013 284 164 301 189
chair 0.0011 298 167 307 192
chair 0.0010 338 159 352 189
pottedplant 0.0012 0 171 32 183
