person 0.0167 320 0 498 378
person 0.0103 -1 0 184 181
person 0.0072 0 -3 389 360
person 0.0028 17 0 178 36
person 0.0027 7 0 356 164
person 0.0024 16 3 342 49
person 0.0019 0 1 182 83
person 0.0015 327 -1 495 151
cat 0.7514 1 0 385 358
dog 0.0098 -9 1 385 364
horse 0.0011 0 -2 181 125
chair 0.0093 0 -1 427 370
chair 0.0087 320 0 498 375
chair 0.0039 331 1 493 159
chair 0.0021 357 204 499 369
sofa 0.0756 315 3 498 371
sofa 0.0628 4 -6 503 370
sofa 0.0041 357 201 500 371
sofa 0.0035 331 1 491 158
sofa 0.0011 -2 181 502 372
diningtable 0.0058 -2 15 507 375
diningtable 0.0015 357 204 499 369
