person 0.0061 149 233 200 293
person 0.0042 245 206 324 305
person 0.0021 248 206 266 272
person 0.0019 241 155 330 277
person 0.0014 249 163 328 209
person 0.0012 206 202 299 307
train 0.0068 8 30 328 484
cat 0.0123 131 224 263 475
cat 0.0010 245 210 327 302
cat 0.0010 143 233 236 295
dog 0.9074 128 219 261 475
dog 0.0023 145 233 242 295
dog 0.0015 150 234 199 295
dog 0.0014 245 211 327 311
cow 0.0020 248 163 329 211
chair 0.0367 13 41 338 463
chair 0.0149 38 152 225 301
chair 0.0021 251 173 332 376
chair 0.0013 29 154 129 299
chair 0.0013 230 23 328 308
chair 0.0012 94 155 213 243
chair 0.0011 0 45 57 395
chair 0.0010 24 248 103 296
chair 0.0010 26 58 234 101
diningtable 0.0013 26 55 237 102
