person 0.0116 60 165 69 181
person 0.0087 82 144 92 176
person 0.0074 186 174 192 189
person 0.0070 45 166 54 181
person 0.0044 83 142 90 157
person 0.0037 90 167 103 180
person 0.0035 390 182 401 191
person 0.0033 399 -1 501 131
person 0.0031 483 175 490 200
person 0.0026 48 191 63 209
person 0.0025 68 153 91 176
person 0.0022 481 177 491 190
person 0.0019 385 174 393 188
person 0.0016 362 132 378 152
person 0.0016 182 262 192 280
person 0.0014 52 165 68 182
person 0.0012 61 161 73 180
person 0.0010 82 152 113 180
person 0.0010 202 184 229 199
bicycle 0.9634 119 114 422 315
bicycle 0.0031 90 169 102 181
bicycle 0.0021 56 149 113 183
bicycle 0.0011 44 161 113 201
car 0.1157 42 186 68 204
car 0.0967 402 182 421 190
car 0.0191 43 183 96 206
car 0.0128 49 167 66 182
car 0.0077 27 188 64 202
car 0.0071 42 158 107 204
car 0.0060 35 175 68 204
car 0.0057 55 153 110 182
car 0.0046 45 167 54 181
car 0.0044 58 167 68 181
car 0.0029 390 182 401 191
car 0.0027 419 172 432 181
car 0.0022 89 158 119 179
car 0.0021 25 189 43 198
car 0.0019 84 147 109 161
car 0.0017 27 182 47 196
car 0.0016 89 168 103 179
car 0.0015 368 182 385 191
car 0.0015 200 186 229 199
car 0.0014 374 185 386 191
car 0.0013 0 185 15 193
car 0.0012 390 178 402 189
car 0.0011 48 191 63 209
car 0.0010 418 173 432 188
car 0.0010 68 153 91 176
motorbike 0.0012 115 114 418 314
bus 0.0011 115 119 418 315
bottle 0.0011 84 142 90 156
pottedplant 0.0010 402 182 422 190
