person 0.1229 273 241 384 305
person 0.0211 277 347 413 373
person 0.0134 275 243 315 295
person 0.0063 337 247 384 302
person 0.0044 128 340 406 374
person 0.0042 126 244 234 308
person 0.0038 94 327 136 374
person 0.0037 133 347 279 373
person 0.0032 308 243 352 305
person 0.0018 337 247 380 277
person 0.0016 137 234 294 311
person 0.0016 192 271 234 306
person 0.0010 106 311 436 373
person 0.0010 0 301 60 373
car 0.0328 64 191 485 375
car 0.0275 29 0 499 385
motorbike 0.0026 64 191 485 375
motorbike 0.0018 29 0 499 385
bus 0.0011 48 8 501 380
train 0.0041 60 194 478 372
boat 0.0010 47 56 498 386
bird 0.0016 192 270 234 307
cat 0.8853 181 139 290 198
cat 0.0105 275 241 373 304
cat 0.0080 121 270 161 304
cat 0.0041 275 243 315 295
cat 0.0018 192 271 235 308
dog 0.0094 273 241 385 305
dog 0.0038 275 243 315 294
dog 0.0037 184 140 290 197
dog 0.0019 122 269 162 304
bottle 0.0238 361 187 391 232
bottle 0.0011 122 269 161 304
chair 0.0157 134 348 277 373
chair 0.0125 95 327 137 373
chair 0.0114 0 229 135 372
chair 0.0099 123 194 321 312
chair 0.0084 57 226 99 373
chair 0.0031 1 308 137 374
chair 0.0024 1 263 64 370
chair 0.0022 143 239 287 312
chair 0.0021 122 269 162 304
chair 0.0020 88 326 236 375
chair 0.0020 148 245 217 286
chair 0.0016 80 189 335 262
chair 0.0016 288 225 391 251
chair 0.0014 75 188 183 309
chair 0.0012 70 190 454 372
chair 0.0011 78 189 179 229
chair 0.0011 309 205 356 227
chair 0.0010 419 260 483 372
chair 0.0010 29 0 499 385
sofa 0.0052 77 189 337 296
sofa 0.0027 133 347 279 373
sofa 0.0027 106 196 307 244
sofa 0.0026 0 237 136 373
sofa 0.0018 71 189 466 381
sofa 0.0014 0 253 66 372
sofa 0.0014 77 189 178 229
sofa 0.0013 95 327 136 374
sofa 0.0012 137 234 294 311
sofa 0.0011 58 327 269 371
diningtable 0.0032 117 195 317 245
diningtable 0.0027 66 186 346 356
diningtable 0.0025 298 226 385 243
tvmonitor 0.0039 78 194 482 376
tvmonitor 0.0010 47 56 498 386
