person 0.8174 167 205 176 228
person 0.6821 200 243 210 267
person 0.6764 113 268 127 294
person 0.6336 104 268 114 291
person 0.6249 378 193 394 226
person 0.0784 230 210 241 228
person 0.0771 270 255 289 274
person 0.0512 230 210 244 237
person 0.0338 270 259 282 273
person 0.0195 117 269 128 288
person 0.0195 228 214 240 232
person 0.0166 377 203 388 228
person 0.0120 224 215 233 230
person 0.0115 247 247 258 261
person 0.0113 275 246 290 275
person 0.0083 53 263 63 275
person 0.0079 381 196 391 218
person 0.0063 255 247 265 261
person 0.0059 251 247 261 261
person 0.0053 384 203 396 225
person 0.0049 214 222 227 257
person 0.0044 265 202 274 209
person 0.0040 129 270 139 282
person 0.0034 254 200 262 209
person 0.0033 380 190 393 207
person 0.0033 284 200 292 209
person 0.0030 218 212 234 230
person 0.0028 275 246 288 264
person 0.0027 110 249 121 259
person 0.0024 215 220 226 237
person 0.0022 121 268 129 282
person 0.0021 378 206 405 283
person 0.0021 260 200 269 209
person 0.0021 233 208 242 222
person 0.0018 195 244 204 257
person 0.0017 156 242 164 258
person 0.0017 219 220 230 245
person 0.0016 104 249 117 258
person 0.0015 101 249 112 258
person 0.0014 375 208 384 227
person 0.0013 221 213 252 258
person 0.0012 204 241 220 262
person 0.0012 379 213 404 250
person 0.0011 52 258 69 274
person 0.0010 367 221 383 242
person 0.0010 212 235 226 257
car 0.0202 37 262 47 279
car 0.0100 34 261 94 293
car 0.0100 161 237 206 255
car 0.0099 128 271 140 281
car 0.0073 42 241 87 255
car 0.0063 37 261 62 282
car 0.0063 480 125 498 134
car 0.0036 216 209 252 258
car 0.0035 183 237 206 254
car 0.0024 59 264 82 274
car 0.0023 38 256 52 276
car 0.0016 51 263 64 279
car 0.0015 37 242 74 281
car 0.0012 381 196 391 218
car 0.0011 70 221 161 264
car 0.0010 208 195 306 261
aeroplane 0.8270 149 88 393 260
aeroplane 0.1431 477 111 499 132
aeroplane 0.0183 479 125 499 133
aeroplane 0.0134 484 111 499 125
aeroplane 0.0051 341 122 360 129
aeroplane 0.0028 343 115 365 128
aeroplane 0.0022 357 92 375 147
aeroplane 0.0020 398 147 411 168
aeroplane 0.0018 286 91 387 164
aeroplane 0.0016 340 98 375 131
aeroplane 0.0012 383 149 410 185
aeroplane 0.0011 306 144 363 159
aeroplane 0.0010 476 90 499 132
bus 0.0023 162 237 206 255
bus 0.0017 216 209 252 258
bus 0.0012 41 262 138 294
boat 0.0037 480 125 498 134
boat 0.0015 400 150 412 178
chair 0.0010 375 207 384 226
