person 0.8899 199 20 347 337
person 0.1919 459 0 471 27
person 0.0712 448 0 473 28
person 0.0168 193 9 208 28
person 0.0125 459 4 469 21
person 0.0024 443 1 455 28
person 0.0022 211 17 222 28
person 0.0020 170 0 191 21
person 0.0015 177 0 187 12
person 0.0011 172 15 194 26
person 0.0010 227 147 287 178
bicycle 0.0043 193 9 209 28
bicycle 0.0023 444 5 474 31
bicycle 0.0017 171 14 197 27
car 0.4371 400 0 425 8
car 0.1804 172 15 196 27
car 0.0358 168 11 211 28
car 0.0221 155 2 198 27
car 0.0208 448 0 472 27
car 0.0166 364 0 428 10
car 0.0084 193 9 209 28
car 0.0055 155 5 176 27
car 0.0050 211 17 222 28
car 0.0050 307 1 421 28
car 0.0044 199 -1 225 5
car 0.0041 157 0 227 29
car 0.0033 421 0 438 9
car 0.0026 407 8 432 20
car 0.0025 170 0 191 21
car 0.0023 412 0 428 8
car 0.0018 401 1 426 19
car 0.0013 407 6 446 22
car 0.0012 178 99 380 298
motorbike 0.9333 107 112 392 370
motorbike 0.0305 178 99 380 298
motorbike 0.0097 193 9 209 28
motorbike 0.0016 325 136 390 277
motorbike 0.0010 172 15 196 27
bus 0.0025 401 0 423 8
bus 0.0011 154 1 193 27
chair 0.0027 172 15 194 27
chair 0.0015 193 9 208 28
chair 0.0013 154 0 190 27
chair 0.0010 401 0 423 8
chair 0.0010 87 35 112 49
pottedplant 0.0121 91 27 114 46
pottedplant 0.0046 178 0 188 11
pottedplant 0.0041 212 17 221 28
pottedplant 0.0037 193 8 211 28
pottedplant 0.0033 101 25 114 38
pottedplant 0.0033 5 41 172 140
pottedplant 0.0026 0 6 21 23
pottedplant 0.0017 443 4 475 31
pottedplant 0.0013 465 0 499 33
pottedplant 0.0012 432 24 499 68
pottedplant 0.0010 1 0 61 97
