person 0.0023 484 399 499 445
person 0.0022 228 0 398 243
person 0.0014 163 165 344 373
person 0.0011 485 392 499 485
car 0.0082 112 97 235 140
car 0.0017 166 107 233 142
car 0.0015 109 107 130 116
bird 0.0741 154 165 339 371
cat 0.0175 169 171 337 374
cat 0.0012 102 218 127 256
dog 0.1277 165 164 344 374
sheep 0.0362 164 164 337 373
cow 0.0057 169 171 337 374
bottle 0.0114 102 219 126 256
bottle 0.0097 76 220 140 341
chair 0.0053 109 164 388 378
chair 0.0019 2 -2 120 478
chair 0.0016 27 147 478 414
chair 0.0015 112 98 234 146
chair 0.0010 -7 4 421 472
sofa 0.0015 5 34 458 421
pottedplant 0.8999 227 0 399 249
pottedplant 0.6738 107 0 254 233
pottedplant 0.6445 120 110 248 231
pottedplant 0.2782 256 105 391 250
pottedplant 0.0138 80 0 417 261
pottedplant 0.0066 112 98 234 146
pottedplant 0.0053 230 72 295 172
pottedplant 0.0027 135 159 237 231
pottedplant 0.0022 27 18 445 410
pottedplant 0.0017 225 73 369 176
pottedplant 0.0014 166 107 233 142
pottedplant 0.0011 76 220 140 341
diningtable 0.0038 14 167 514 483
diningtable 0.0020 14 362 490 495
