person 0.8865 -2 0 73 265
person 0.8688 265 0 360 236
person 0.8496 150 0 178 57
person 0.7580 176 0 278 251
person 0.4368 175 0 272 116
person 0.2352 306 -4 375 274
person 0.0889 0 1 25 113
person 0.0230 -3 2 27 237
person 0.0164 267 0 363 90
person 0.0151 12 0 59 81
person 0.0088 49 48 72 88
person 0.0084 49 61 69 100
person 0.0084 250 0 274 80
person 0.0066 180 0 202 15
person 0.0065 333 94 374 275
person 0.0062 269 0 357 41
person 0.0057 145 1 160 44
person 0.0052 46 22 72 102
person 0.0050 0 97 18 124
person 0.0042 309 4 322 32
person 0.0042 267 0 299 45
person 0.0041 141 17 162 56
person 0.0040 50 73 64 100
person 0.0036 198 87 288 251
person 0.0034 319 0 373 125
person 0.0022 0 70 20 125
person 0.0017 258 0 273 46
person 0.0017 174 0 183 17
person 0.0015 238 2 273 106
person 0.0012 331 187 374 275
person 0.0012 44 0 289 280
person 0.0010 293 95 351 261
person 0.0010 49 -1 69 87
person 0.0010 43 0 57 31
bicycle 0.4345 139 16 164 55
bicycle 0.0657 142 6 177 57
bicycle 0.0022 155 19 178 56
bicycle 0.0020 259 75 293 188
bicycle 0.0015 142 17 154 46
bicycle 0.0014 137 3 260 65
bicycle 0.0014 259 77 288 129
car 0.0655 12 0 58 79
car 0.0010 0 1 27 111
car 0.0010 49 48 72 88
motorbike 0.8932 43 90 256 432
motorbike 0.1217 139 17 166 55
motorbike 0.0478 192 81 294 252
motorbike 0.0349 139 6 185 57
motorbike 0.0033 137 3 260 65
motorbike 0.0023 12 0 59 81
motorbike 0.0014 259 75 293 188
bottle 0.0879 311 2 322 30
bottle 0.0044 238 59 250 87
bottle 0.0029 302 3 318 30
bottle 0.0018 297 8 312 50
bottle 0.0017 308 4 325 54
bottle 0.0010 295 11 308 26
pottedplant 0.0049 57 11 110 86
pottedplant 0.0011 50 44 72 87
diningtable 0.0010 43 86 261 435
