person 0.0076 283 238 296 249
person 0.0070 263 281 275 295
person 0.0065 262 272 271 282
person 0.0026 272 283 282 296
person 0.0021 198 188 206 202
person 0.0013 241 285 254 318
person 0.0010 226 218 236 233
bird 0.0034 434 168 450 181
bird 0.0016 263 281 275 295
bird 0.0013 242 285 254 319
bottle 0.4412 386 238 397 268
bottle 0.4275 241 284 255 323
bottle 0.3452 391 238 399 269
bottle 0.0778 321 255 333 275
bottle 0.0424 394 232 401 265
bottle 0.0317 375 248 384 266
bottle 0.0292 241 311 256 327
bottle 0.0189 405 199 413 220
bottle 0.0155 384 190 393 216
bottle 0.0124 330 191 338 220
bottle 0.0084 405 153 412 168
bottle 0.0082 355 156 366 179
bottle 0.0079 465 246 480 261
bottle 0.0073 361 186 371 214
bottle 0.0065 375 190 384 217
bottle 0.0060 346 281 382 340
bottle 0.0056 298 299 310 324
bottle 0.0046 348 243 356 255
bottle 0.0042 262 301 287 315
bottle 0.0039 439 238 452 257
bottle 0.0039 365 186 376 214
bottle 0.0038 356 142 368 177
bottle 0.0026 396 232 403 256
bottle 0.0024 419 264 427 274
bottle 0.0024 390 187 398 216
bottle 0.0023 175 182 185 242
bottle 0.0023 382 242 391 265
bottle 0.0021 387 231 399 247
bottle 0.0018 328 251 354 273
bottle 0.0017 401 184 414 219
bottle 0.0017 306 238 320 274
bottle 0.0016 318 198 325 220
bottle 0.0015 434 190 445 203
bottle 0.0015 378 187 387 217
bottle 0.0015 423 263 449 277
bottle 0.0015 351 253 377 266
bottle 0.0014 355 275 371 289
bottle 0.0013 0 187 16 305
bottle 0.0011 263 282 280 302
bottle 0.0010 392 187 400 217
bottle 0.0010 422 241 439 257
bottle 0.0010 234 329 250 340
chair 0.0723 262 301 286 315
chair 0.0550 346 281 382 340
chair 0.0092 298 301 311 324
chair 0.0058 259 300 308 315
chair 0.0037 279 301 301 315
chair 0.0027 350 308 378 341
chair 0.0021 343 342 387 373
chair 0.0014 347 285 357 313
chair 0.0014 406 328 500 373
chair 0.0011 341 279 410 335
chair 0.0010 341 284 357 319
pottedplant 0.8903 456 198 498 260
pottedplant 0.6342 247 111 343 131
pottedplant 0.2792 296 116 343 131
pottedplant 0.1353 193 154 256 180
pottedplant 0.0796 324 121 347 131
pottedplant 0.0362 332 123 347 130
pottedplant 0.0345 252 111 297 130
pottedplant 0.0163 194 161 220 179
pottedplant 0.0155 465 238 489 259
pottedplant 0.0154 274 169 293 181
pottedplant 0.0153 405 153 413 168
pottedplant 0.0147 486 141 500 237
pottedplant 0.0120 247 115 279 129
pottedplant 0.0103 266 169 277 180
pottedplant 0.0084 228 161 264 180
pottedplant 0.0079 246 121 263 129
pottedplant 0.0068 282 170 299 180
pottedplant 0.0063 255 169 268 180
pottedplant 0.0060 242 285 254 319
pottedplant 0.0060 290 171 300 179
pottedplant 0.0054 219 155 244 173
pottedplant 0.0051 248 168 265 180
pottedplant 0.0041 405 197 414 221
pottedplant 0.0041 485 224 498 260
pottedplant 0.0038 194 165 208 179
pottedplant 0.0037 467 226 495 259
pottedplant 0.0036 236 158 253 178
pottedplant 0.0034 321 256 333 274
pottedplant 0.0029 424 243 437 258
pottedplant 0.0022 255 111 276 128
pottedplant 0.0021 262 301 287 315
pottedplant 0.0020 440 237 453 257
pottedplant 0.0017 434 168 450 181
pottedplant 0.0017 352 255 380 268
pottedplant 0.0015 404 154 413 184
pottedplant 0.0012 403 175 412 217
diningtable 0.6469 184 308 498 371
diningtable 0.0893 336 325 499 371
diningtable 0.0115 339 274 406 319
diningtable 0.0057 217 309 361 363
diningtable 0.0036 340 330 428 373
diningtable 0.0019 344 281 384 338
diningtable 0.0017 257 299 307 316
tvmonitor 0.0033 306 238 320 275
tvmonitor 0.0014 488 133 499 232
