person 0.0101 447 13 498 140
person 0.0070 378 1 412 57
person 0.0047 136 23 483 370
person 0.0029 288 0 385 71
person 0.0027 251 0 297 23
person 0.0024 0 0 122 31
person 0.0019 297 0 343 15
person 0.0019 295 -1 362 26
person 0.0015 99 0 138 18
bicycle 0.0036 447 5 499 140
car 0.0015 283 0 385 78
car 0.0011 226 0 301 21
car 0.0010 2 0 140 32
car 0.0010 290 0 358 43
boat 0.0020 359 234 499 283
bird 0.0046 446 16 499 139
cat 0.0082 172 0 308 94
cat 0.0020 446 31 499 140
cat 0.0017 124 14 477 372
cat 0.0011 445 93 498 139
dog 0.9499 126 7 461 371
dog 0.1839 171 1 308 96
dog 0.0055 446 16 499 139
dog 0.0011 446 87 498 139
dog 0.0010 364 0 413 58
horse 0.0028 446 16 499 139
sheep 0.0218 171 1 307 97
sheep 0.0015 186 0 302 27
sheep 0.0010 157 310 229 374
cow 0.0034 172 0 308 94
bottle 0.0012 100 0 137 18
chair 0.0264 283 0 385 77
chair 0.0027 374 0 414 58
chair 0.0025 446 16 499 139
chair 0.0025 481 7 498 49
chair 0.0018 356 0 385 67
chair 0.0016 291 0 372 47
chair 0.0015 104 281 473 371
sofa 0.0017 106 77 478 376
sofa 0.0016 105 235 478 370
pottedplant 0.0223 447 6 499 140
pottedplant 0.0012 283 0 385 78
pottedplant 0.0010 469 1 498 54
diningtable 0.0020 114 277 470 374
