person 0.8472 13 45 30 89
person 0.3115 102 47 114 72
person 0.1816 219 113 260 156
person 0.0481 194 109 252 157
person 0.0410 80 99 100 119
person 0.0360 71 53 80 70
person 0.0313 214 115 242 156
person 0.0253 246 115 280 148
person 0.0169 107 51 118 73
person 0.0112 78 23 115 77
person 0.0098 72 51 86 72
person 0.0095 103 47 111 64
person 0.0070 88 48 98 72
person 0.0042 235 105 274 150
person 0.0035 24 54 36 83
person 0.0034 197 129 227 155
person 0.0033 225 98 294 154
person 0.0033 227 116 240 128
person 0.0032 131 111 161 149
person 0.0027 132 115 149 148
person 0.0024 179 102 229 147
person 0.0023 14 45 29 69
person 0.0021 36 98 61 119
person 0.0020 316 175 345 206
person 0.0019 251 109 294 153
person 0.0017 0 66 14 89
person 0.0015 88 44 95 65
person 0.0015 216 62 288 158
person 0.0014 58 53 69 66
person 0.0014 71 60 83 72
person 0.0014 251 67 273 105
person 0.0013 330 181 345 204
person 0.0013 186 102 207 131
person 0.0013 23 64 37 90
person 0.0012 42 97 62 113
person 0.0011 85 54 118 79
person 0.0011 72 100 94 121
person 0.0010 247 123 270 147
person 0.0010 202 101 243 128
bicycle 0.0054 473 242 499 299
car 0.9057 -2 89 169 195
car 0.7942 16 21 478 311
car 0.3743 0 90 37 119
car 0.1177 24 39 275 230
car 0.0556 0 87 36 95
car 0.0349 0 90 106 131
car 0.0293 26 131 163 232
car 0.0127 0 88 37 103
car 0.0106 1 90 90 190
car 0.0099 128 109 166 148
car 0.0058 0 88 102 111
car 0.0046 56 37 237 164
car 0.0045 23 67 36 87
car 0.0036 0 66 14 89
car 0.0028 474 241 499 299
car 0.0027 127 64 154 74
car 0.0026 254 61 287 103
car 0.0024 0 90 39 182
car 0.0023 236 105 278 147
car 0.0017 24 54 36 83
car 0.0016 403 120 476 214
car 0.0014 255 26 476 257
car 0.0012 12 88 167 114
motorbike 0.0152 474 241 499 299
motorbike 0.0016 16 30 480 316
bus 0.0078 416 -1 498 191
bus 0.0030 22 29 479 320
bus 0.0014 437 66 499 194
boat 0.0031 25 8 132 84
boat 0.0023 0 90 37 119
boat 0.0019 413 -3 497 177
chair 0.0114 102 49 115 73
chair 0.0043 109 55 119 73
chair 0.0034 157 33 271 147
chair 0.0029 89 56 101 73
chair 0.0024 71 53 82 71
chair 0.0016 199 36 270 113
chair 0.0015 0 66 13 89
chair 0.0011 72 62 86 73
pottedplant 0.0109 71 53 82 71
pottedplant 0.0018 72 50 90 72
