person 0.4812 163 0 339 313
person 0.0439 145 5 490 347
person 0.0372 329 128 498 240
person 0.0156 12 33 331 365
person 0.0096 40 96 147 364
person 0.0019 202 97 500 250
person 0.0017 242 197 339 294
chair 0.2279 1 113 145 372
chair 0.0928 328 127 498 243
chair 0.0212 1 117 85 313
chair 0.0188 343 217 496 325
chair 0.0080 135 457 245 483
chair 0.0041 9 95 294 370
chair 0.0011 424 130 498 233
sofa 0.6573 326 127 499 324
sofa 0.6516 4 91 303 374
sofa 0.1719 5 107 151 396
sofa 0.0419 0 121 91 370
sofa 0.0067 11 26 502 394
sofa 0.0055 354 216 497 323
sofa 0.0041 160 99 494 355
sofa 0.0024 165 13 343 345
sofa 0.0022 92 107 211 237
sofa 0.0018 284 181 327 230
sofa 0.0017 81 209 278 365
sofa 0.0014 2 121 71 283
sofa 0.0011 34 292 500 484
pottedplant 0.5041 42 109 148 336
pottedplant 0.0738 163 1 339 292
pottedplant 0.0584 167 30 255 175
pottedplant 0.0233 57 301 146 423
pottedplant 0.0134 7 219 146 406
pottedplant 0.0092 49 89 138 211
pottedplant 0.0086 5 112 231 410
pottedplant 0.0072 42 16 338 340
pottedplant 0.0037 50 90 116 160
pottedplant 0.0011 83 202 146 333
diningtable 0.0767 7 303 493 483
diningtable 0.0154 342 216 496 323
diningtable 0.0042 238 290 499 484
diningtable 0.0010 135 457 245 483
