person 0.8717 39 26 235 391
person 0.7960 454 280 499 366
person 0.6003 386 240 448 394
person 0.4126 440 330 482 396
person 0.4108 204 185 265 263
person 0.3444 354 254 392 396
person 0.3350 227 185 264 227
person 0.2904 432 270 462 356
person 0.1985 467 232 499 314
person 0.1088 468 233 499 271
person 0.0799 435 255 467 325
person 0.0739 384 224 435 320
person 0.0498 216 200 231 219
person 0.0346 425 264 447 313
person 0.0128 433 307 457 353
person 0.0091 221 194 247 225
person 0.0075 433 313 447 356
person 0.0068 214 205 234 227
person 0.0067 373 252 392 316
person 0.0054 438 256 492 393
person 0.0053 398 248 445 316
person 0.0051 183 65 498 394
person 0.0049 375 239 398 293
person 0.0049 440 354 458 368
person 0.0048 455 238 487 271
person 0.0048 441 233 496 322
person 0.0044 375 222 409 281
person 0.0033 478 339 499 396
person 0.0030 481 340 499 370
person 0.0028 474 301 499 363
person 0.0027 189 192 231 261
person 0.0025 164 235 210 287
person 0.0024 454 246 475 278
person 0.0023 161 193 223 289
person 0.0023 452 259 468 281
person 0.0022 468 246 482 271
person 0.0021 465 272 484 294
person 0.0019 484 231 499 264
person 0.0018 488 338 499 365
person 0.0018 368 222 405 351
person 0.0015 467 244 485 285
person 0.0015 170 183 269 349
person 0.0014 428 265 448 292
person 0.0012 373 323 441 396
person 0.0011 462 269 474 290
person 0.0011 439 280 458 317
bicycle 0.0026 377 330 495 395
bicycle 0.0019 443 331 498 396
bird 0.0013 16 2 160 186
bird 0.0011 24 357 57 397
dog 0.0049 440 329 481 371
horse 0.9306 185 67 494 395
horse 0.0318 18 112 425 390
horse 0.0034 1 272 198 393
horse 0.0028 169 256 207 287
horse 0.0023 365 214 496 362
horse 0.0019 404 229 498 333
horse 0.0019 329 90 499 386
horse 0.0017 13 204 248 393
horse 0.0015 460 231 499 316
horse 0.0012 164 235 210 287
horse 0.0011 22 262 113 361
cow 0.0063 183 65 498 394
cow 0.0013 1 275 175 395
chair 0.3620 478 334 499 395
chair 0.3196 373 332 411 396
chair 0.2242 440 330 482 396
chair 0.0489 482 340 499 368
chair 0.0208 442 364 480 396
chair 0.0152 452 353 496 396
chair 0.0145 441 331 483 359
chair 0.0118 381 330 496 396
chair 0.0072 21 260 118 361
chair 0.0056 475 325 499 366
chair 0.0053 480 370 499 396
chair 0.0050 375 333 397 375
chair 0.0041 376 376 411 397
chair 0.0034 27 244 203 386
chair 0.0030 434 314 458 352
chair 0.0029 442 351 472 369
chair 0.0027 383 319 444 395
chair 0.0025 446 329 501 373
chair 0.0023 456 372 479 397
chair 0.0017 440 354 460 369
chair 0.0010 488 328 499 364
sofa 0.0066 478 339 499 396
sofa 0.0023 24 258 121 363
pottedplant 0.0043 1 140 91 283
diningtable 0.0036 478 339 499 396
