person 0.0040 0 0 70 276
person 0.0029 0 -5 184 330
person 0.0026 0 0 50 45
person 0.0023 -4 -3 499 333
person 0.0012 0 0 54 156
car 0.0034 -4 -3 499 333
bird 0.0034 -2 -10 172 318
bird 0.0028 363 87 501 320
bird 0.0023 0 0 49 45
bird 0.0012 0 16 26 45
cat 0.4839 121 8 450 332
cat 0.1819 -1 -7 175 306
cat 0.0632 2 -3 361 301
dog 0.0942 0 -1 172 298
dog 0.0196 122 10 394 324
horse 0.0087 0 -5 183 318
horse 0.0011 -1 -1 452 331
sheep 0.0276 0 -6 175 312
sheep 0.0025 113 9 439 329
cow 0.0650 0 -5 183 318
cow 0.0133 -1 -1 452 331
chair 0.0094 -4 -3 499 333
chair 0.0017 0 176 182 331
sofa 0.0150 -4 -2 522 333
pottedplant 0.0077 0 176 182 331
pottedplant 0.0073 361 33 499 326
pottedplant 0.0015 -1 -3 451 330
diningtable 0.0017 -15 -3 518 334
tvmonitor 0.0029 -15 -3 518 334
