person 0.6941 402 14 430 57
person 0.0262 305 212 340 250
person 0.0174 387 0 442 76
person 0.0063 304 217 322 249
person 0.0051 309 158 335 204
person 0.0015 413 28 434 67
person 0.0014 277 147 368 257
person 0.0011 341 147 362 201
car 0.0015 305 211 343 250
bird 0.0027 309 149 334 204
cat 0.0043 309 149 334 204
cat 0.0024 304 211 343 251
dog 0.9236 157 85 275 275
dog 0.0075 304 211 343 251
bottle 0.2435 278 149 301 205
bottle 0.2271 310 147 331 202
bottle 0.0746 339 147 364 201
bottle 0.0587 298 151 327 204
bottle 0.0193 299 164 316 203
bottle 0.0156 301 146 363 204
bottle 0.0123 328 166 344 202
bottle 0.0079 277 147 364 261
bottle 0.0065 359 161 368 201
bottle 0.0034 351 155 367 200
bottle 0.0016 340 146 356 162
bottle 0.0015 312 147 328 164
bottle 0.0010 479 44 499 81
chair 0.0019 96 0 160 42
chair 0.0012 270 146 366 258
sofa 0.0010 34 -1 70 67
tvmonitor 0.1247 381 0 454 78
tvmonitor 0.0113 479 45 499 79
tvmonitor 0.0023 278 147 368 258
