person 0.8084 48 139 65 183
person 0.2645 226 140 235 152
person 0.1408 277 140 291 152
person 0.1236 244 137 256 152
person 0.0548 295 139 307 154
person 0.0424 65 145 73 173
person 0.0416 24 148 35 175
person 0.0309 310 127 322 155
person 0.0197 341 140 355 155
person 0.0172 267 144 276 152
person 0.0134 324 148 332 156
person 0.0125 62 149 70 173
person 0.0119 289 138 305 153
person 0.0080 310 143 322 155
person 0.0076 262 143 273 153
person 0.0068 311 127 321 144
person 0.0059 283 139 297 152
person 0.0054 19 150 30 174
person 0.0050 323 139 333 155
person 0.0047 302 126 319 154
person 0.0042 53 142 65 172
person 0.0041 267 132 278 152
person 0.0034 338 126 355 155
person 0.0032 54 140 64 157
person 0.0032 133 122 151 151
person 0.0031 244 124 255 150
person 0.0024 211 119 223 153
person 0.0022 321 126 333 154
person 0.0021 212 137 221 152
person 0.0018 339 146 348 155
person 0.0018 212 135 228 152
person 0.0017 357 130 369 154
person 0.0017 257 142 267 154
person 0.0015 148 122 173 163
person 0.0013 259 134 271 153
person 0.0012 452 163 460 175
person 0.0012 159 121 189 156
person 0.0011 272 131 285 151
person 0.0010 51 151 63 176
person 0.0010 453 164 468 187
person 0.0010 298 130 308 152
person 0.0010 333 123 350 153
person 0.0010 276 126 289 152
bicycle 0.6162 49 162 61 186
bicycle 0.0886 48 140 64 186
bicycle 0.0148 59 160 67 174
bicycle 0.0085 59 152 70 177
bicycle 0.0034 48 155 71 187
bicycle 0.0027 51 151 63 176
car 0.0012 59 152 70 177
motorbike 0.0187 48 160 61 186
motorbike 0.0021 59 160 67 174
motorbike 0.0011 48 140 64 186
motorbike 0.0011 59 152 70 177
bus 0.9536 66 82 402 245
chair 0.0059 244 137 256 152
chair 0.0046 343 142 355 155
chair 0.0029 296 140 308 154
chair 0.0013 278 139 290 152
chair 0.0013 324 148 332 156
chair 0.0012 289 138 305 153
chair 0.0012 357 130 369 154
chair 0.0011 304 127 320 155
chair 0.0010 341 132 356 155
pottedplant 0.0017 25 148 35 174
pottedplant 0.0013 19 151 28 173
