person 0.9327 166 28 292 306
person 0.8844 291 146 352 291
person 0.0119 327 58 335 71
person 0.0094 259 144 292 173
person 0.0084 356 95 390 126
person 0.0072 464 59 480 104
person 0.0054 271 137 305 170
person 0.0029 335 56 343 70
person 0.0027 267 111 303 171
person 0.0023 490 61 499 104
person 0.0023 258 148 270 171
person 0.0021 453 61 468 109
person 0.0019 321 162 349 263
person 0.0018 483 55 499 105
person 0.0015 277 137 301 150
person 0.0014 455 91 463 110
person 0.0011 321 147 351 182
person 0.0010 237 101 287 172
person 0.0010 305 141 351 178
person 0.0010 477 59 486 103
bicycle 0.0058 356 95 389 124
bicycle 0.0023 333 224 343 258
bicycle 0.0012 271 137 305 170
bicycle 0.0010 279 131 355 176
car 0.0302 258 145 295 173
car 0.0104 356 96 389 125
car 0.0013 277 137 300 148
car 0.0012 272 138 306 171
car 0.0012 259 148 277 172
car 0.0010 477 119 499 136
car 0.0010 466 120 499 148
motorbike 0.0063 356 96 389 124
motorbike 0.0025 263 136 304 172
bird 0.0029 327 58 335 71
bird 0.0010 300 71 318 82
bird 0.0010 300 166 323 190
dog 0.0011 304 152 352 266
bottle 0.0785 300 166 323 190
bottle 0.0418 327 58 335 70
bottle 0.0365 335 56 343 70
bottle 0.0211 344 324 353 332
bottle 0.0162 276 137 306 169
bottle 0.0094 294 166 315 193
bottle 0.0055 299 164 349 199
bottle 0.0036 293 160 325 186
bottle 0.0035 262 147 292 170
bottle 0.0022 294 165 309 182
bottle 0.0021 307 180 333 203
bottle 0.0017 307 181 347 218
bottle 0.0016 272 142 298 165
bottle 0.0012 299 177 309 195
bottle 0.0011 339 171 352 183
bottle 0.0010 300 71 318 82
chair 0.0346 303 135 354 169
chair 0.0081 303 153 353 255
chair 0.0049 425 61 443 91
chair 0.0032 464 58 479 105
chair 0.0030 484 57 499 105
chair 0.0028 282 147 354 222
chair 0.0027 275 140 345 193
chair 0.0026 357 95 389 125
chair 0.0025 320 161 350 205
chair 0.0025 272 138 306 171
chair 0.0018 294 112 355 171
chair 0.0018 443 62 456 111
chair 0.0017 421 86 448 115
chair 0.0016 448 60 469 108
chair 0.0015 284 144 305 174
chair 0.0013 332 222 343 258
chair 0.0013 300 70 318 83
chair 0.0013 475 59 486 102
chair 0.0012 327 58 335 70
sofa 0.0052 300 133 354 170
pottedplant 0.1683 4 110 107 182
pottedplant 0.1570 299 0 339 18
pottedplant 0.1373 292 111 353 171
pottedplant 0.0404 356 95 389 124
pottedplant 0.0266 299 0 343 70
pottedplant 0.0264 296 115 339 141
pottedplant 0.0258 391 0 446 113
pottedplant 0.0240 237 45 296 171
pottedplant 0.0231 0 -4 64 134
pottedplant 0.0146 1 -1 106 186
pottedplant 0.0146 166 75 187 96
pottedplant 0.0117 395 53 431 109
pottedplant 0.0105 96 101 143 180
pottedplant 0.0080 375 1 391 13
pottedplant 0.0074 302 135 355 169
pottedplant 0.0074 266 107 307 170
pottedplant 0.0070 468 121 499 148
pottedplant 0.0056 422 61 447 114
pottedplant 0.0048 95 101 183 186
pottedplant 0.0047 0 113 135 245
pottedplant 0.0033 475 120 499 139
pottedplant 0.0021 354 0 386 18
pottedplant 0.0018 327 58 335 71
pottedplant 0.0017 309 12 336 48
pottedplant 0.0014 335 56 343 70
pottedplant 0.0013 290 64 356 155
pottedplant 0.0012 421 86 448 114
pottedplant 0.0011 425 61 443 91
pottedplant 0.0011 20 106 173 186
diningtable 0.0200 361 117 477 157
diningtable 0.0019 359 124 475 143
diningtable 0.0018 295 65 354 121
diningtable 0.0017 302 137 354 174
diningtable 0.0013 421 85 448 115
tvmonitor 0.0096 303 138 350 170
