person 0.5844 3 -2 348 329
person 0.0294 4 -8 490 194
person 0.0101 304 0 335 53
person 0.0056 321 -1 499 216
person 0.0053 76 0 109 26
person 0.0050 326 0 432 119
person 0.0035 0 5 184 319
person 0.0035 46 -3 343 71
person 0.0033 3 292 209 330
person 0.0018 77 0 158 25
person 0.0011 1 246 487 331
person 0.0010 85 3 285 28
bicycle 0.0017 322 0 499 215
bicycle 0.0010 -15 -5 502 319
car 0.0186 366 1 500 215
car 0.0026 -14 -7 500 332
car 0.0010 -2 148 488 326
motorbike 0.0028 366 1 500 215
cat 0.0026 175 95 416 324
cat 0.0017 304 0 334 52
cat 0.0012 3 16 426 330
dog 0.6838 170 93 416 325
dog 0.4112 22 8 420 335
bottle 0.0034 359 204 471 282
bottle 0.0011 0 218 40 257
chair 0.1762 -14 -7 500 332
chair 0.0170 322 0 499 215
chair 0.0105 8 -4 464 122
chair 0.0100 5 292 213 331
chair 0.0022 -2 148 488 326
chair 0.0013 0 4 200 323
chair 0.0013 355 203 472 285
chair 0.0010 2 230 216 330
sofa 0.2474 4 -11 490 330
sofa 0.0188 -2 202 491 329
sofa 0.0108 9 -5 472 169
sofa 0.0102 6 292 212 331
sofa 0.0039 27 -1 363 93
sofa 0.0023 0 4 200 323
sofa 0.0014 1 187 207 329
sofa 0.0011 317 3 498 214
diningtable 0.0153 5 292 212 331
diningtable 0.0024 0 250 494 330
tvmonitor 0.0019 -6 -8 461 104
tvmonitor 0.0018 304 0 335 58
