person 0.0021 410 1 498 61
person 0.0012 1 241 119 373
bottle 0.0187 26 0 100 61
chair 0.0012 474 39 499 98
chair 0.0010 411 1 498 61
diningtable 0.6752 -6 11 504 377
diningtable 0.0118 2 22 498 179
diningtable 0.0084 1 238 494 369
diningtable 0.0053 0 239 116 374
diningtable 0.0051 367 203 499 372
diningtable 0.0036 381 132 498 235
diningtable 0.0027 178 45 460 133
diningtable 0.0024 321 78 500 364
diningtable 0.0019 1 130 115 296
diningtable 0.0018 189 38 500 281
diningtable 0.0015 412 5 498 97
