person 0.0074 29 0 48 14
person 0.0022 9 0 48 14
bird 0.0028 30 0 48 14
bird 0.0016 395 39 500 295
bird 0.0012 8 0 48 14
bird 0.0010 114 27 354 209
dog 0.0028 27 0 48 14
dog 0.0018 8 0 48 14
horse 0.0021 4 0 48 15
sheep 0.9372 118 89 327 336
sheep 0.8770 107 21 348 178
sheep 0.8746 399 38 498 248
sheep 0.1296 8 0 48 14
sheep 0.0530 27 0 48 14
sheep 0.0243 404 34 493 68
sheep 0.0083 457 36 494 68
sheep 0.0056 400 35 490 102
sheep 0.0024 272 41 346 99
sheep 0.0012 492 243 499 268
sheep 0.0011 352 24 496 64
cow 0.0261 6 0 49 14
cow 0.0084 27 0 48 14
cow 0.0011 100 19 356 225
