person 0.6056 233 140 246 154
person 0.5250 205 136 216 153
person 0.5164 369 122 390 143
person 0.4163 221 134 233 152
person 0.3114 258 132 268 151
person 0.2035 171 134 183 151
person 0.1749 192 138 202 153
person 0.0985 261 135 273 153
person 0.0913 201 136 211 153
person 0.0871 269 133 285 153
person 0.0654 197 135 208 152
person 0.0436 180 138 189 152
person 0.0429 183 139 192 152
person 0.0377 188 137 199 152
person 0.0281 264 137 281 153
person 0.0248 254 135 266 153
person 0.0233 251 139 263 153
person 0.0214 367 122 379 143
person 0.0191 280 131 300 153
person 0.0185 290 139 301 154
person 0.0092 305 138 316 154
person 0.0090 154 134 162 151
person 0.0064 314 141 326 154
person 0.0059 169 132 179 151
person 0.0055 310 127 325 154
person 0.0039 160 142 168 153
person 0.0036 326 126 342 154
person 0.0033 159 128 265 172
person 0.0033 313 125 323 146
person 0.0031 107 132 115 143
person 0.0028 290 130 302 149
person 0.0025 294 136 305 152
person 0.0024 482 125 491 139
person 0.0022 396 123 409 142
person 0.0022 305 130 316 148
person 0.0022 151 130 159 151
person 0.0020 145 -53 180 -2
person 0.0019 250 132 262 150
person 0.0014 160 133 170 152
person 0.0013 297 125 306 140
person 0.0012 165 138 174 151
person 0.0011 397 128 405 142
person 0.0010 328 143 339 154
car 0.8824 72 144 133 171
car 0.7744 15 150 40 163
car 0.1792 56 150 75 160
car 0.1651 42 151 58 160
car 0.1044 43 150 71 160
car 0.0675 55 142 78 160
car 0.0627 58 153 71 161
car 0.0455 69 152 83 161
car 0.0248 26 150 42 162
car 0.0180 61 139 79 152
car 0.0166 72 149 101 166
car 0.0143 117 150 132 169
car 0.0064 8 151 25 162
car 0.0047 71 149 88 158
car 0.0034 79 147 111 165
car 0.0025 123 154 131 170
car 0.0020 72 152 86 166
car 0.0020 31 152 49 162
car 0.0018 42 136 80 160
car 0.0016 5 150 15 163
car 0.0010 129 88 424 223
motorbike 0.0012 20 151 41 162
bus 0.9487 135 88 424 221
bus 0.1657 45 137 79 159
bus 0.1188 60 139 79 156
bus 0.0178 45 133 64 152
bus 0.0090 42 138 64 159
bus 0.0059 43 150 71 160
bus 0.0014 63 149 82 161
bus 0.0011 72 144 133 170
bus 0.0010 56 150 75 160
bus 0.0010 42 151 59 160
train 0.0019 127 88 425 221
chair 0.0399 327 143 342 155
chair 0.0092 313 142 326 154
chair 0.0018 264 141 279 153
chair 0.0015 291 139 304 153
chair 0.0014 267 135 285 153
chair 0.0012 192 138 201 152
chair 0.0012 304 142 313 153
