person 0.2053 351 146 359 156
person 0.1271 338 146 347 156
person 0.1083 340 147 350 156
person 0.0371 328 144 339 154
person 0.0152 303 138 313 149
person 0.0119 332 142 361 153
person 0.0106 332 145 340 154
person 0.0081 214 145 231 154
person 0.0072 382 143 394 158
person 0.0066 308 143 322 152
person 0.0037 311 151 323 163
person 0.0017 288 144 297 151
person 0.0016 315 145 325 152
person 0.0014 244 137 262 152
person 0.0014 314 154 322 162
person 0.0011 219 147 232 155
car 0.0024 328 144 339 154
car 0.0021 95 325 135 332
car 0.0017 338 145 348 156
car 0.0011 53 323 142 332
aeroplane 0.8689 53 122 453 232
aeroplane 0.0011 181 130 303 156
aeroplane 0.0011 207 145 233 154
aeroplane 0.0010 45 318 135 332
chair 0.0089 302 138 312 149
chair 0.0017 328 144 339 154
