aeroplane 0.0024 102 164 122 185
bird 0.6188 222 139 264 183
bird 0.0177 221 138 264 150
bird 0.0124 177 135 263 186
bird 0.0072 222 136 254 146
bird 0.0064 173 179 190 192
bird 0.0048 103 163 122 183
bird 0.0041 225 111 241 120
bird 0.0039 70 252 83 261
bird 0.0030 226 222 236 233
bird 0.0025 211 138 260 156
bird 0.0024 136 126 268 199
bird 0.0019 139 166 159 180
bird 0.0017 160 179 189 194
bird 0.0016 143 173 191 200
bird 0.0016 235 123 248 138
bird 0.0014 269 253 282 268
bird 0.0013 350 284 359 296
bird 0.0011 199 120 211 131
bird 0.0010 140 88 346 199
cat 0.0017 226 140 263 183
