person 0.8941 417 119 469 249
person 0.8438 448 115 499 342
person 0.2335 -1 97 109 249
person 0.1692 0 107 71 188
person 0.0524 29 104 70 164
person 0.0345 1 111 50 167
person 0.0294 479 116 499 165
person 0.0272 20 100 109 189
person 0.0242 473 115 499 197
person 0.0207 58 96 117 236
person 0.0112 0 157 109 285
person 0.0108 416 127 441 197
person 0.0098 151 105 213 238
person 0.0091 454 172 498 203
person 0.0077 451 222 499 342
person 0.0060 414 150 434 206
person 0.0056 203 133 250 232
person 0.0044 450 167 471 203
person 0.0042 452 123 498 207
person 0.0036 412 168 434 228
person 0.0033 0 117 27 171
person 0.0032 91 113 116 177
person 0.0031 77 104 117 192
person 0.0030 413 179 423 193
person 0.0022 421 131 433 147
person 0.0015 40 104 66 137
person 0.0014 443 124 454 139
person 0.0010 471 119 478 129
bus 0.0043 0 45 114 294
train 0.8950 -2 -4 466 375
train 0.0041 1 87 115 282
cat 0.0013 396 296 452 340
dog 0.0016 450 168 500 203
bottle 0.0017 458 190 468 202
bottle 0.0012 459 182 499 203
chair 0.0030 450 168 500 203
chair 0.0023 459 182 499 256
chair 0.0018 450 167 471 203
chair 0.0016 395 296 452 340
