person 0.0860 172 260 194 278
person 0.0122 442 220 454 233
person 0.0092 445 214 455 232
person 0.0090 81 248 279 330
person 0.0037 201 261 216 277
person 0.0026 199 258 222 278
person 0.0014 422 213 434 230
person 0.0013 195 255 236 279
person 0.0013 178 264 200 278
person 0.0011 451 224 460 234
bicycle 0.0204 392 212 412 232
bicycle 0.0019 442 220 454 233
bicycle 0.0011 393 212 406 226
bicycle 0.0010 403 215 417 233
car 0.5603 64 247 300 330
car 0.0047 459 229 481 241
car 0.0040 462 227 479 237
car 0.0025 456 233 480 245
car 0.0023 419 230 477 247
car 0.0014 70 262 148 312
car 0.0012 81 262 146 277
car 0.0011 443 224 455 233
car 0.0010 474 232 493 241
motorbike 0.0012 392 213 413 233
bus 0.0010 64 247 303 332
chair 0.0599 340 234 350 246
pottedplant 0.0016 393 215 411 233
pottedplant 0.0012 353 209 397 250
pottedplant 0.0010 235 229 267 248
