car 0.0013 9 -2 459 434
cat 0.0023 66 11 338 432
dog 0.9491 73 16 341 424
dog 0.0034 74 251 195 418
dog 0.0019 100 20 314 268
dog 0.0017 69 205 308 421
horse 0.0014 -1 1 387 447
sheep 0.0019 73 8 334 425
chair 0.0054 -2 10 122 405
chair 0.0031 5 197 468 487
chair 0.0018 -11 18 385 433
chair 0.0018 4 371 461 477
chair 0.0011 289 14 468 424
sofa 0.0086 6 163 467 478
sofa 0.0018 -11 18 385 433
sofa 0.0015 0 384 465 495
sofa 0.0011 2 401 127 445
diningtable 0.0101 2 368 463 494
diningtable 0.0027 -11 18 385 433
diningtable 0.0024 288 0 468 418
diningtable 0.0012 -2 19 122 415
