person 0.8046 22 164 35 205
person 0.7177 32 173 44 206
person 0.6578 55 168 66 204
person 0.4629 45 167 56 205
person 0.2596 42 168 51 205
person 0.2581 66 170 74 179
person 0.1702 67 170 79 201
person 0.1699 72 172 81 202
person 0.1669 56 169 65 187
person 0.0677 76 181 85 202
person 0.0386 69 170 76 178
person 0.0262 36 171 45 193
person 0.0252 78 189 87 203
person 0.0150 30 171 40 201
person 0.0123 58 171 67 190
person 0.0100 123 33 154 59
person 0.0094 49 167 59 199
person 0.0086 2 188 12 205
person 0.0086 305 127 314 143
person 0.0076 34 167 49 204
person 0.0061 0 175 16 206
person 0.0057 136 38 156 59
person 0.0054 28 164 39 182
person 0.0043 123 35 137 58
person 0.0043 77 111 109 200
person 0.0033 114 191 126 202
person 0.0029 80 221 90 244
person 0.0021 36 180 46 204
person 0.0020 153 41 162 60
person 0.0017 154 25 177 54
person 0.0013 -1 170 23 210
person 0.0012 164 10 212 48
person 0.0012 147 38 160 57
person 0.0011 118 44 132 59
person 0.0011 46 150 52 170
person 0.0010 152 36 177 61
person 0.0010 89 224 100 240
bicycle 0.0038 15 188 24 204
bicycle 0.0013 2 188 12 205
bicycle 0.0011 5 187 23 205
car 0.6235 0 175 13 207
car 0.0209 2 181 23 205
car 0.0185 15 188 24 204
car 0.0030 2 188 12 205
car 0.0012 34 171 44 196
car 0.0012 451 119 472 126
car 0.0010 5 170 36 205
aeroplane 0.0037 446 78 499 126
aeroplane 0.0010 447 103 499 127
train 0.8988 66 86 499 261
train 0.0015 478 114 499 127
train 0.0015 77 110 109 200
boat 0.0077 7 347 41 355
boat 0.0014 447 79 497 119
chair 0.0154 123 40 138 59
chair 0.0152 122 40 154 59
chair 0.0025 116 46 130 59
chair 0.0023 139 40 156 59
chair 0.0010 33 174 42 206
pottedplant 0.0425 123 32 157 60
pottedplant 0.0100 136 38 156 59
pottedplant 0.0052 123 40 138 59
pottedplant 0.0020 110 24 166 60
