person 0.0019 205 276 381 370
person 0.0012 222 278 272 329
bicycle 0.0023 320 251 386 293
car 0.0031 420 251 446 292
bird 0.0011 201 144 259 176
cat 0.8880 195 76 296 174
cat 0.7521 199 144 257 176
cat 0.5913 125 228 265 366
cat 0.3007 126 258 372 370
cat 0.0648 217 280 382 370
cat 0.0289 100 159 407 370
cat 0.0215 222 278 269 329
cat 0.0057 84 147 167 173
cat 0.0030 195 135 295 176
cat 0.0012 66 146 166 203
dog 0.2312 124 254 373 371
dog 0.1429 125 229 259 366
dog 0.0544 214 280 379 370
dog 0.0099 222 278 269 329
dog 0.0075 201 144 259 176
dog 0.0059 100 159 407 370
horse 0.0015 222 278 272 329
chair 0.8809 76 164 401 367
chair 0.0053 76 -9 424 382
chair 0.0019 411 345 488 373
chair 0.0013 66 170 240 367
chair 0.0010 117 165 371 245
sofa 0.0032 98 154 414 371
diningtable 0.0015 110 359 350 372
