person 0.0046 -2 4 76 248
person 0.0034 108 0 469 94
person 0.0019 44 61 428 476
bird 0.0025 37 47 452 464
cat 0.0165 39 46 427 466
dog 0.6439 41 49 425 467
dog 0.0509 49 53 267 299
sheep 0.0336 47 51 269 303
sheep 0.0320 35 50 440 467
cow 0.0019 37 44 422 470
chair 0.0083 29 36 455 479
chair 0.0046 -1 7 71 245
chair 0.0029 0 116 66 244
chair 0.0021 239 122 459 439
chair 0.0019 108 0 466 96
chair 0.0017 248 134 463 277
chair 0.0011 40 19 122 96
sofa 0.0181 30 33 452 477
sofa 0.0071 0 8 70 244
sofa 0.0031 108 1 463 96
sofa 0.0017 238 127 461 431
sofa 0.0011 77 1 457 277
diningtable 0.0010 13 206 458 484
