person 0.8217 67 12 491 368
person 0.0315 11 191 371 373
person 0.0019 22 43 310 368
cat 0.7982 30 74 254 350
cat 0.0016 88 154 256 329
dog 0.3424 28 76 253 350
dog 0.0021 102 163 258 320
chair 0.1233 368 182 497 318
chair 0.0254 0 326 86 373
chair 0.0239 0 102 33 165
chair 0.0237 484 301 499 348
chair 0.0062 0 17 33 168
chair 0.0030 0 96 122 165
chair 0.0024 56 208 494 370
chair 0.0020 282 183 499 370
chair 0.0010 13 8 482 375
sofa 0.2219 367 181 498 314
sofa 0.0229 196 158 500 364
sofa 0.0228 0 192 89 370
sofa 0.0111 0 326 86 372
sofa 0.0093 9 -3 499 379
sofa 0.0058 6 179 385 369
sofa 0.0047 4 0 239 103
sofa 0.0031 22 254 491 370
pottedplant 0.0024 5 0 232 101
diningtable 0.0018 369 180 498 327
