person 0.8015 2 0 312 236
person 0.0627 156 0 214 36
person 0.0621 173 0 324 64
person 0.0271 166 1 324 189
person 0.0237 154 0 277 38
person 0.0230 0 5 77 230
person 0.0101 138 0 307 99
person 0.0083 169 423 373 497
person 0.0034 86 160 143 249
person 0.0017 292 0 323 18
person 0.0017 215 0 326 23
person 0.0016 0 416 371 498
person 0.0015 9 -12 372 474
person 0.0011 11 102 184 325
bottle 0.0053 281 0 314 54
bottle 0.0025 290 0 323 18
bottle 0.0011 228 0 284 17
chair 0.4414 12 91 324 484
chair 0.3672 17 94 212 325
chair 0.1522 116 220 328 451
chair 0.1275 10 0 311 239
chair 0.0761 47 81 236 232
chair 0.0410 126 60 267 224
chair 0.0371 199 132 268 192
chair 0.0356 137 145 224 222
chair 0.0197 197 48 277 194
chair 0.0101 158 129 274 227
chair 0.0094 157 0 296 38
chair 0.0080 159 155 210 220
chair 0.0078 177 422 372 497
chair 0.0069 155 0 298 83
chair 0.0063 72 119 208 274
chair 0.0046 134 7 375 479
chair 0.0045 205 0 268 34
chair 0.0030 224 149 269 190
chair 0.0020 0 13 85 237
chair 0.0019 3 301 374 495
chair 0.0019 159 0 213 37
chair 0.0015 19 98 124 287
chair 0.0014 230 58 248 75
chair 0.0011 226 152 250 190
chair 0.0010 197 144 292 238
chair 0.0010 110 -2 299 177
chair 0.0010 140 146 226 173
sofa 0.0094 1 5 252 263
sofa 0.0070 169 423 373 498
sofa 0.0010 36 78 351 481
pottedplant 0.0010 305 160 375 258
diningtable 0.0768 245 4 377 457
diningtable 0.0090 41 0 319 226
diningtable 0.0046 277 140 375 427
diningtable 0.0044 178 423 372 497
diningtable 0.0036 91 16 376 478
diningtable 0.0031 121 209 333 445
diningtable 0.0017 155 0 321 76
diningtable 0.0015 122 145 225 222
diningtable 0.0014 17 50 290 424
diningtable 0.0013 -1 225 366 496
diningtable 0.0010 196 132 268 196
