person 0.4833 270 251 288 274
person 0.0091 190 225 214 245
person 0.0024 272 259 330 319
person 0.0010 270 252 323 275
car 0.0013 1 191 20 254
bird 0.0782 269 251 288 275
bird 0.0047 42 469 54 483
bird 0.0033 33 469 54 489
bird 0.0015 19 467 59 497
cat 0.0034 269 251 288 275
dog 0.0595 -1 269 336 484
dog 0.0053 269 251 288 274
horse 0.0014 263 263 326 320
horse 0.0013 0 261 329 489
horse 0.0011 269 251 288 275
sheep 0.0395 -1 269 336 484
cow 0.9290 5 265 325 489
cow 0.0164 266 261 330 320
cow 0.0154 270 251 287 275
cow 0.0014 180 262 328 318
bottle 0.0012 269 251 288 275
