person 0.8062 352 191 367 235
person 0.6293 304 189 317 213
person 0.5599 306 205 333 236
person 0.5233 322 204 345 235
person 0.3185 291 194 307 235
person 0.2194 319 204 334 230
person 0.1457 460 88 469 108
person 0.0803 292 193 304 218
person 0.0596 447 97 458 107
person 0.0382 319 192 332 207
person 0.0366 289 139 319 166
person 0.0281 447 92 458 104
person 0.0250 340 216 354 233
person 0.0231 148 87 160 100
person 0.0230 296 192 306 211
person 0.0209 156 93 166 102
person 0.0179 437 97 445 106
person 0.0165 322 192 334 203
person 0.0151 305 140 317 152
person 0.0145 319 193 343 226
person 0.0139 452 93 465 106
person 0.0114 303 198 319 233
person 0.0089 239 93 246 102
person 0.0078 457 98 467 108
person 0.0070 147 87 165 107
person 0.0065 423 96 440 105
person 0.0056 334 213 351 234
person 0.0052 185 140 194 151
person 0.0048 479 89 493 103
person 0.0044 174 138 183 149
person 0.0042 159 115 169 126
person 0.0038 181 140 191 151
person 0.0035 137 85 166 119
person 0.0033 454 89 464 101
person 0.0032 352 207 365 233
person 0.0029 355 189 365 207
person 0.0028 327 84 338 92
person 0.0028 146 136 156 163
person 0.0028 182 140 195 158
person 0.0027 459 77 484 106
person 0.0027 141 117 151 126
person 0.0026 146 117 156 126
person 0.0023 284 139 321 203
person 0.0023 364 86 373 104
person 0.0021 289 191 302 210
person 0.0020 161 113 174 125
person 0.0019 157 116 166 127
person 0.0018 189 141 198 152
person 0.0017 420 91 435 104
person 0.0016 473 94 483 104
person 0.0015 438 82 457 103
person 0.0015 442 89 452 100
person 0.0015 150 92 166 112
person 0.0014 172 119 187 129
person 0.0014 211 156 220 165
person 0.0012 293 189 304 204
person 0.0012 460 85 474 106
person 0.0011 186 137 199 149
person 0.0011 301 188 312 200
person 0.0010 179 146 194 166
bicycle 0.0022 309 213 331 235
bicycle 0.0011 341 216 355 232
bicycle 0.0011 445 97 457 107
bicycle 0.0010 319 193 332 204
bicycle 0.0010 437 97 445 106
car 0.0582 421 96 437 104
car 0.0018 482 92 499 102
car 0.0017 447 97 458 107
car 0.0016 437 97 445 106
car 0.0013 172 120 187 129
motorbike 0.0019 288 139 320 166
motorbike 0.0010 446 97 458 107
boat 0.9127 50 20 315 235
boat 0.0232 0 188 98 228
boat 0.0179 288 138 319 166
boat 0.0053 219 59 272 171
boat 0.0045 78 103 127 122
boat 0.0038 131 126 203 169
boat 0.0036 300 202 353 236
boat 0.0034 421 96 437 104
boat 0.0026 63 149 300 239
boat 0.0026 294 122 317 164
boat 0.0026 148 58 361 210
boat 0.0023 315 92 334 104
boat 0.0018 452 93 465 106
boat 0.0018 446 96 460 107
boat 0.0016 327 84 338 92
boat 0.0013 300 89 329 166
boat 0.0012 237 137 321 168
boat 0.0012 230 81 380 250
boat 0.0012 304 140 317 153
boat 0.0011 236 172 349 230
boat 0.0011 175 59 277 175
boat 0.0011 299 140 318 162
boat 0.0010 482 92 499 102
boat 0.0010 0 81 101 227
bird 0.0989 327 84 338 91
bird 0.0026 476 255 486 265
bird 0.0018 318 89 335 99
bird 0.0018 404 325 453 347
bird 0.0016 319 85 336 94
bird 0.0011 315 92 335 103
dog 0.0063 341 216 355 232
dog 0.0026 327 84 338 91
dog 0.0020 319 193 332 204
horse 0.0021 327 84 338 91
horse 0.0011 446 96 460 107
chair 0.1086 306 210 330 236
chair 0.0649 447 97 458 107
chair 0.0621 460 88 469 108
chair 0.0247 421 96 436 104
chair 0.0215 326 208 343 234
chair 0.0142 473 93 483 104
chair 0.0127 483 92 498 103
chair 0.0127 436 97 445 106
chair 0.0093 304 208 352 236
chair 0.0089 481 92 491 103
chair 0.0089 340 218 351 233
chair 0.0088 452 93 465 106
chair 0.0076 457 98 467 108
chair 0.0066 291 195 312 235
chair 0.0061 460 88 486 107
chair 0.0056 319 191 332 207
chair 0.0045 478 93 486 104
chair 0.0043 334 213 351 234
chair 0.0042 327 84 338 91
chair 0.0027 403 86 414 100
chair 0.0026 354 205 365 236
chair 0.0023 446 72 498 105
chair 0.0023 385 92 393 101
chair 0.0021 377 92 389 101
chair 0.0020 315 92 335 103
chair 0.0019 447 92 458 104
chair 0.0015 318 89 335 99
chair 0.0014 296 140 318 163
chair 0.0012 364 86 373 104
chair 0.0011 375 90 386 101
chair 0.0011 387 98 397 108
chair 0.0011 392 91 400 101
chair 0.0010 367 96 375 106
chair 0.0010 465 99 475 110
pottedplant 0.0040 421 96 436 104
diningtable 0.0079 306 211 333 236
diningtable 0.0044 446 96 460 107
diningtable 0.0029 421 96 436 104
diningtable 0.0028 452 93 465 106
diningtable 0.0021 461 92 470 107
diningtable 0.0019 482 92 499 102
