person 0.0237 33 206 46 245
person 0.0212 374 188 387 198
person 0.0195 423 227 435 243
person 0.0077 39 189 55 224
person 0.0064 39 206 54 224
person 0.0062 81 100 94 124
person 0.0051 381 188 392 199
person 0.0048 41 141 53 162
person 0.0041 13 145 25 182
person 0.0041 58 170 68 179
person 0.0038 40 142 55 177
person 0.0035 27 197 47 249
person 0.0029 172 175 205 202
person 0.0025 445 181 460 211
person 0.0021 17 144 30 171
person 0.0018 323 190 378 231
person 0.0018 27 182 56 231
person 0.0017 441 181 472 211
person 0.0016 41 161 55 177
person 0.0015 215 189 224 200
person 0.0015 30 223 42 245
person 0.0015 23 232 33 247
person 0.0012 79 154 89 182
person 0.0011 13 141 39 183
person 0.0011 73 104 87 125
person 0.0010 61 157 75 179
person 0.0010 24 213 33 243
person 0.0010 57 163 72 178
person 0.0010 155 178 170 191
person 0.0010 27 233 36 247
car 0.3665 163 173 210 202
car 0.1352 171 171 241 201
car 0.0536 263 176 307 189
car 0.0454 380 166 491 213
car 0.0363 109 194 123 205
car 0.0258 280 183 374 232
car 0.0138 320 188 377 232
car 0.0115 281 179 307 189
car 0.0093 263 179 284 190
car 0.0076 258 178 275 189
car 0.0075 88 104 123 120
car 0.0043 0 126 107 249
car 0.0040 169 174 196 190
car 0.0034 334 186 350 195
car 0.0033 74 102 130 127
car 0.0031 212 180 231 199
car 0.0030 374 188 387 198
car 0.0026 168 177 182 190
car 0.0025 262 181 276 190
car 0.0025 158 189 174 203
car 0.0024 157 177 188 202
car 0.0018 284 163 496 226
car 0.0017 334 186 363 197
car 0.0012 386 178 455 211
car 0.0011 270 179 298 191
car 0.0011 386 167 457 196
car 0.0010 213 171 239 198
car 0.0010 202 187 225 200
motorbike 0.0148 281 182 377 232
motorbike 0.0060 380 169 492 212
aeroplane 0.8839 0 -2 502 233
aeroplane 0.0412 228 161 306 185
aeroplane 0.0130 258 165 307 190
aeroplane 0.0060 167 171 239 202
aeroplane 0.0053 209 147 301 183
aeroplane 0.0021 230 166 284 183
aeroplane 0.0017 229 159 309 174
aeroplane 0.0014 71 100 134 128
aeroplane 0.0012 275 159 488 228
bus 0.0108 256 169 304 190
bus 0.0100 0 127 108 250
bus 0.0019 167 171 239 202
bus 0.0014 3 127 77 188
bus 0.0011 378 164 492 212
train 0.0124 0 126 107 249
boat 0.0013 256 169 304 190
bird 0.0032 486 281 499 292
bird 0.0025 423 227 435 243
dog 0.0027 423 227 435 243
