person 0.0170 407 184 420 204
person 0.0123 489 159 498 168
person 0.0095 407 176 418 185
person 0.0053 377 175 387 210
person 0.0053 460 170 467 188
person 0.0025 408 170 419 183
person 0.0022 0 187 6 209
person 0.0021 377 175 388 191
person 0.0020 31 166 43 208
person 0.0018 376 185 384 211
person 0.0018 383 175 403 196
person 0.0017 97 153 105 164
person 0.0015 463 157 484 167
person 0.0012 425 180 437 189
person 0.0012 444 157 450 174
person 0.0011 387 176 411 193
bicycle 0.0057 407 184 420 204
bicycle 0.0055 406 175 418 185
bicycle 0.0042 387 176 411 193
bicycle 0.0018 383 175 403 196
car 0.0191 83 90 99 101
car 0.0181 460 152 486 167
car 0.0166 437 150 489 169
car 0.0136 463 157 484 167
car 0.0064 489 159 498 168
car 0.0034 377 175 388 191
car 0.0030 273 118 293 126
car 0.0016 460 165 498 189
car 0.0015 377 175 387 210
car 0.0015 407 184 420 204
car 0.0014 460 161 483 186
car 0.0014 461 142 498 167
car 0.0013 411 179 435 189
car 0.0013 406 175 417 184
car 0.0010 384 162 418 182
aeroplane 0.0010 99 55 122 68
bus 0.0036 459 149 494 167
bus 0.0024 437 150 489 169
bus 0.0012 84 90 99 101
bus 0.0011 384 162 418 182
train 0.9044 76 140 375 253
train 0.1794 408 151 499 193
train 0.0607 407 147 495 171
train 0.0345 460 165 499 191
train 0.0141 455 143 499 167
train 0.0134 68 86 500 137
train 0.0127 463 156 491 167
train 0.0032 378 152 431 186
train 0.0023 412 174 495 194
train 0.0018 205 72 502 130
train 0.0018 488 160 498 168
train 0.0013 35 143 105 187
train 0.0013 437 150 489 169
train 0.0011 366 137 497 193
train 0.0010 84 90 99 101
boat 0.0015 108 32 120 61
boat 0.0013 402 146 494 185
boat 0.0010 410 164 497 192
chair 0.0015 410 187 421 203
pottedplant 0.7005 377 175 419 215
pottedplant 0.0495 406 182 420 203
pottedplant 0.0273 410 187 421 203
pottedplant 0.0213 378 176 388 209
pottedplant 0.0109 383 175 403 196
pottedplant 0.0108 409 179 422 195
pottedplant 0.0057 415 188 439 203
pottedplant 0.0041 401 184 416 210
pottedplant 0.0033 387 176 411 193
pottedplant 0.0016 406 175 418 185
pottedplant 0.0010 489 159 498 168
