person 0.0081 -6 21 503 367
person 0.0013 333 95 499 176
cat 0.2658 6 42 503 349
cat 0.0834 0 93 238 362
cat 0.0077 327 95 500 173
cat 0.0072 313 211 501 323
cat 0.0060 322 96 500 247
cat 0.0052 8 99 191 196
cat 0.0034 115 150 403 344
cat 0.0023 265 99 496 330
cat 0.0012 368 48 431 105
dog 0.2376 21 68 488 351
dog 0.1091 0 94 285 359
dog 0.0620 314 102 498 308
dog 0.0235 328 94 500 180
dog 0.0044 313 211 501 323
dog 0.0011 139 176 382 340
sheep 0.0014 328 94 500 180
chair 0.0280 -9 -11 500 362
sofa 0.6331 -3 0 500 365
sofa 0.0166 -1 0 491 151
sofa 0.0027 305 92 500 343
sofa 0.0013 2 272 496 370
sofa 0.0010 359 0 498 103
