person 0.1456 138 187 212 236
person 0.0106 182 221 194 236
person 0.0085 206 224 222 238
person 0.0051 163 219 183 235
person 0.0048 151 216 165 233
person 0.0034 181 217 202 236
person 0.0023 161 207 190 235
person 0.0021 140 188 174 234
person 0.0020 293 213 303 222
person 0.0018 204 226 215 237
person 0.0013 182 191 212 236
person 0.0010 203 212 222 237
car 0.0014 138 187 211 236
car 0.0013 206 224 223 238
car 0.0012 163 219 184 235
boat 0.8954 66 187 427 279
boat 0.0376 417 200 461 212
boat 0.0059 318 196 463 215
boat 0.0038 392 198 461 215
dog 0.0072 138 187 212 236
dog 0.0058 182 221 194 236
dog 0.0021 162 212 191 234
dog 0.0014 181 217 202 236
horse 0.0765 138 188 211 237
cow 0.0553 139 187 212 237
chair 0.0092 163 219 183 235
chair 0.0046 138 187 213 236
chair 0.0028 206 224 223 238
chair 0.0019 163 212 196 236
chair 0.0016 182 221 194 236
