person 0.4670 220 29 500 301
person 0.0255 338 76 499 298
person 0.0171 228 194 356 296
person 0.0012 232 85 370 292
car 0.0370 36 2 488 292
car 0.0037 69 32 301 271
aeroplane 0.0013 10 7 308 292
train 0.0019 18 -1 492 285
boat 0.0017 13 83 499 299
cat 0.0729 227 29 499 301
cat 0.0035 84 163 121 221
cat 0.0013 100 181 189 293
cat 0.0011 228 188 361 295
cat 0.0011 151 172 192 218
cat 0.0010 338 76 499 298
cat 0.0010 150 172 227 285
dog 0.7949 100 172 223 294
dog 0.0808 227 29 499 301
dog 0.0083 85 163 122 221
dog 0.0054 153 177 227 286
dog 0.0035 151 172 192 218
dog 0.0032 313 26 494 231
dog 0.0018 85 161 161 223
dog 0.0017 338 76 499 298
dog 0.0015 139 175 293 289
dog 0.0010 227 191 359 294
bottle 0.0154 327 23 499 274
chair 0.3102 69 35 298 269
chair 0.0489 36 2 488 292
chair 0.0282 228 214 353 295
chair 0.0208 18 111 78 287
chair 0.0184 54 39 102 119
chair 0.0109 22 203 73 291
chair 0.0094 79 90 254 240
chair 0.0044 15 42 71 118
chair 0.0042 244 29 500 295
chair 0.0024 225 88 297 231
chair 0.0019 214 68 389 224
chair 0.0017 227 130 413 294
chair 0.0014 292 68 366 196
chair 0.0012 83 24 240 207
chair 0.0012 280 78 345 224
chair 0.0011 8 0 190 290
chair 0.0010 100 40 133 90
sofa 0.3055 30 28 494 296
sofa 0.0497 66 34 299 274
sofa 0.0055 78 88 251 234
sofa 0.0043 228 209 356 295
sofa 0.0023 228 127 498 298
diningtable 0.0017 10 7 308 292
tvmonitor 0.0021 222 50 377 85
tvmonitor 0.0010 316 23 498 278
tvmonitor 0.0010 18 -1 492 285
