person 0.0017 -3 -16 497 365
person 0.0011 491 82 499 154
car 0.0014 -3 -16 497 365
cat 0.8297 11 15 434 272
cat 0.0033 211 23 410 260
cat 0.0015 9 109 272 259
dog 0.0054 21 4 420 272
bottle 0.0016 491 82 499 154
chair 0.0784 2 -2 485 322
chair 0.0067 3 0 433 148
chair 0.0024 0 0 71 127
chair 0.0020 354 20 499 252
chair 0.0013 491 83 499 155
chair 0.0011 406 0 482 109
chair 0.0010 236 0 498 261
sofa 0.6074 0 -4 478 365
sofa 0.0483 4 -1 437 152
sofa 0.0088 354 47 499 260
sofa 0.0057 4 231 493 373
sofa 0.0026 104 35 499 268
sofa 0.0014 0 0 72 128
sofa 0.0010 430 153 499 224
