person 0.0027 0 9 7 31
cat 0.0044 329 231 380 256
dog 0.0012 331 231 382 256
bottle 0.0111 329 231 380 256
bottle 0.0107 157 176 179 204
bottle 0.0027 282 209 298 237
bottle 0.0015 47 209 55 222
bottle 0.0014 267 211 310 273
chair 0.9031 371 280 484 373
chair 0.9004 354 174 433 239
chair 0.8870 208 119 267 162
chair 0.8539 252 151 307 194
chair 0.8433 70 144 144 171
chair 0.8384 8 245 152 371
chair 0.7091 17 175 115 279
chair 0.3389 16 172 60 236
chair 0.1686 9 235 118 312
chair 0.1059 111 159 158 182
chair 0.0733 300 302 491 374
chair 0.0663 18 188 46 244
chair 0.0582 17 173 55 209
chair 0.0466 38 234 111 270
chair 0.0203 313 332 388 373
chair 0.0113 29 307 152 373
chair 0.0097 41 260 112 280
chair 0.0060 453 277 484 373
chair 0.0054 204 119 267 141
chair 0.0049 107 261 213 372
chair 0.0043 456 279 477 310
chair 0.0027 44 210 67 242
chair 0.0027 111 161 143 176
chair 0.0023 5 143 141 230
chair 0.0023 40 260 114 303
chair 0.0020 123 145 143 161
chair 0.0018 153 144 234 174
chair 0.0017 389 319 407 371
chair 0.0016 281 209 298 237
chair 0.0016 17 161 73 182
chair 0.0012 10 158 74 207
chair 0.0011 58 145 148 190
chair 0.0011 0 127 12 239
chair 0.0010 8 238 66 370
chair 0.0010 27 211 457 371
chair 0.0010 51 160 122 229
sofa 0.0067 58 145 148 190
sofa 0.0041 9 148 153 228
sofa 0.0034 70 145 145 170
sofa 0.0031 252 151 307 193
sofa 0.0015 11 157 85 207
sofa 0.0013 14 171 63 216
sofa 0.0013 39 234 110 271
sofa 0.0012 356 174 434 239
sofa 0.0011 99 141 282 188
pottedplant 0.0040 156 0 195 152
pottedplant 0.0033 268 214 311 273
diningtable 0.8745 44 154 449 371
diningtable 0.0283 59 141 369 267
diningtable 0.0198 110 158 160 181
diningtable 0.0197 153 143 240 172
diningtable 0.0192 76 144 320 210
diningtable 0.0092 110 155 217 181
diningtable 0.0079 125 173 211 207
diningtable 0.0078 46 149 154 229
diningtable 0.0051 235 196 363 244
diningtable 0.0046 98 142 291 185
diningtable 0.0029 13 168 65 216
diningtable 0.0028 11 157 85 207
diningtable 0.0027 39 234 110 271
diningtable 0.0026 64 168 224 251
diningtable 0.0017 252 151 307 193
diningtable 0.0016 48 141 260 315
diningtable 0.0015 205 119 266 142
diningtable 0.0012 218 180 293 207
diningtable 0.0012 68 144 146 168
diningtable 0.0011 132 153 293 203
diningtable 0.0010 3 144 146 209
diningtable 0.0010 129 175 187 198
tvmonitor 0.0013 218 180 293 207
