bicycle 0.8895 112 53 395 486
bicycle 0.0054 118 188 216 469
bicycle 0.0035 131 219 209 359
motorbike 0.0012 113 22 395 473
bus 0.0022 108 22 396 406
boat 0.0067 108 22 396 406
bottle 0.6968 243 226 277 273
bottle 0.5613 279 205 301 266
bottle 0.1123 285 208 301 246
bottle 0.0367 241 230 268 295
bottle 0.0101 241 68 267 91
bottle 0.0086 182 246 206 335
bottle 0.0058 275 216 297 288
bottle 0.0053 169 207 218 272
bottle 0.0043 269 350 294 377
bottle 0.0028 309 159 317 173
bottle 0.0024 308 149 319 173
bottle 0.0018 200 212 215 240
bottle 0.0018 213 211 273 295
bottle 0.0018 247 71 283 96
bottle 0.0018 187 244 206 293
bottle 0.0016 193 211 214 270
bottle 0.0015 229 230 279 319
bottle 0.0014 309 130 348 169
bottle 0.0010 242 72 364 142
pottedplant 0.0013 105 22 396 405
