person 0.8141 469 227 487 282
person 0.8094 449 221 471 287
person 0.3796 110 215 123 236
person 0.2436 100 216 110 236
person 0.2292 447 221 460 287
person 0.1711 137 133 150 151
person 0.1670 116 216 127 236
person 0.1336 136 225 146 236
person 0.1167 109 218 119 234
person 0.1105 359 198 374 231
person 0.1011 299 208 312 241
person 0.0976 325 208 339 232
person 0.0972 349 222 363 232
person 0.0644 131 221 144 236
person 0.0639 431 220 440 252
person 0.0566 148 209 163 236
person 0.0527 349 220 367 252
person 0.0488 188 216 200 238
person 0.0454 358 196 393 233
person 0.0401 120 214 142 236
person 0.0356 107 148 123 155
person 0.0307 316 206 340 246
person 0.0268 148 132 163 150
person 0.0207 278 116 288 134
person 0.0198 140 131 160 151
person 0.0188 33 214 42 225
person 0.0186 153 136 165 149
person 0.0162 356 219 370 231
person 0.0126 275 219 287 235
person 0.0125 107 141 122 155
person 0.0121 449 222 456 242
person 0.0111 413 95 429 122
person 0.0108 449 229 456 253
person 0.0099 352 217 374 236
person 0.0090 334 220 362 235
person 0.0083 253 124 261 136
person 0.0078 190 131 201 145
person 0.0064 191 213 199 227
person 0.0064 159 130 170 149
person 0.0062 146 220 158 236
person 0.0062 472 226 480 236
person 0.0062 329 219 341 246
person 0.0054 178 123 190 146
person 0.0052 104 141 116 156
person 0.0050 156 215 165 237
person 0.0049 414 95 427 108
person 0.0046 182 124 196 146
person 0.0046 418 226 429 250
person 0.0043 174 133 182 147
person 0.0041 27 215 36 225
person 0.0040 186 132 195 146
person 0.0038 187 123 201 145
person 0.0038 360 215 373 231
person 0.0033 154 210 171 237
person 0.0033 100 209 109 224
person 0.0033 85 215 94 229
person 0.0033 445 225 455 251
person 0.0030 252 118 263 136
person 0.0030 448 251 458 285
person 0.0029 393 213 426 249
person 0.0029 417 106 429 122
person 0.0028 416 93 426 103
person 0.0027 449 217 456 236
person 0.0027 321 112 329 128
person 0.0027 341 223 362 240
person 0.0027 87 210 109 233
person 0.0026 360 99 373 111
person 0.0026 149 209 160 224
person 0.0026 353 239 367 252
person 0.0025 47 176 60 185
person 0.0025 334 220 362 251
person 0.0025 456 222 469 238
person 0.0025 454 241 470 283
person 0.0024 212 133 220 142
person 0.0024 86 135 98 158
person 0.0024 458 225 471 249
person 0.0024 124 140 134 153
person 0.0023 452 220 465 236
person 0.0022 305 208 326 231
person 0.0022 389 209 406 243
person 0.0022 390 113 401 131
person 0.0021 319 209 334 230
person 0.0021 395 111 411 133
person 0.0020 180 134 188 146
person 0.0020 150 221 160 236
person 0.0019 163 127 173 148
person 0.0019 194 133 205 144
person 0.0019 381 202 394 234
person 0.0018 164 223 174 238
person 0.0017 452 229 470 265
person 0.0017 328 207 360 236
person 0.0017 241 120 252 137
person 0.0016 11 213 28 225
person 0.0016 421 222 437 252
person 0.0015 100 146 112 156
person 0.0015 163 211 177 237
person 0.0015 299 115 311 132
person 0.0015 261 119 275 135
person 0.0014 118 144 130 154
person 0.0013 192 124 205 144
bicycle 0.0187 480 239 490 254
bicycle 0.0043 481 234 494 251
bicycle 0.0012 448 255 459 285
car 0.0713 480 239 490 254
car 0.0222 481 234 494 251
car 0.0047 58 208 69 224
car 0.0017 67 61 450 319
motorbike 0.0038 480 239 490 254
bus 0.9633 66 65 454 322
bus 0.9084 0 160 70 256
bus 0.0073 55 167 70 230
bus 0.0048 3 161 71 184
bus 0.0035 58 208 69 224
bus 0.0015 57 190 68 225
train 0.0013 68 65 448 325
train 0.0010 0 201 66 256
bird 0.0052 275 219 286 235
chair 0.0026 107 148 123 155
chair 0.0024 263 124 275 135
chair 0.0024 136 225 146 236
chair 0.0022 277 119 288 134
chair 0.0019 296 119 311 131
chair 0.0017 321 112 329 128
chair 0.0012 332 113 341 127
chair 0.0012 156 134 167 149
chair 0.0010 251 123 260 136
chair 0.0010 154 139 163 150
chair 0.0010 242 122 252 137
chair 0.0010 298 206 312 243
pottedplant 0.0666 447 163 463 192
pottedplant 0.0021 446 163 462 217
