person 0.2466 236 154 248 164
person 0.2045 282 152 290 164
person 0.1933 376 148 386 162
person 0.1020 250 148 298 169
person 0.0115 226 141 247 163
person 0.0093 226 150 240 163
person 0.0081 79 154 87 168
person 0.0056 360 140 368 164
person 0.0035 185 150 197 164
person 0.0035 362 145 372 163
person 0.0032 52 141 61 162
person 0.0031 277 144 288 164
person 0.0029 176 154 183 164
person 0.0025 334 195 347 214
person 0.0024 441 141 448 162
person 0.0024 186 141 208 164
person 0.0023 450 156 461 169
person 0.0020 79 154 87 182
person 0.0019 453 144 462 169
person 0.0017 363 144 385 163
person 0.0015 464 155 479 170
person 0.0013 50 140 63 169
person 0.0012 239 155 253 164
person 0.0011 442 155 449 167
person 0.0010 44 140 56 163
bus 0.0012 9 118 487 209
train 0.7839 8 117 489 208
train 0.0119 310 127 494 195
train 0.0077 250 148 298 169
train 0.0037 29 124 73 202
train 0.0018 339 130 468 170
train 0.0016 20 122 275 202
train 0.0013 79 154 87 168
train 0.0010 34 125 121 195
bird 0.0022 115 309 141 328
chair 0.6739 367 180 404 211
chair 0.5912 424 178 451 208
chair 0.2040 399 178 434 207
chair 0.0642 400 179 419 192
chair 0.0259 423 179 445 196
chair 0.0140 405 179 428 196
chair 0.0123 368 181 391 200
chair 0.0088 464 155 479 170
chair 0.0076 417 180 433 195
chair 0.0050 450 157 460 169
chair 0.0047 369 180 388 192
chair 0.0017 371 177 400 195
chair 0.0013 236 154 248 164
chair 0.0012 441 159 449 170
chair 0.0011 366 181 381 210
sofa 0.0130 367 180 404 211
sofa 0.0121 424 178 451 208
sofa 0.0016 424 179 446 194
pottedplant 0.0023 450 157 460 169
pottedplant 0.0018 441 159 449 170
pottedplant 0.0013 79 154 86 165
pottedplant 0.0012 464 155 479 170
pottedplant 0.0010 376 148 386 162
diningtable 0.0182 399 179 430 207
diningtable 0.0102 423 179 451 208
diningtable 0.0060 417 180 433 195
diningtable 0.0048 422 179 443 195
diningtable 0.0042 400 180 419 193
diningtable 0.0038 405 179 428 196
diningtable 0.0011 367 180 404 211
