bird 0.0021 182 87 239 126
cat 0.0010 182 87 239 126
dog 0.0042 182 86 239 127
dog 0.0021 17 95 100 155
sheep 0.9385 17 95 99 155
sheep 0.9202 226 136 321 289
sheep 0.9145 121 149 182 242
sheep 0.8783 169 157 232 260
sheep 0.8305 157 109 228 148
sheep 0.6077 182 86 240 127
sheep 0.0283 182 87 228 111
sheep 0.0067 221 0 290 38
sheep 0.0052 323 6 336 26
sheep 0.0013 223 159 246 265
cow 0.0075 182 86 239 127
cow 0.0025 323 6 335 26
cow 0.0018 16 95 99 156
cow 0.0016 157 108 223 148
cow 0.0013 161 91 239 143
