person 0.5725 367 -1 499 155
person 0.5292 1 0 217 131
person 0.1624 92 0 218 42
person 0.0821 39 -6 497 366
person 0.0442 0 28 55 132
person 0.0387 359 0 498 371
person 0.0323 56 61 241 149
person 0.0253 2 -1 465 164
person 0.0226 203 -1 500 153
person 0.0157 0 5 162 347
person 0.0051 53 -1 433 91
person 0.0031 0 11 247 228
person 0.0013 4 -1 211 65
person 0.0011 233 59 256 91
person 0.0010 0 65 35 128
car 0.0232 13 -4 502 367
car 0.0031 0 107 166 371
car 0.0030 199 0 499 151
car 0.0023 200 2 386 113
motorbike 0.0029 -1 -6 499 362
motorbike 0.0014 0 107 166 371
bus 0.0020 13 -4 502 367
train 0.0042 -5 -3 503 365
bottle 0.6212 270 149 328 209
bottle 0.5513 217 112 278 178
bottle 0.1416 159 102 310 328
bottle 0.0440 263 138 333 305
bottle 0.0266 202 107 282 292
bottle 0.0252 -1 -1 124 130
bottle 0.0211 231 59 258 91
bottle 0.0160 321 144 360 217
bottle 0.0130 303 204 324 234
bottle 0.0109 224 114 383 372
bottle 0.0091 261 179 319 286
bottle 0.0087 367 190 466 304
bottle 0.0082 309 150 330 173
bottle 0.0069 271 174 306 208
bottle 0.0068 304 164 330 223
bottle 0.0059 294 207 319 252
bottle 0.0057 204 111 338 233
bottle 0.0035 280 202 319 263
bottle 0.0028 204 179 321 302
bottle 0.0027 217 13 260 91
bottle 0.0025 112 164 399 371
bottle 0.0018 288 149 331 174
bottle 0.0015 271 216 315 284
bottle 0.0015 259 157 281 179
bottle 0.0015 0 28 21 41
bottle 0.0014 306 130 364 201
bottle 0.0014 283 182 306 206
bottle 0.0013 0 29 55 122
bottle 0.0013 255 136 283 180
bottle 0.0013 246 114 333 172
bottle 0.0013 169 95 381 202
bottle 0.0012 235 59 254 80
chair 0.0155 13 -4 502 367
chair 0.0118 200 2 386 113
chair 0.0044 98 66 391 359
chair 0.0039 367 0 499 154
chair 0.0019 211 0 325 88
chair 0.0012 0 1 126 130
chair 0.0011 26 0 475 139
sofa 0.0049 4 6 436 225
sofa 0.0017 0 -4 508 372
sofa 0.0016 361 34 499 373
sofa 0.0010 4 13 241 152
diningtable 0.0028 -11 -3 516 369
diningtable 0.0019 213 0 331 77
diningtable 0.0016 382 283 499 373
diningtable 0.0015 0 90 162 335
diningtable 0.0013 2 -1 452 166
tvmonitor 0.0011 208 0 403 126
