person 0.9300 92 198 185 327
person 0.9044 170 105 271 322
person 0.8738 270 189 315 315
person 0.8455 303 123 327 200
person 0.7328 266 124 288 172
person 0.6945 250 102 272 177
person 0.4982 262 103 280 140
person 0.2295 259 105 276 169
person 0.2014 251 103 265 150
person 0.0375 269 105 283 129
person 0.0345 272 112 283 126
person 0.0306 304 108 332 140
person 0.0254 262 102 272 116
person 0.0242 206 188 263 316
person 0.0226 252 103 262 117
person 0.0200 304 116 314 140
person 0.0184 272 115 287 136
person 0.0161 304 118 318 155
person 0.0153 277 122 290 138
person 0.0066 193 195 239 320
person 0.0054 205 142 266 272
person 0.0035 303 115 322 178
person 0.0022 492 198 499 219
person 0.0014 218 160 275 251
person 0.0014 272 124 287 140
person 0.0012 245 122 315 238
person 0.0012 468 199 499 244
person 0.0012 490 198 500 244
bicycle 0.0289 435 202 499 371
bicycle 0.0028 463 260 499 369
bicycle 0.0013 435 271 492 363
car 0.2588 435 200 499 369
car 0.0026 237 83 252 90
car 0.0023 303 104 315 114
car 0.0017 470 197 499 258
car 0.0011 490 198 500 244
motorbike 0.7733 436 193 499 370
motorbike 0.0175 436 268 492 363
motorbike 0.0014 463 260 499 369
bird 0.0024 250 168 297 210
cat 0.0083 252 168 298 208
dog 0.7516 251 168 298 210
dog 0.1293 304 108 332 139
dog 0.0311 304 116 314 140
dog 0.0058 265 124 290 170
dog 0.0042 260 198 290 238
dog 0.0021 278 189 306 216
dog 0.0020 305 128 323 158
dog 0.0018 262 213 280 226
dog 0.0013 303 105 315 115
dog 0.0010 257 181 293 225
horse 0.0643 306 109 332 138
horse 0.0040 304 115 324 139
horse 0.0028 304 118 314 137
horse 0.0024 252 167 299 210
horse 0.0014 301 107 344 177
sheep 0.0094 306 109 332 138
sheep 0.0025 255 168 298 208
sheep 0.0012 304 115 319 137
cow 0.1299 306 109 331 138
cow 0.0167 304 115 324 139
cow 0.0083 304 118 314 137
cow 0.0034 250 168 297 210
cow 0.0030 303 105 315 115
cow 0.0011 305 110 320 126
bottle 0.0107 262 210 283 228
bottle 0.0013 260 202 270 217
chair 0.0025 266 135 287 171
chair 0.0012 267 151 286 171
chair 0.0010 269 105 283 129
pottedplant 0.0021 0 0 39 145
pottedplant 0.0021 100 52 134 75
pottedplant 0.0017 329 218 356 273
pottedplant 0.0014 367 312 399 325
