person 0.0205 24 24 100 250
person 0.0139 56 38 88 93
person 0.0091 54 227 173 296
person 0.0080 22 229 185 373
person 0.0045 53 36 97 225
person 0.0032 24 233 102 373
person 0.0019 97 289 183 373
person 0.0018 79 182 185 298
person 0.0016 -5 1 185 367
person 0.0014 18 159 370 374
person 0.0013 4 3 83 138
person 0.0012 46 35 76 82
bird 0.0222 418 22 446 48
bird 0.0054 401 23 447 109
cat 0.7295 92 152 339 371
cat 0.0337 97 288 182 372
cat 0.0028 23 233 100 374
cat 0.0010 145 170 439 289
dog 0.0201 79 151 339 374
dog 0.0131 97 289 181 372
bottle 0.2582 345 142 367 189
bottle 0.2066 425 105 464 214
bottle 0.0681 369 105 418 176
bottle 0.0479 461 108 499 266
bottle 0.0038 369 24 449 181
bottle 0.0024 308 126 379 187
bottle 0.0018 306 130 350 176
bottle 0.0011 353 115 416 211
bottle 0.0010 326 129 337 149
chair 0.2310 22 234 102 372
chair 0.1127 72 162 446 369
chair 0.0449 131 182 185 236
chair 0.0350 22 231 201 371
chair 0.0261 157 239 329 373
chair 0.0082 132 153 208 235
chair 0.0036 155 257 231 372
chair 0.0026 81 103 401 311
chair 0.0023 90 180 190 297
chair 0.0019 98 287 189 372
chair 0.0015 23 236 57 372
sofa 0.0199 20 234 103 372
sofa 0.0063 132 181 186 236
sofa 0.0058 63 163 472 364
sofa 0.0052 23 230 219 370
sofa 0.0010 90 180 190 297
pottedplant 0.1396 367 23 448 180
pottedplant 0.0012 370 95 422 171
pottedplant 0.0012 472 105 499 157
diningtable 0.0023 123 172 480 372
diningtable 0.0013 151 254 334 373
tvmonitor 0.0011 24 233 102 373
