person 0.9047 306 142 409 374
person 0.8964 78 62 175 312
person 0.8821 259 50 329 167
person 0.8558 328 61 399 165
person 0.7936 159 65 201 136
person 0.7926 198 61 262 137
person 0.7649 72 49 132 297
person 0.5254 107 338 291 373
person 0.3379 74 46 129 145
person 0.2236 79 282 279 372
person 0.0998 0 248 152 370
person 0.0785 195 62 271 205
person 0.0417 72 283 154 367
person 0.0156 59 258 420 370
person 0.0119 163 81 173 96
person 0.0091 159 62 206 212
person 0.0051 160 69 172 97
person 0.0039 93 129 479 374
person 0.0032 83 132 114 287
person 0.0027 437 149 467 179
person 0.0023 140 64 174 98
person 0.0018 211 82 335 179
person 0.0018 68 324 468 370
person 0.0018 84 61 265 290
person 0.0015 22 312 50 335
person 0.0014 454 148 467 178
person 0.0014 20 311 39 331
person 0.0013 121 67 218 224
person 0.0011 158 67 168 86
bicycle 0.0036 0 257 99 372
car 0.0010 10 348 83 373
motorbike 0.0343 0 254 125 371
cat 0.0399 102 336 290 373
cat 0.0015 71 306 289 371
dog 0.1499 115 339 292 373
dog 0.0096 71 306 289 371
bottle 0.0222 328 153 340 174
bottle 0.0104 322 352 343 373
bottle 0.0051 325 154 342 185
bottle 0.0028 323 137 331 169
bottle 0.0027 0 259 90 355
bottle 0.0014 -8 260 160 366
bottle 0.0010 14 348 86 373
chair 0.0079 328 122 337 152
chair 0.0056 323 122 332 154
chair 0.0028 2 288 92 372
chair 0.0028 437 149 465 179
chair 0.0023 163 83 172 95
chair 0.0018 59 268 86 290
chair 0.0017 93 129 479 374
chair 0.0016 325 155 343 186
chair 0.0016 318 119 329 153
chair 0.0016 326 127 335 154
chair 0.0015 267 134 315 174
chair 0.0013 48 326 427 371
chair 0.0013 115 339 292 373
chair 0.0012 84 333 123 369
sofa 0.0177 79 274 337 373
sofa 0.0068 48 326 427 371
sofa 0.0053 23 241 455 372
sofa 0.0022 0 262 150 370
diningtable 0.0234 77 131 464 370
diningtable 0.0083 129 141 457 255
diningtable 0.0030 185 163 335 309
diningtable 0.0027 0 251 151 369
diningtable 0.0019 187 203 313 284
tvmonitor 0.8538 382 134 431 179
tvmonitor 0.3560 431 132 471 179
tvmonitor 0.0181 1 291 88 352
tvmonitor 0.0145 211 137 313 198
tvmonitor 0.0069 166 137 214 199
tvmonitor 0.0041 443 148 467 179
tvmonitor 0.0037 455 148 467 179
tvmonitor 0.0021 375 136 391 179
tvmonitor 0.0019 455 135 470 164
tvmonitor 0.0018 232 135 312 173
tvmonitor 0.0017 164 136 284 200
