person 0.9264 -1 3 297 355
person 0.0016 345 333 375 387
bottle 0.8165 255 202 350 484
chair 0.0121 -6 172 309 348
chair 0.0028 0 129 56 232
chair 0.0016 0 320 20 344
chair 0.0013 341 326 374 388
sofa 0.0028 7 80 297 344
diningtable 0.8119 -1 330 358 496
diningtable 0.0210 177 345 375 496
diningtable 0.0106 327 397 375 498
diningtable 0.0061 -15 185 390 491
diningtable 0.0061 250 390 376 498
diningtable 0.0025 200 342 274 457
diningtable 0.0017 -1 335 180 497
diningtable 0.0012 346 386 374 421
diningtable 0.0010 0 129 56 232
