person 0.8035 116 101 308 367
person 0.3441 362 16 454 144
person 0.0593 250 251 314 363
person 0.0524 123 109 171 200
person 0.0157 399 17 455 64
person 0.0145 119 95 227 200
person 0.0111 164 144 196 186
person 0.0070 398 29 436 63
person 0.0029 346 22 490 363
person 0.0021 197 247 311 362
person 0.0019 123 107 229 321
person 0.0014 193 214 218 254
person 0.0014 363 82 405 143
person 0.0012 390 31 433 107
person 0.0011 287 0 454 154
person 0.0010 425 29 457 97
bird 0.0019 362 25 444 146
bird 0.0014 362 81 398 101
bird 0.0011 361 79 411 120
bottle 0.0016 122 101 151 114
bottle 0.0011 398 16 455 61
pottedplant 0.0030 361 80 405 119
pottedplant 0.0019 363 87 393 143
pottedplant 0.0015 362 86 419 146
