person 0.0015 345 2 499 303
person 0.0014 0 0 61 22
person 0.0011 0 36 152 328
bicycle 0.0030 0 -1 64 24
car 0.0016 23 -2 500 328
boat 0.0016 49 14 501 329
bird 0.0092 168 152 361 305
bird 0.0019 63 29 478 321
cat 0.0981 63 29 478 321
cat 0.0150 165 151 381 307
cat 0.0057 63 178 230 290
cat 0.0018 49 47 298 307
dog 0.4188 55 28 474 314
dog 0.1016 128 148 377 305
dog 0.0130 20 23 243 315
dog 0.0124 62 178 229 287
dog 0.0014 69 24 421 188
dog 0.0011 51 70 176 262
horse 0.0045 30 -7 478 330
horse 0.0012 71 147 391 306
sheep 0.4012 165 149 379 306
sheep 0.1820 74 27 415 286
sheep 0.0075 63 178 230 290
sheep 0.0050 31 20 282 315
sheep 0.0026 62 147 325 298
cow 0.0114 63 27 425 309
cow 0.0062 152 148 367 309
cow 0.0019 15 14 252 318
chair 0.0186 329 2 498 319
chair 0.0106 54 12 496 326
chair 0.0017 157 153 370 308
chair 0.0015 0 0 244 324
chair 0.0011 0 33 111 305
sofa 0.1254 7 -5 483 314
sofa 0.0640 331 7 499 317
sofa 0.0200 0 8 171 325
sofa 0.0034 7 0 445 115
sofa 0.0021 127 125 435 318
pottedplant 0.0019 388 0 498 56
