person 0.0012 292 148 342 183
person 0.0010 423 191 448 201
car 0.9040 176 134 498 297
car 0.6949 0 180 303 355
car 0.2606 0 129 75 206
car 0.0960 481 187 499 208
car 0.0525 437 158 498 208
car 0.0505 -13 73 470 355
car 0.0281 356 151 498 211
car 0.0267 108 67 201 94
car 0.0175 13 75 301 290
car 0.0149 324 84 498 234
car 0.0149 239 136 321 146
car 0.0139 0 130 69 147
car 0.0106 482 186 499 258
car 0.0050 454 176 499 206
car 0.0047 77 183 194 247
car 0.0039 0 120 72 320
car 0.0037 221 137 347 185
car 0.0034 491 237 499 258
car 0.0021 480 179 499 197
car 0.0019 472 160 499 200
car 0.0011 24 84 265 207
bus 0.0029 22 81 275 208
bus 0.0010 0 69 299 364
boat 0.0056 109 67 200 93
boat 0.0013 0 130 69 147
pottedplant 0.0013 341 138 361 157
pottedplant 0.0010 317 119 341 148
