car 0.0226 2 86 20 93
bird 0.0414 325 143 332 150
bird 0.0066 224 150 243 163
bird 0.0025 105 85 119 92
bird 0.0023 412 72 421 89
bird 0.0021 2 86 20 94
dog 0.0013 224 152 242 163
dog 0.0013 412 72 421 89
horse 0.0634 411 73 420 89
sheep 0.8917 165 122 186 147
sheep 0.8676 224 149 290 190
sheep 0.8391 263 144 299 180
sheep 0.6190 226 162 263 188
sheep 0.1445 224 150 243 163
sheep 0.1315 411 73 421 88
sheep 0.0338 105 85 119 92
sheep 0.0294 325 143 332 150
sheep 0.0101 234 145 292 159
sheep 0.0094 236 151 278 168
sheep 0.0088 263 146 296 163
sheep 0.0082 224 149 260 164
sheep 0.0047 225 158 238 185
sheep 0.0039 270 152 290 188
sheep 0.0023 3 86 20 93
sheep 0.0018 224 153 236 163
cow 0.0276 412 73 420 89
cow 0.0045 165 123 186 147
cow 0.0026 3 86 20 93
cow 0.0022 325 143 332 150
cow 0.0021 104 85 119 92
cow 0.0017 224 152 242 163
cow 0.0014 226 162 259 188
cow 0.0010 267 143 300 180
