person 0.9235 0 109 286 326
person 0.2615 399 257 499 330
person 0.0810 52 96 67 126
person 0.0715 64 93 79 123
person 0.0167 77 93 92 117
person 0.0094 0 199 47 241
person 0.0073 48 103 62 128
person 0.0021 0 190 157 328
person 0.0019 28 84 42 105
person 0.0014 5 78 46 129
person 0.0014 12 82 43 105
person 0.0013 182 197 496 328
person 0.0011 53 92 91 131
bird 0.0011 77 93 93 117
cat 0.0021 0 198 47 240
dog 0.0010 0 197 47 241
chair 0.5181 110 212 273 329
chair 0.0566 8 135 280 330
chair 0.0102 119 305 229 331
chair 0.0096 399 256 499 331
chair 0.0088 92 192 467 330
chair 0.0074 124 200 189 225
chair 0.0021 82 187 246 228
chair 0.0017 0 199 47 241
chair 0.0015 0 196 123 329
chair 0.0014 98 197 213 226
chair 0.0012 0 257 96 332
chair 0.0012 18 317 89 333
chair 0.0010 38 187 285 266
chair 0.0010 46 306 202 332
sofa 0.7841 102 197 467 329
sofa 0.1205 399 257 499 330
sofa 0.0561 4 186 271 329
sofa 0.0330 0 199 77 331
sofa 0.0073 0 200 47 241
sofa 0.0053 98 197 213 226
sofa 0.0051 124 200 186 225
sofa 0.0037 112 207 263 329
sofa 0.0032 273 196 497 327
sofa 0.0028 82 187 246 228
sofa 0.0015 38 187 285 266
diningtable 0.0013 89 304 233 332
