person 0.7430 132 78 237 178
person 0.0144 135 77 235 284
person 0.0061 217 107 236 169
person 0.0061 82 180 328 488
person 0.0056 186 78 212 99
person 0.0039 111 224 124 249
person 0.0030 248 171 332 490
person 0.0028 162 99 232 239
person 0.0022 55 84 293 392
person 0.0022 185 78 236 156
person 0.0010 1 357 333 494
bicycle 0.0117 89 138 333 490
car 0.0064 1 357 333 494
car 0.0020 228 157 325 287
car 0.0020 89 138 333 490
car 0.0010 69 144 301 292
motorbike 0.0164 5 113 308 476
motorbike 0.0049 6 297 335 494
aeroplane 0.6979 -1 125 323 471
aeroplane 0.0235 -2 160 131 478
aeroplane 0.0042 6 297 335 494
aeroplane 0.0011 69 144 301 292
train 0.0054 5 113 308 476
boat 0.0103 5 113 308 476
boat 0.0018 69 144 301 292
horse 0.0018 5 113 308 476
bottle 0.0032 11 409 51 475
chair 0.0785 89 138 333 490
chair 0.0274 2 245 132 476
chair 0.0134 229 159 288 199
chair 0.0074 6 297 335 494
chair 0.0059 230 160 290 244
chair 0.0042 248 171 332 490
chair 0.0029 228 159 325 283
chair 0.0020 10 410 51 474
chair 0.0019 9 407 130 476
chair 0.0016 0 395 331 495
chair 0.0014 7 130 186 480
chair 0.0012 146 157 294 225
tvmonitor 0.0013 101 161 303 478
