person 0.1683 88 121 212 255
person 0.1497 74 123 164 241
person 0.0404 115 131 150 182
person 0.0365 77 363 87 374
person 0.0224 286 351 307 374
person 0.0107 137 133 226 255
person 0.0072 198 210 243 252
person 0.0056 286 245 422 326
person 0.0047 285 347 323 374
person 0.0046 205 212 232 240
person 0.0041 110 129 166 193
person 0.0035 323 321 334 369
person 0.0033 196 136 257 191
person 0.0029 326 322 340 374
person 0.0018 440 51 499 286
person 0.0018 154 150 209 246
person 0.0018 19 347 35 363
person 0.0017 443 192 498 269
person 0.0017 199 193 233 241
person 0.0017 0 347 33 369
person 0.0017 93 100 154 178
person 0.0016 158 191 245 254
person 0.0015 122 129 295 258
person 0.0013 401 194 499 369
person 0.0012 337 322 356 372
person 0.0012 202 119 243 165
person 0.0012 265 201 403 335
person 0.0011 221 159 255 188
person 0.0010 323 211 391 262
person 0.0010 224 137 249 177
person 0.0010 183 125 287 193
person 0.0010 169 196 309 344
person 0.0010 182 205 268 312
bicycle 0.0032 65 102 159 219
bicycle 0.0017 442 193 499 271
bicycle 0.0015 396 194 499 371
bicycle 0.0012 391 288 456 369
car 0.0336 62 339 329 371
car 0.0083 226 342 334 373
car 0.0071 340 245 414 282
car 0.0068 234 363 267 374
car 0.0068 93 246 129 261
car 0.0049 287 246 422 323
car 0.0041 78 245 119 262
car 0.0028 283 342 334 373
car 0.0025 1 273 339 372
car 0.0024 420 292 451 324
car 0.0020 1 362 91 373
car 0.0012 234 359 281 374
motorbike 0.0066 64 101 221 257
motorbike 0.0010 17 340 334 372
aeroplane 0.7326 38 37 464 286
aeroplane 0.0225 68 105 241 259
aeroplane 0.0207 66 100 163 241
aeroplane 0.0032 19 114 489 366
aeroplane 0.0017 186 5 249 25
aeroplane 0.0013 86 100 156 178
aeroplane 0.0010 5 360 94 373
bus 0.0046 62 339 329 371
bus 0.0025 226 341 336 373
bus 0.0018 234 363 267 374
train 0.0029 62 339 329 371
boat 0.0044 2 362 91 373
boat 0.0020 186 5 249 25
boat 0.0013 66 100 161 236
bird 0.0085 77 363 88 374
bottle 0.0206 331 326 342 373
bottle 0.0176 324 322 333 357
bottle 0.0121 288 351 308 374
bottle 0.0099 339 325 348 373
bottle 0.0074 349 333 361 373
bottle 0.0048 342 333 351 374
bottle 0.0038 352 357 361 374
bottle 0.0033 285 347 323 374
bottle 0.0024 337 322 356 372
bottle 0.0018 328 322 338 365
bottle 0.0017 339 324 346 354
bottle 0.0010 417 326 444 371
bottle 0.0010 330 323 339 350
chair 0.0172 340 247 412 278
chair 0.0092 287 246 422 323
chair 0.0043 336 272 410 291
chair 0.0033 282 342 334 374
chair 0.0033 66 115 176 261
chair 0.0027 227 342 336 373
chair 0.0022 313 274 412 298
chair 0.0015 307 277 404 319
chair 0.0012 331 325 342 373
tvmonitor 0.0019 341 246 412 279
