bird 0.0038 136 144 161 177
bird 0.0025 91 142 116 170
horse 0.0014 473 176 499 252
horse 0.0013 63 253 88 298
horse 0.0010 326 179 370 279
sheep 0.0013 477 177 499 238
sheep 0.0011 319 174 474 272
cow 0.9349 200 179 341 282
cow 0.9332 48 160 163 312
cow 0.9000 136 175 192 280
cow 0.8638 345 173 497 318
cow 0.3075 476 176 499 246
cow 0.2925 323 174 440 278
cow 0.2898 326 179 370 278
cow 0.1093 428 178 498 314
cow 0.0292 332 179 367 211
cow 0.0099 480 178 499 199
cow 0.0081 74 139 161 176
cow 0.0067 335 179 365 195
cow 0.0064 161 180 193 269
cow 0.0061 439 176 499 247
cow 0.0035 91 144 115 170
cow 0.0034 71 140 162 220
cow 0.0033 342 175 478 235
cow 0.0028 63 253 88 298
cow 0.0026 333 175 400 200
cow 0.0026 359 173 424 213
cow 0.0025 159 178 189 229
cow 0.0020 470 177 499 285
cow 0.0017 354 205 381 284
cow 0.0017 71 147 115 170
cow 0.0015 168 168 185 194
cow 0.0014 352 196 425 303
cow 0.0014 459 179 498 212
cow 0.0010 72 164 90 172
