person 0.4316 400 161 416 193
person 0.3210 382 158 415 192
person 0.0077 146 78 160 97
person 0.0051 362 161 392 196
person 0.0028 165 81 174 95
person 0.0027 405 171 416 192
person 0.0025 363 168 376 194
person 0.0019 378 171 394 191
person 0.0019 340 156 352 179
car 0.1226 425 0 442 7
bus 0.0039 424 1 442 8
train 0.9337 253 84 500 315
train 0.8714 70 16 494 193
train 0.0022 59 27 302 193
horse 0.0049 425 0 442 7
sheep 0.0018 425 1 442 8
cow 0.0148 425 0 442 7
chair 0.0033 403 167 416 192
chair 0.0010 146 78 160 97
