person 0.9151 21 19 375 491
person 0.3484 285 46 328 127
person 0.1855 255 30 285 54
person 0.0712 256 27 301 125
person 0.0524 255 29 291 73
person 0.0152 0 175 56 294
person 0.0131 1 183 59 496
person 0.0125 285 46 313 75
person 0.0123 0 167 37 225
person 0.0122 276 40 301 64
person 0.0112 0 143 51 213
person 0.0100 345 62 374 128
person 0.0075 25 336 374 496
person 0.0072 254 32 320 64
person 0.0043 14 126 51 169
person 0.0033 314 65 369 125
person 0.0019 1 130 27 166
bird 0.0071 105 193 277 350
bird 0.0036 142 193 277 287
bird 0.0023 207 222 264 264
bird 0.0023 110 269 167 309
bird 0.0010 104 253 235 336
bird 0.0010 200 202 279 276
bottle 0.0293 336 73 358 125
bottle 0.0198 345 64 374 128
bottle 0.0120 286 46 328 124
bottle 0.0108 316 70 347 124
bottle 0.0100 348 99 374 128
bottle 0.0029 138 325 215 484
bottle 0.0013 323 84 344 126
chair 0.0128 315 66 365 126
chair 0.0114 255 30 285 52
chair 0.0076 0 241 60 476
chair 0.0054 39 136 87 280
chair 0.0043 12 258 376 500
chair 0.0040 50 239 82 278
chair 0.0021 271 35 373 129
chair 0.0020 345 64 374 128
chair 0.0018 319 75 346 125
chair 0.0018 276 41 302 62
chair 0.0017 0 177 40 229
chair 0.0015 0 175 56 294
chair 0.0014 321 225 370 260
chair 0.0013 277 135 375 264
chair 0.0012 57 98 101 113
sofa 0.0051 0 185 60 494
sofa 0.0039 8 275 381 497
sofa 0.0012 0 178 56 295
diningtable 0.0215 1 149 55 206
diningtable 0.0119 284 126 373 242
diningtable 0.0055 0 210 58 497
diningtable 0.0030 289 123 373 163
diningtable 0.0026 19 334 379 497
diningtable 0.0021 40 441 342 498
diningtable 0.0015 1 151 60 253
