person 0.0044 312 0 335 51
person 0.0018 285 36 358 134
person 0.0012 312 27 323 54
bicycle 0.0053 284 22 356 132
bicycle 0.0016 1 7 321 491
car 0.0018 312 27 323 54
car 0.0014 6 -1 322 121
boat 0.0044 1 7 321 491
bird 0.0015 286 63 332 133
dog 0.0019 284 54 358 133
horse 0.0013 284 53 357 133
bottle 0.0028 330 60 357 117
chair 0.0016 330 60 356 116
pottedplant 0.7450 2 5 332 491
pottedplant 0.7155 288 60 400 392
pottedplant 0.0732 164 32 340 458
pottedplant 0.0416 294 250 403 390
pottedplant 0.0369 310 2 400 126
pottedplant 0.0270 303 8 362 129
pottedplant 0.0166 38 232 301 493
pottedplant 0.0031 205 88 328 350
pottedplant 0.0029 189 198 283 341
pottedplant 0.0029 354 214 402 276
pottedplant 0.0020 330 59 357 116
pottedplant 0.0019 0 1 67 79
diningtable 0.0021 1 322 402 496
