person 0.0560 283 438 374 497
person 0.0221 0 0 36 180
person 0.0067 -3 42 64 480
person 0.0061 0 371 375 497
person 0.0059 -1 419 114 498
person 0.0054 0 418 48 498
person 0.0040 278 376 376 497
person 0.0032 174 239 375 492
person 0.0029 0 21 226 493
person 0.0018 7 425 337 495
person 0.0016 137 432 373 497
person 0.0015 1 0 85 207
person 0.0015 182 21 197 34
person 0.0010 169 18 187 30
bicycle 0.0021 128 42 210 67
bicycle 0.0019 195 18 220 31
bicycle 0.0013 42 39 212 67
car 0.0801 194 18 219 32
car 0.0278 195 14 246 31
car 0.0236 220 17 245 31
car 0.0207 211 19 246 38
car 0.0140 195 8 247 24
car 0.0126 164 1 202 28
car 0.0076 181 22 196 35
car 0.0057 174 18 195 29
car 0.0044 35 39 223 68
car 0.0039 167 19 200 37
car 0.0038 214 14 246 24
car 0.0031 165 8 228 31
car 0.0028 218 5 255 25
car 0.0027 123 43 216 67
car 0.0026 164 19 176 29
car 0.0025 199 0 217 11
car 0.0023 165 11 195 28
car 0.0016 166 0 182 7
car 0.0016 192 1 251 32
car 0.0015 169 18 187 30
car 0.0015 183 42 198 51
car 0.0010 1 10 382 494
car 0.0010 163 42 182 65
bus 0.0032 193 13 246 32
bus 0.0029 163 0 209 28
bus 0.0015 199 0 218 9
bird 0.0011 11 134 376 492
cat 0.6679 18 51 305 209
cat 0.4043 156 168 362 276
cat 0.2950 1 118 388 496
cat 0.1934 104 114 191 197
cat 0.1790 9 112 197 275
cat 0.1669 163 242 376 489
cat 0.1536 15 153 365 355
cat 0.0109 195 169 339 235
cat 0.0070 15 145 198 386
cat 0.0055 38 104 348 237
dog 0.0830 6 125 395 497
dog 0.0473 156 227 375 485
dog 0.0064 18 139 358 307
dog 0.0057 184 168 342 243
dog 0.0037 10 108 197 296
dog 0.0011 4 55 312 198
sheep 0.0213 6 125 395 497
sheep 0.0052 156 227 375 485
cow 0.0017 281 440 375 498
bottle 0.4423 302 8 314 45
chair 0.0702 -5 21 350 485
chair 0.0356 162 42 183 66
chair 0.0082 0 420 116 498
chair 0.0052 246 61 373 218
chair 0.0049 135 45 183 66
chair 0.0033 126 42 214 67
chair 0.0032 0 419 47 498
chair 0.0030 -2 16 117 485
chair 0.0029 182 42 202 55
chair 0.0029 2 44 317 201
chair 0.0024 182 21 197 34
chair 0.0019 -1 88 52 485
chair 0.0018 178 48 216 65
chair 0.0015 281 440 376 498
chair 0.0015 183 42 198 51
chair 0.0015 5 372 374 496
chair 0.0014 194 20 215 31
chair 0.0013 33 41 222 68
chair 0.0013 0 -1 34 168
sofa 0.4390 -5 33 377 498
sofa 0.0282 4 51 356 265
sofa 0.0131 -1 419 114 498
sofa 0.0096 241 56 375 218
sofa 0.0043 -3 42 64 480
sofa 0.0026 283 438 376 497
sofa 0.0025 1 297 379 496
sofa 0.0024 0 419 48 498
sofa 0.0023 -2 14 122 485
sofa 0.0017 4 405 368 496
pottedplant 0.3032 128 0 166 32
pottedplant 0.0548 218 18 245 37
pottedplant 0.0225 13 0 160 44
pottedplant 0.0158 250 0 295 37
pottedplant 0.0058 211 22 236 38
pottedplant 0.0050 165 11 195 28
pottedplant 0.0037 167 19 200 37
pottedplant 0.0036 194 15 245 36
pottedplant 0.0036 143 6 165 32
pottedplant 0.0035 178 19 196 34
pottedplant 0.0033 164 19 176 29
pottedplant 0.0029 13 0 73 44
pottedplant 0.0027 205 0 259 31
pottedplant 0.0027 195 18 220 31
pottedplant 0.0025 174 18 195 29
pottedplant 0.0025 251 5 270 35
pottedplant 0.0025 169 18 187 30
pottedplant 0.0024 162 27 186 40
pottedplant 0.0023 -1 11 378 505
pottedplant 0.0022 163 42 182 65
pottedplant 0.0021 134 54 165 65
pottedplant 0.0018 99 1 137 30
pottedplant 0.0018 163 4 179 28
pottedplant 0.0017 49 0 118 41
pottedplant 0.0013 225 6 255 26
pottedplant 0.0010 163 0 209 28
diningtable 0.0263 237 44 373 222
diningtable 0.0165 237 41 373 83
diningtable 0.0081 35 41 223 68
diningtable 0.0036 128 42 210 67
diningtable 0.0034 236 40 355 65
diningtable 0.0019 178 48 216 65
tvmonitor 0.0010 236 41 358 66
