person 0.8116 191 224 252 327
person 0.1718 190 227 226 317
person 0.0417 418 283 435 311
person 0.0339 232 259 252 325
person 0.0289 235 280 252 318
person 0.0256 298 136 306 156
person 0.0236 241 132 253 152
person 0.0223 317 138 325 157
person 0.0157 230 227 257 310
person 0.0119 59 169 70 189
person 0.0111 287 248 331 305
person 0.0109 307 136 315 153
person 0.0107 336 138 344 154
person 0.0105 344 134 353 150
person 0.0103 451 268 498 452
person 0.0078 226 226 254 262
person 0.0073 231 137 242 157
person 0.0066 64 144 106 189
person 0.0065 193 260 224 306
person 0.0054 324 140 332 155
person 0.0050 331 131 337 147
person 0.0048 392 164 401 184
person 0.0046 100 172 111 193
person 0.0044 295 137 305 159
person 0.0043 329 134 336 150
person 0.0036 293 285 330 305
person 0.0030 354 136 363 150
person 0.0025 316 159 323 172
person 0.0025 312 138 320 154
person 0.0025 416 262 427 282
person 0.0022 222 145 233 164
person 0.0021 344 139 354 155
person 0.0020 410 263 421 282
person 0.0018 404 264 413 282
person 0.0018 408 287 426 310
person 0.0018 275 131 289 159
person 0.0016 58 164 75 196
person 0.0014 462 266 498 362
person 0.0014 365 139 373 151
person 0.0014 286 139 295 160
person 0.0014 353 140 363 155
person 0.0013 49 150 75 188
person 0.0013 1 147 22 219
person 0.0013 298 149 308 166
person 0.0012 315 147 324 170
person 0.0012 321 236 356 286
person 0.0012 20 133 107 237
person 0.0012 232 312 248 326
person 0.0012 303 142 310 159
person 0.0011 232 296 250 324
person 0.0011 191 238 214 309
person 0.0010 192 226 225 267
person 0.0010 237 255 258 303
bicycle 0.0150 417 285 435 312
bicycle 0.0023 404 287 426 311
bicycle 0.0011 386 164 401 181
car 0.0022 463 267 498 358
car 0.0017 49 189 113 229
car 0.0014 153 96 194 128
motorbike 0.0065 417 285 435 312
train 0.0013 132 128 365 392
boat 0.0326 12 237 395 396
boat 0.0025 5 316 432 399
boat 0.0022 50 191 112 228
bird 0.0049 231 138 241 157
bird 0.0037 241 131 253 152
bird 0.0022 222 145 233 164
bottle 0.0020 60 166 72 189
bottle 0.0010 241 132 252 153
chair 0.0213 287 259 349 367
chair 0.0167 449 269 497 455
chair 0.0142 288 253 331 306
chair 0.0112 381 234 439 311
chair 0.0063 418 285 435 312
chair 0.0056 305 307 341 332
chair 0.0054 292 283 332 305
chair 0.0041 307 304 349 369
chair 0.0018 436 370 474 457
chair 0.0016 400 289 423 311
chair 0.0015 296 302 335 336
chair 0.0014 344 136 353 155
chair 0.0012 24 134 115 233
chair 0.0011 336 137 344 154
chair 0.0011 418 289 488 456
chair 0.0011 320 235 357 288
chair 0.0010 407 374 466 459
chair 0.0010 47 189 113 229
pottedplant 0.4871 245 135 317 234
pottedplant 0.2483 152 96 195 128
pottedplant 0.1893 245 165 285 199
pottedplant 0.1622 339 281 468 380
pottedplant 0.0893 381 314 470 379
pottedplant 0.0646 64 145 106 190
pottedplant 0.0619 117 129 155 151
pottedplant 0.0602 340 281 402 376
pottedplant 0.0522 259 195 314 233
pottedplant 0.0445 199 80 373 237
pottedplant 0.0378 24 136 117 232
pottedplant 0.0359 73 0 200 149
pottedplant 0.0198 450 268 497 454
pottedplant 0.0193 2 56 52 151
pottedplant 0.0186 202 113 253 165
pottedplant 0.0184 114 100 158 150
pottedplant 0.0168 241 132 252 153
pottedplant 0.0164 415 321 467 374
pottedplant 0.0144 252 103 291 167
pottedplant 0.0113 231 140 241 159
pottedplant 0.0111 246 165 275 179
pottedplant 0.0107 49 169 113 230
pottedplant 0.0107 243 102 295 202
pottedplant 0.0106 0 0 60 160
pottedplant 0.0101 58 164 75 196
pottedplant 0.0091 72 -1 164 103
pottedplant 0.0091 222 144 233 164
pottedplant 0.0088 134 1 272 145
pottedplant 0.0085 186 111 205 138
pottedplant 0.0084 223 134 241 162
pottedplant 0.0067 307 308 349 369
pottedplant 0.0064 153 103 168 127
pottedplant 0.0062 418 283 435 311
pottedplant 0.0057 0 1 71 299
pottedplant 0.0057 150 96 215 150
pottedplant 0.0050 195 114 210 139
pottedplant 0.0047 246 167 264 181
pottedplant 0.0045 172 68 236 140
pottedplant 0.0045 335 136 344 154
pottedplant 0.0045 56 127 125 158
pottedplant 0.0045 155 105 184 128
pottedplant 0.0042 379 318 415 342
pottedplant 0.0041 245 168 263 191
pottedplant 0.0035 139 126 159 148
pottedplant 0.0033 113 126 184 152
pottedplant 0.0028 346 343 384 370
pottedplant 0.0023 274 131 291 165
pottedplant 0.0023 143 129 193 150
pottedplant 0.0021 242 115 252 144
pottedplant 0.0021 60 166 72 189
pottedplant 0.0021 211 147 222 165
pottedplant 0.0021 382 278 428 313
pottedplant 0.0020 199 94 250 142
pottedplant 0.0017 354 137 364 152
pottedplant 0.0017 274 151 309 191
pottedplant 0.0017 343 319 386 368
pottedplant 0.0016 194 115 225 156
pottedplant 0.0015 241 119 255 153
pottedplant 0.0015 195 102 218 138
pottedplant 0.0015 219 106 233 125
pottedplant 0.0015 286 160 310 192
pottedplant 0.0014 258 124 272 156
pottedplant 0.0014 198 126 236 161
pottedplant 0.0013 178 105 202 133
pottedplant 0.0013 107 129 156 204
pottedplant 0.0012 276 128 289 154
pottedplant 0.0012 38 81 62 98
pottedplant 0.0012 409 307 455 326
pottedplant 0.0012 367 280 398 319
pottedplant 0.0012 340 299 382 351
pottedplant 0.0011 130 14 201 133
pottedplant 0.0011 316 159 323 172
pottedplant 0.0011 351 136 368 155
pottedplant 0.0011 249 117 266 153
pottedplant 0.0010 201 136 213 154
pottedplant 0.0010 270 118 287 153
pottedplant 0.0010 74 -14 497 261
pottedplant 0.0010 261 206 322 243
diningtable 0.0019 421 311 452 322
