person 0.0015 348 84 371 108
person 0.0013 358 90 371 110
bicycle 0.0026 257 151 290 179
bird 0.0015 350 85 372 110
bird 0.0011 358 90 371 110
cat 0.0049 112 170 161 194
cat 0.0040 348 84 371 109
cat 0.0032 430 290 475 320
cat 0.0014 70 238 86 266
dog 0.0085 348 84 371 109
dog 0.0029 360 90 371 111
horse 0.0062 348 84 371 109
horse 0.0013 360 90 371 111
horse 0.0012 258 151 290 179
bottle 0.2154 269 192 276 208
bottle 0.0229 258 190 265 207
bottle 0.0167 255 190 261 206
bottle 0.0142 272 219 288 236
bottle 0.0110 289 197 296 211
bottle 0.0067 196 68 227 103
bottle 0.0061 125 194 133 208
bottle 0.0057 314 198 322 214
bottle 0.0049 260 189 268 207
bottle 0.0040 128 104 137 139
bottle 0.0036 422 127 431 149
bottle 0.0035 263 181 283 202
bottle 0.0031 254 98 264 138
bottle 0.0022 255 182 263 208
bottle 0.0022 135 197 144 207
bottle 0.0018 130 127 137 138
bottle 0.0013 417 189 427 206
bottle 0.0012 270 173 281 180
bottle 0.0011 144 130 153 138
bottle 0.0010 190 72 204 103
chair 0.5173 337 176 371 250
chair 0.5039 416 249 498 374
chair 0.4614 216 205 235 229
chair 0.2118 -7 251 276 371
chair 0.1940 468 252 499 373
chair 0.1626 418 288 478 373
chair 0.0694 94 235 219 305
chair 0.0691 257 151 289 179
chair 0.0638 291 180 372 245
chair 0.0616 299 168 322 188
chair 0.0482 254 210 317 228
chair 0.0369 256 210 289 227
chair 0.0364 218 205 287 231
chair 0.0335 3 244 50 293
chair 0.0233 217 202 256 229
chair 0.0220 281 180 323 204
chair 0.0178 113 169 162 195
chair 0.0129 283 188 321 201
chair 0.0109 276 198 322 220
chair 0.0105 288 179 301 188
chair 0.0105 257 186 324 211
chair 0.0099 198 212 219 227
chair 0.0088 263 180 288 206
chair 0.0087 165 204 199 219
chair 0.0085 0 243 49 340
chair 0.0073 291 191 321 211
chair 0.0070 351 175 376 213
chair 0.0066 282 169 341 217
chair 0.0061 297 172 367 318
chair 0.0059 350 174 373 189
chair 0.0053 0 283 27 342
chair 0.0052 183 180 226 226
chair 0.0051 260 181 277 199
chair 0.0049 257 158 272 178
chair 0.0049 340 177 353 200
chair 0.0046 294 167 357 203
chair 0.0043 267 180 286 195
chair 0.0042 361 176 376 197
chair 0.0039 338 182 361 218
chair 0.0038 257 157 291 206
chair 0.0037 251 202 324 238
chair 0.0035 341 171 351 190
chair 0.0034 290 171 301 187
chair 0.0033 117 176 161 213
chair 0.0029 474 252 499 325
chair 0.0025 288 196 296 210
chair 0.0025 106 150 163 193
chair 0.0024 284 190 302 207
chair 0.0023 270 216 287 232
chair 0.0023 294 210 321 225
chair 0.0022 258 163 279 180
chair 0.0022 314 193 355 220
chair 0.0021 313 197 323 218
chair 0.0020 0 288 59 342
chair 0.0019 290 217 321 239
chair 0.0019 338 195 351 215
chair 0.0016 342 169 357 189
chair 0.0016 222 184 235 207
chair 0.0016 223 216 256 232
chair 0.0016 165 209 184 220
chair 0.0016 260 184 270 207
chair 0.0015 92 239 273 334
chair 0.0014 270 192 277 209
chair 0.0014 180 209 220 228
chair 0.0014 258 190 265 207
chair 0.0014 475 319 499 372
chair 0.0013 247 183 362 306
chair 0.0013 313 199 321 211
chair 0.0013 307 199 323 238
chair 0.0013 272 317 311 337
chair 0.0013 340 175 363 203
chair 0.0013 270 173 281 180
chair 0.0012 257 194 278 224
chair 0.0012 274 185 286 203
chair 0.0011 232 221 256 232
chair 0.0011 255 190 261 206
chair 0.0010 256 169 349 231
chair 0.0010 289 200 322 215
chair 0.0010 431 290 476 321
sofa 0.6659 0 243 276 372
sofa 0.0363 94 236 221 305
sofa 0.0135 113 170 162 195
sofa 0.0047 338 176 374 250
sofa 0.0031 257 151 290 179
sofa 0.0026 92 224 270 346
sofa 0.0023 258 174 323 207
sofa 0.0018 110 143 161 192
sofa 0.0016 290 181 370 248
sofa 0.0015 281 180 323 204
sofa 0.0011 1 218 51 292
pottedplant 0.8426 371 161 408 235
pottedplant 0.7242 1 169 53 289
pottedplant 0.2959 257 150 291 180
pottedplant 0.0477 0 169 52 220
pottedplant 0.0441 254 98 264 140
pottedplant 0.0408 256 150 291 207
pottedplant 0.0355 338 174 373 248
pottedplant 0.0172 3 219 50 292
pottedplant 0.0151 128 104 137 139
pottedplant 0.0062 103 146 161 195
pottedplant 0.0060 130 127 137 138
pottedplant 0.0029 124 142 145 191
pottedplant 0.0015 196 68 228 102
pottedplant 0.0014 113 169 161 194
pottedplant 0.0011 260 162 275 179
pottedplant 0.0010 258 174 323 207
pottedplant 0.0010 263 180 288 206
diningtable 0.3212 95 212 330 335
diningtable 0.2376 422 248 499 373
diningtable 0.2058 249 185 365 241
diningtable 0.1869 462 249 498 373
diningtable 0.1323 102 210 327 268
diningtable 0.0754 265 193 354 225
diningtable 0.0725 186 203 342 241
diningtable 0.0606 257 206 325 227
diningtable 0.0167 216 206 311 230
diningtable 0.0155 247 183 362 306
diningtable 0.0126 473 252 499 330
diningtable 0.0086 257 151 290 179
diningtable 0.0061 217 205 235 229
diningtable 0.0059 142 185 326 234
diningtable 0.0052 180 209 220 228
diningtable 0.0047 241 211 316 238
diningtable 0.0045 0 284 26 343
diningtable 0.0045 199 212 217 226
diningtable 0.0043 217 202 256 229
diningtable 0.0040 284 200 321 214
diningtable 0.0036 92 235 219 306
diningtable 0.0035 257 186 324 211
diningtable 0.0031 163 205 198 224
diningtable 0.0026 0 243 49 340
diningtable 0.0025 276 198 322 220
diningtable 0.0024 0 287 15 310
diningtable 0.0022 338 176 374 250
diningtable 0.0022 314 193 355 220
diningtable 0.0020 285 187 322 202
diningtable 0.0019 6 239 278 371
diningtable 0.0017 338 195 351 215
diningtable 0.0016 338 182 361 218
diningtable 0.0015 262 180 284 201
diningtable 0.0014 420 295 478 373
diningtable 0.0014 289 216 322 240
diningtable 0.0012 144 209 253 234
tvmonitor 0.0098 112 169 160 193
