person 0.0017 444 328 499 374
person 0.0012 0 248 12 361
car 0.0018 456 301 499 332
car 0.0013 316 359 350 372
car 0.0012 220 291 279 319
bottle 0.7470 370 260 430 359
bottle 0.0048 186 234 205 260
bottle 0.0040 486 170 498 218
bottle 0.0039 18 223 24 243
bottle 0.0014 154 329 190 340
bottle 0.0012 492 173 499 217
bottle 0.0012 153 330 176 338
bottle 0.0012 371 259 421 302
bottle 0.0010 388 260 411 295
bottle 0.0010 473 342 499 373
chair 0.0336 442 328 499 374
chair 0.0058 201 191 300 255
chair 0.0046 280 266 326 321
chair 0.0043 201 189 362 284
chair 0.0039 440 321 474 368
chair 0.0039 6 251 37 321
chair 0.0032 271 186 333 225
chair 0.0032 225 186 336 244
chair 0.0023 452 297 498 351
chair 0.0022 213 272 281 324
chair 0.0020 370 263 429 358
chair 0.0013 194 190 242 249
chair 0.0012 473 342 498 373
sofa 0.0130 0 335 102 373
sofa 0.0015 58 316 417 372
sofa 0.0012 441 298 499 372
pottedplant 0.0209 0 335 103 373
diningtable 0.0598 -2 318 431 371
diningtable 0.0089 115 230 379 344
diningtable 0.0028 441 303 499 372
tvmonitor 0.9041 192 55 319 153
tvmonitor 0.0037 170 272 203 298
tvmonitor 0.0036 282 266 326 319
tvmonitor 0.0022 213 272 282 325
tvmonitor 0.0012 487 170 499 218
tvmonitor 0.0012 287 270 321 297
tvmonitor 0.0010 176 132 193 156
