person 0.8193 107 -1 209 192
person 0.0037 0 103 11 157
person 0.0022 72 76 210 205
person 0.0013 108 0 219 97
person 0.0013 33 27 251 211
bicycle 0.0443 47 27 489 216
bicycle 0.0030 58 113 321 213
bicycle 0.0021 45 58 255 211
bicycle 0.0016 69 124 189 211
car 0.0261 43 10 501 212
car 0.0011 0 20 129 162
motorbike 0.0027 46 11 490 216
aeroplane 0.0095 41 7 498 212
bus 0.0013 21 2 498 212
train 0.1696 47 9 499 217
boat 0.0015 47 9 499 217
horse 0.0064 33 27 251 211
chair 0.0032 93 15 498 213
chair 0.0011 0 90 81 214
sofa 0.0143 0 22 126 160
sofa 0.0041 -2 23 239 211
sofa 0.0037 96 12 499 212
pottedplant 0.0041 5 92 79 157
pottedplant 0.0030 0 0 88 26
tvmonitor 0.0022 0 21 129 157
