person 0.0981 246 191 256 210
person 0.0508 238 190 255 210
person 0.0130 249 194 265 210
person 0.0057 255 200 265 209
person 0.0011 225 187 263 210
bicycle 0.3299 225 186 253 211
bicycle 0.2042 224 195 242 211
bicycle 0.0272 238 190 255 210
bicycle 0.0192 249 194 265 210
bicycle 0.0022 226 195 270 212
bicycle 0.0021 246 191 255 210
bicycle 0.0012 34 64 89 90
bicycle 0.0011 229 184 252 199
bicycle 0.0010 229 184 246 193
car 0.0025 226 185 255 211
motorbike 0.1496 225 186 262 210
motorbike 0.0101 249 194 265 210
motorbike 0.0017 238 190 255 210
motorbike 0.0011 225 188 243 211
train 0.0020 372 193 499 229
bottle 0.0391 246 191 256 210
bottle 0.0054 255 200 265 209
bottle 0.0024 228 190 257 211
chair 0.0470 0 117 9 161
chair 0.0385 1 116 48 256
chair 0.0286 0 117 12 221
chair 0.0165 1 198 51 253
chair 0.0130 1 116 27 226
chair 0.0029 254 200 265 209
chair 0.0023 0 124 17 192
chair 0.0022 106 159 115 188
chair 0.0013 249 194 265 210
chair 0.0013 226 185 255 211
chair 0.0012 0 185 28 236
chair 0.0010 224 195 242 211
sofa 0.0014 110 164 165 192
sofa 0.0012 0 115 54 260
pottedplant 0.0119 226 185 255 211
pottedplant 0.0095 255 200 265 209
pottedplant 0.0033 245 192 256 210
pottedplant 0.0016 238 190 255 210
pottedplant 0.0013 106 158 115 188
diningtable 0.0042 410 174 501 189
diningtable 0.0041 224 186 256 211
diningtable 0.0021 398 183 504 201
diningtable 0.0019 420 166 499 177
diningtable 0.0018 381 184 498 215
diningtable 0.0015 211 198 278 216
diningtable 0.0011 419 171 498 183
tvmonitor 0.0030 0 117 9 161
