person 0.0146 312 215 419 263
person 0.0069 361 213 420 258
person 0.0041 398 213 420 242
person 0.0023 90 152 101 178
person 0.0020 256 113 312 124
person 0.0019 87 151 97 182
person 0.0017 301 225 421 359
person 0.0013 97 152 106 177
person 0.0010 90 148 114 188
bicycle 0.0012 17 241 39 295
car 0.0046 257 114 280 124
car 0.0039 482 198 495 211
car 0.0029 254 113 313 125
car 0.0020 481 198 499 224
bird 0.0051 344 205 362 222
bird 0.0021 348 32 362 47
cat 0.0043 177 267 217 291
cat 0.0021 373 217 420 258
cat 0.0016 390 213 420 244
cat 0.0014 183 267 214 281
cat 0.0013 344 205 362 222
dog 0.0036 177 267 217 291
dog 0.0031 373 217 420 258
dog 0.0020 391 213 421 243
dog 0.0012 183 267 214 281
dog 0.0011 312 215 419 263
bottle 0.0653 255 113 312 124
bottle 0.0138 380 182 390 222
bottle 0.0119 82 220 91 236
bottle 0.0078 256 114 278 124
bottle 0.0058 300 353 309 374
bottle 0.0047 288 114 311 124
bottle 0.0028 74 147 90 188
bottle 0.0021 65 112 74 124
bottle 0.0015 88 151 97 178
bottle 0.0014 77 112 90 128
bottle 0.0013 74 129 82 138
bottle 0.0012 309 115 318 125
chair 0.3102 301 228 420 362
chair 0.1276 40 240 238 372
chair 0.0424 5 194 43 291
chair 0.0326 226 294 316 373
chair 0.0240 216 270 270 371
chair 0.0174 9 198 42 254
chair 0.0144 0 207 29 300
chair 0.0121 223 271 276 309
chair 0.0101 312 215 419 263
chair 0.0071 113 262 274 367
chair 0.0066 17 241 39 295
chair 0.0060 0 119 45 290
chair 0.0055 184 272 277 316
chair 0.0045 182 268 216 290
chair 0.0030 180 174 260 285
chair 0.0026 180 261 263 289
chair 0.0018 25 211 42 252
chair 0.0018 371 213 421 256
chair 0.0016 0 121 42 209
chair 0.0013 15 200 32 283
chair 0.0012 230 294 308 321
chair 0.0011 11 204 29 249
chair 0.0010 110 178 271 298
chair 0.0010 276 277 308 305
sofa 0.8909 33 238 276 371
sofa 0.8846 298 231 420 363
sofa 0.0081 312 215 419 263
sofa 0.0078 248 177 316 222
sofa 0.0021 116 262 273 361
sofa 0.0012 226 293 315 373
pottedplant 0.0375 344 204 362 222
pottedplant 0.0076 82 218 92 236
diningtable 0.0026 4 196 42 278
diningtable 0.0017 115 234 256 288
diningtable 0.0012 252 259 299 281
diningtable 0.0012 226 293 317 373
diningtable 0.0011 180 261 263 289
diningtable 0.0010 299 222 422 361
tvmonitor 0.7845 72 144 121 191
tvmonitor 0.1616 0 123 42 209
tvmonitor 0.0262 0 209 21 299
tvmonitor 0.0138 90 148 114 188
tvmonitor 0.0053 84 149 105 188
tvmonitor 0.0041 248 177 317 222
tvmonitor 0.0037 90 152 101 178
tvmonitor 0.0034 97 152 106 177
tvmonitor 0.0024 73 147 90 190
tvmonitor 0.0016 79 150 96 188
tvmonitor 0.0013 426 18 499 374
