person 0.8920 12 204 69 361
person 0.5186 278 191 307 219
person 0.3937 220 202 235 218
person 0.3005 403 174 439 229
person 0.1397 118 195 135 220
person 0.1260 401 196 418 230
person 0.0996 218 192 234 218
person 0.0404 193 201 208 218
person 0.0340 324 197 341 216
person 0.0277 362 178 376 215
person 0.0244 249 200 262 217
person 0.0232 401 171 420 224
person 0.0175 343 194 354 215
person 0.0135 2 113 29 138
person 0.0127 368 191 387 215
person 0.0127 278 84 495 290
person 0.0125 418 184 439 227
person 0.0121 295 185 307 209
person 0.0087 262 200 275 217
person 0.0079 105 195 120 218
person 0.0063 84 191 99 219
person 0.0052 72 199 85 219
person 0.0047 328 190 354 216
person 0.0045 36 203 52 222
person 0.0044 353 190 375 216
person 0.0042 266 205 277 218
person 0.0039 104 199 114 216
person 0.0036 73 207 85 219
person 0.0035 364 195 374 214
person 0.0033 228 202 241 219
person 0.0031 192 201 202 216
person 0.0030 347 174 378 220
person 0.0026 161 203 171 218
person 0.0025 298 181 311 212
person 0.0025 0 185 8 207
person 0.0024 0 183 18 220
person 0.0023 373 173 388 213
person 0.0023 340 180 355 217
person 0.0022 419 205 434 227
person 0.0019 352 201 362 215
person 0.0019 0 211 22 294
person 0.0018 232 199 247 214
person 0.0017 86 208 98 220
person 0.0016 51 210 66 221
person 0.0015 326 179 339 212
person 0.0014 292 178 313 216
person 0.0014 157 200 174 218
person 0.0014 413 208 429 228
person 0.0013 302 192 311 214
person 0.0012 426 201 439 226
person 0.0012 132 199 141 217
person 0.0011 30 204 52 231
person 0.0010 15 202 22 222
bicycle 0.0012 227 85 498 296
car 0.0124 0 222 27 327
car 0.0089 0 218 21 241
car 0.0063 0 216 22 275
car 0.0045 0 18 55 330
car 0.0031 462 184 499 292
car 0.0029 1 217 57 328
car 0.0010 8 225 24 292
bus 0.9188 32 112 479 316
bus 0.8707 0 15 52 325
bus 0.6421 227 85 498 296
bus 0.2482 447 88 498 287
bus 0.2266 230 88 499 155
bus 0.0050 0 215 24 324
bus 0.0032 463 184 499 292
bus 0.0011 24 95 482 204
train 0.1776 228 90 499 217
train 0.0678 230 88 499 155
train 0.0015 17 109 481 314
train 0.0014 24 95 482 204
chair 0.0076 118 195 135 220
chair 0.0073 343 194 354 215
chair 0.0051 220 203 236 218
chair 0.0028 105 196 119 219
chair 0.0026 250 197 262 218
chair 0.0026 268 198 286 218
chair 0.0023 266 205 277 218
chair 0.0022 326 196 348 216
chair 0.0018 280 206 305 219
chair 0.0017 413 208 428 227
chair 0.0016 402 201 418 230
chair 0.0012 228 202 241 219
