person 0.0523 21 123 41 199
person 0.0219 20 39 58 206
person 0.0094 65 155 87 212
person 0.0065 22 123 43 252
person 0.0035 53 82 92 229
person 0.0029 71 155 87 194
person 0.0028 22 127 33 166
person 0.0015 20 83 40 168
person 0.0013 70 118 91 191
person 0.0011 37 140 93 255
person 0.0011 76 153 89 185
person 0.0011 27 125 52 184
bicycle 0.9568 47 33 498 329
bicycle 0.0063 34 44 241 278
car 0.0025 54 -58 497 88
bus 0.0037 29 -65 504 114
bus 0.0034 35 21 475 326
train 0.0019 38 -69 499 290
bird 0.0032 106 24 117 50
bottle 0.6390 268 152 299 198
bottle 0.0720 282 154 300 183
bottle 0.0460 255 165 286 203
bottle 0.0458 285 153 300 168
bottle 0.0017 71 155 87 207
bottle 0.0015 262 151 295 241
bottle 0.0010 253 177 286 219
chair 0.0052 105 24 117 50
pottedplant 0.0451 13 1 69 207
pottedplant 0.0121 441 322 499 373
pottedplant 0.0028 21 86 57 175
pottedplant 0.0013 -11 -188 150 235
pottedplant 0.0012 20 83 40 168
