person 0.0816 176 39 343 492
person 0.0316 32 41 331 494
person 0.0192 265 82 347 442
person 0.0187 1 1 130 134
person 0.0137 279 88 345 310
person 0.0098 223 25 345 326
person 0.0064 0 260 82 344
person 0.0053 244 11 345 182
person 0.0041 1 2 46 126
person 0.0032 29 274 70 335
person 0.0024 296 164 344 270
person 0.0024 4 0 229 154
person 0.0017 264 322 344 498
person 0.0014 34 294 76 342
person 0.0011 314 332 345 367
person 0.0011 171 0 329 162
car 0.0013 263 134 346 493
car 0.0011 308 331 345 368
car 0.0010 280 257 346 463
bird 0.7838 44 47 308 492
bird 0.1807 63 49 207 424
bird 0.0399 164 70 317 459
bird 0.0034 69 59 197 257
bird 0.0029 66 50 177 155
bird 0.0023 168 104 285 337
bird 0.0017 106 0 229 100
bird 0.0016 157 343 202 426
bird 0.0012 1 6 46 122
cat 0.0208 39 42 315 495
cat 0.0113 164 69 315 471
dog 0.0145 33 44 320 497
dog 0.0016 163 42 331 460
horse 0.0014 0 45 325 497
cow 0.0026 240 323 347 498
cow 0.0010 149 309 346 497
bottle 0.0010 164 69 315 471
chair 0.0039 1 1 128 137
pottedplant 0.0020 182 17 347 475
