person 0.0273 57 50 92 150
person 0.0271 53 93 88 240
person 0.0097 121 44 153 134
person 0.0073 64 89 91 142
person 0.0061 69 58 95 122
person 0.0043 123 99 155 139
person 0.0041 136 98 158 135
person 0.0032 69 45 150 142
person 0.0029 34 140 86 245
person 0.0028 59 148 83 222
person 0.0026 55 61 81 117
person 0.0025 59 53 81 97
person 0.0019 66 93 90 121
person 0.0018 65 45 85 84
person 0.0018 83 43 145 104
person 0.0017 126 41 146 98
person 0.0015 135 102 150 127
person 0.0014 89 96 181 237
person 0.0014 41 186 64 244
person 0.0010 38 42 151 238
bird 0.9060 180 126 266 224
bird 0.0065 288 172 312 204
bird 0.0032 263 205 293 236
bird 0.0028 184 126 223 149
bird 0.0019 97 267 113 281
bird 0.0013 290 178 305 204
bird 0.0011 273 205 294 218
bottle 0.0037 74 224 90 240
bottle 0.0017 131 102 149 131
bottle 0.0010 134 106 144 119
