person 0.1256 124 0 299 445
person 0.0221 25 0 296 205
person 0.0147 33 53 211 450
person 0.0074 191 0 297 204
person 0.0070 160 207 297 448
person 0.0057 206 9 242 77
person 0.0031 274 303 298 442
person 0.0028 272 165 297 285
person 0.0023 32 0 283 98
person 0.0020 54 341 162 449
person 0.0017 3 147 255 381
bicycle 0.0442 0 333 52 450
bicycle 0.0186 1 210 91 348
bicycle 0.0172 51 -8 299 450
bicycle 0.0106 -1 235 65 451
bicycle 0.0070 3 147 255 381
bicycle 0.0063 25 0 296 205
bicycle 0.0025 -2 207 208 448
bicycle 0.0018 32 114 57 153
bicycle 0.0017 0 107 52 169
car 0.1377 0 99 35 143
car 0.0435 0 209 92 353
car 0.0164 28 16 302 449
car 0.0076 3 147 255 381
car 0.0058 57 168 88 207
car 0.0032 1 0 280 229
car 0.0026 0 105 46 167
car 0.0019 0 211 91 279
car 0.0014 19 69 53 146
car 0.0011 30 113 56 158
motorbike 0.0296 51 -8 299 450
motorbike 0.0268 3 147 255 381
motorbike 0.0157 2 211 91 348
motorbike 0.0108 0 333 53 449
motorbike 0.0054 -1 235 65 451
motorbike 0.0029 18 0 295 219
motorbike 0.0028 0 107 52 169
motorbike 0.0025 32 114 57 153
motorbike 0.0011 173 17 298 448
boat 0.0026 3 147 255 381
boat 0.0017 28 16 302 449
cat 0.0018 40 1 177 78
cat 0.0013 43 126 216 443
cat 0.0010 29 0 266 142
dog 0.8782 34 49 214 443
dog 0.0080 33 44 202 253
dog 0.0070 53 233 200 438
dog 0.0066 120 -8 296 446
dog 0.0034 29 0 295 168
dog 0.0031 46 156 306 433
dog 0.0019 36 0 227 94
dog 0.0013 148 286 197 401
horse 0.0016 32 47 299 448
cow 0.0019 35 0 234 86
cow 0.0012 33 53 211 450
bottle 0.0030 135 41 263 211
bottle 0.0021 205 8 243 76
bottle 0.0012 143 82 223 163
chair 0.4743 0 331 52 451
chair 0.0842 0 210 93 351
chair 0.0197 0 264 70 347
chair 0.0082 9 197 284 446
chair 0.0071 0 213 73 450
chair 0.0048 125 11 299 451
chair 0.0034 18 0 295 219
chair 0.0021 57 372 114 450
chair 0.0019 273 300 298 443
chair 0.0012 52 138 211 440
chair 0.0012 136 69 236 203
chair 0.0011 56 354 192 450
sofa 0.0105 25 198 304 448
sofa 0.0033 0 334 51 450
sofa 0.0019 -4 0 279 197
sofa 0.0011 205 0 297 212
pottedplant 0.0018 0 333 53 449
diningtable 0.0343 1 263 75 345
diningtable 0.0166 1 262 72 307
diningtable 0.0092 0 210 92 350
diningtable 0.0023 2 192 262 387
diningtable 0.0013 0 332 52 450
