person 0.6787 190 219 210 290
person 0.1088 194 127 208 154
person 0.0314 171 138 183 155
person 0.0172 192 220 208 246
person 0.0165 206 217 227 241
person 0.0135 185 253 199 299
person 0.0127 218 135 227 145
person 0.0098 206 220 222 259
person 0.0049 175 127 208 156
person 0.0035 217 135 228 158
person 0.0032 160 0 169 8
person 0.0031 251 142 267 184
person 0.0029 204 222 218 240
person 0.0024 273 0 281 18
person 0.0023 196 223 219 263
person 0.0023 207 249 218 258
person 0.0019 156 0 166 8
person 0.0017 234 147 242 158
person 0.0015 175 63 190 72
person 0.0015 183 229 198 278
person 0.0014 176 125 192 153
person 0.0013 254 143 267 166
person 0.0012 250 146 285 194
person 0.0011 203 132 230 175
person 0.0011 314 0 322 13
car 0.0053 339 3 374 50
car 0.0020 342 10 364 40
car 0.0017 293 9 372 47
train 0.9141 97 36 326 325
train 0.0013 290 1 372 49
train 0.0012 339 3 374 50
boat 0.0025 340 10 374 50
