person 0.0705 298 -11 499 368
person 0.0149 61 251 383 370
person 0.0122 88 320 172 373
person 0.0115 430 -3 499 135
person 0.0110 101 -3 498 365
person 0.0094 0 240 133 371
person 0.0037 7 -2 498 205
person 0.0029 22 291 493 375
person 0.0014 0 5 318 373
person 0.0013 88 317 297 373
dog 0.9008 59 64 393 371
dog 0.0034 94 259 292 373
bottle 0.0111 194 268 270 348
bottle 0.0068 221 285 269 349
bottle 0.0010 163 266 280 371
chair 0.0853 0 240 130 371
chair 0.0116 297 -15 499 371
chair 0.0048 26 1 500 368
chair 0.0018 23 261 493 374
sofa 0.2913 0 -28 498 370
sofa 0.0835 0 241 135 371
sofa 0.0469 306 -14 499 370
sofa 0.0086 9 200 499 372
sofa 0.0076 0 8 189 370
sofa 0.0072 22 291 493 375
sofa 0.0053 -4 0 501 169
sofa 0.0045 61 251 383 370
diningtable 0.0020 0 242 133 370
diningtable 0.0010 23 261 493 374
