person 0.0415 188 30 382 243
person 0.0087 206 256 233 313
person 0.0036 130 224 244 333
person 0.0036 154 269 196 325
person 0.0023 179 -1 484 271
person 0.0020 173 270 205 314
person 0.0016 152 256 238 328
person 0.0012 -15 7 494 371
bird 0.0017 140 225 239 328
bird 0.0010 206 257 233 310
bird 0.0010 173 268 205 316
cat 0.1291 189 30 381 244
cat 0.0080 173 270 205 314
cat 0.0055 143 225 239 328
cat 0.0040 280 69 379 245
cat 0.0035 206 256 233 313
cat 0.0029 179 -1 484 271
cat 0.0020 179 254 232 316
cat 0.0017 154 269 196 325
dog 0.1474 189 29 382 241
dog 0.1397 146 224 239 328
dog 0.0130 206 256 233 313
dog 0.0112 173 270 205 314
dog 0.0031 179 254 232 316
dog 0.0029 155 285 193 326
dog 0.0027 273 74 379 244
dog 0.0010 171 -6 485 307
dog 0.0010 162 269 195 319
horse 0.0254 146 224 239 328
horse 0.0081 173 270 205 314
horse 0.0052 191 38 384 244
horse 0.0025 206 256 233 313
horse 0.0021 155 277 204 326
horse 0.0016 179 254 232 316
horse 0.0011 34 9 472 349
sheep 0.0033 138 226 241 328
cow 0.1013 138 226 241 328
cow 0.0142 185 28 386 234
cow 0.0015 152 269 219 327
cow 0.0014 206 256 233 313
chair 0.0103 139 227 240 328
chair 0.0016 179 33 397 236
sofa 0.0034 175 26 395 236
sofa 0.0025 -15 7 494 371
diningtable 0.0048 -15 7 494 371
tvmonitor 0.0012 0 91 16 170
