person 0.0231 157 128 214 197
person 0.0129 29 160 57 197
person 0.0098 137 115 182 169
person 0.0091 114 124 147 165
person 0.0079 175 120 209 165
person 0.0063 42 160 57 177
person 0.0042 254 188 263 198
person 0.0038 147 118 208 173
person 0.0035 161 138 205 170
person 0.0032 25 172 43 203
person 0.0027 44 153 76 184
person 0.0022 160 143 184 169
person 0.0016 117 124 133 144
car 0.0550 491 209 499 231
car 0.0123 491 189 499 235
car 0.0021 0 169 25 247
car 0.0012 0 84 39 247
bus 0.9420 16 21 493 331
bus 0.2722 0 169 26 250
bus 0.1122 0 84 39 247
bus 0.0081 1 86 41 172
bus 0.0076 491 189 499 235
bus 0.0072 490 146 499 238
bus 0.0069 0 171 26 202
bus 0.0016 491 208 499 231
train 0.0425 0 166 29 247
train 0.0041 0 90 37 248
train 0.0038 1 83 42 171
train 0.0032 1 145 54 248
train 0.0020 0 171 26 203
boat 0.0010 0 166 29 247
chair 0.0180 253 130 274 166
chair 0.0025 234 139 276 201
chair 0.0013 114 139 146 164
