person 0.4063 298 145 311 156
person 0.3614 288 144 307 156
person 0.1763 281 146 323 165
person 0.0573 336 156 345 167
person 0.0490 283 143 298 155
person 0.0461 263 145 276 155
person 0.0374 269 145 278 154
person 0.0195 276 144 287 155
person 0.0188 259 146 277 166
person 0.0162 308 149 319 160
person 0.0085 268 146 280 161
person 0.0082 282 146 292 156
person 0.0078 312 150 323 161
person 0.0056 300 146 314 162
person 0.0055 351 158 361 169
person 0.0048 257 147 269 160
person 0.0045 263 144 295 167
person 0.0039 255 148 267 167
person 0.0029 293 145 321 158
person 0.0024 244 148 271 171
person 0.0012 262 141 324 168
person 0.0011 317 152 331 163
aeroplane 0.8969 133 131 431 207
aeroplane 0.0108 281 146 323 165
aeroplane 0.0013 259 136 427 198
chair 0.0010 284 142 305 156
