person 0.9282 35 90 216 327
person 0.7088 251 107 452 266
person 0.6682 143 117 295 304
person 0.4147 220 119 376 273
person 0.1658 107 125 194 237
person 0.1171 143 121 224 259
person 0.1102 278 109 325 166
person 0.0763 190 154 281 292
person 0.0631 285 119 315 162
person 0.0572 313 104 480 194
person 0.0542 278 135 314 167
person 0.0455 221 115 312 215
person 0.0444 284 303 363 331
person 0.0409 221 116 292 178
person 0.0404 319 187 411 244
person 0.0353 202 215 272 292
person 0.0341 324 136 470 174
person 0.0341 359 216 407 256
person 0.0326 264 234 382 331
person 0.0316 287 110 375 173
person 0.0299 302 143 457 242
person 0.0214 214 118 292 278
person 0.0197 329 211 403 243
person 0.0177 241 113 325 177
person 0.0153 278 107 305 137
person 0.0133 300 105 391 153
person 0.0094 139 124 204 210
person 0.0090 319 216 406 260
person 0.0086 155 203 238 311
person 0.0078 156 87 191 103
person 0.0058 310 172 499 254
person 0.0056 336 181 381 225
person 0.0051 99 88 109 107
person 0.0050 284 114 303 136
person 0.0037 293 143 327 174
person 0.0037 91 300 147 331
person 0.0036 278 137 297 164
person 0.0033 163 115 290 195
person 0.0033 358 217 397 240
person 0.0032 114 103 443 288
person 0.0030 279 277 366 331
person 0.0028 234 116 287 150
person 0.0027 191 127 236 175
person 0.0026 253 206 495 330
person 0.0023 107 163 155 238
person 0.0020 295 143 316 166
person 0.0018 153 87 219 154
person 0.0018 193 303 367 333
person 0.0016 102 163 210 292
person 0.0014 300 219 416 296
person 0.0012 310 142 326 159
person 0.0012 207 212 234 253
person 0.0011 346 198 468 262
person 0.0010 304 124 357 145
person 0.0010 262 214 349 301
bird 0.0072 251 22 271 31
bird 0.0012 250 23 274 38
bird 0.0011 235 25 250 37
cat 0.0102 359 217 400 246
cat 0.0020 305 127 359 158
cat 0.0015 380 152 437 175
cat 0.0014 334 216 406 259
dog 0.0065 359 217 400 246
dog 0.0021 334 216 406 259
dog 0.0015 278 133 315 168
bottle 0.4904 375 240 387 277
bottle 0.0422 254 90 263 110
bottle 0.0275 377 242 387 254
bottle 0.0205 247 96 255 112
bottle 0.0126 180 7 188 16
bottle 0.0094 244 88 256 111
bottle 0.0075 358 217 398 250
bottle 0.0057 97 89 108 109
bottle 0.0019 174 5 182 16
bottle 0.0018 296 27 304 37
bottle 0.0015 168 4 176 15
bottle 0.0012 374 224 394 249
bottle 0.0011 379 239 389 250
bottle 0.0010 247 99 263 115
bottle 0.0010 290 52 305 77
bottle 0.0010 162 3 175 16
chair 0.0510 181 32 229 143
chair 0.0487 259 77 293 110
chair 0.0178 282 303 364 331
chair 0.0152 203 112 219 145
chair 0.0137 343 169 498 249
chair 0.0102 110 185 155 236
chair 0.0099 284 250 378 332
chair 0.0089 308 100 396 151
chair 0.0088 132 30 228 187
chair 0.0083 236 99 280 147
chair 0.0074 244 76 304 120
chair 0.0067 68 297 102 331
chair 0.0067 67 297 147 330
chair 0.0061 198 33 228 85
chair 0.0053 204 105 228 143
chair 0.0051 35 195 145 329
chair 0.0050 393 103 447 140
chair 0.0044 283 73 329 114
chair 0.0039 102 163 210 292
chair 0.0033 197 107 228 172
chair 0.0032 125 106 472 304
chair 0.0032 72 28 227 221
chair 0.0030 238 102 251 116
chair 0.0030 106 158 175 239
chair 0.0026 194 143 213 173
chair 0.0026 260 226 373 314
chair 0.0024 244 80 269 112
chair 0.0022 151 86 221 158
chair 0.0022 441 92 499 192
chair 0.0021 190 128 233 176
chair 0.0020 229 111 303 161
chair 0.0019 50 2 134 20
chair 0.0019 313 105 489 187
chair 0.0018 188 84 225 149
chair 0.0017 137 1 165 18
chair 0.0017 34 89 206 326
chair 0.0017 99 88 109 107
chair 0.0016 238 103 276 129
chair 0.0016 204 112 236 157
chair 0.0016 238 114 261 145
chair 0.0014 199 36 227 61
chair 0.0014 137 128 333 299
chair 0.0014 212 98 229 138
chair 0.0014 303 256 364 315
chair 0.0013 242 85 257 109
chair 0.0012 198 134 216 166
chair 0.0012 65 140 181 262
chair 0.0011 125 115 223 309
chair 0.0010 75 45 319 324
chair 0.0010 26 46 159 132
chair 0.0010 404 247 499 330
sofa 0.5506 121 122 488 327
sofa 0.1664 226 156 500 283
sofa 0.0879 301 100 474 162
sofa 0.0676 307 169 499 252
sofa 0.0438 303 100 395 150
sofa 0.0165 259 76 293 110
sofa 0.0158 253 189 459 329
sofa 0.0148 235 99 425 158
sofa 0.0075 137 128 333 299
sofa 0.0051 323 136 471 174
sofa 0.0050 288 226 414 330
sofa 0.0050 110 185 155 234
sofa 0.0049 284 303 362 332
sofa 0.0046 258 74 326 115
sofa 0.0037 32 112 244 329
sofa 0.0031 102 163 210 292
sofa 0.0020 104 136 172 238
sofa 0.0020 65 140 181 262
sofa 0.0017 246 89 333 131
sofa 0.0016 403 245 499 330
sofa 0.0012 235 103 322 160
sofa 0.0010 395 101 447 141
pottedplant 0.0342 244 88 256 111
pottedplant 0.0171 256 85 264 110
pottedplant 0.0052 250 21 272 30
pottedplant 0.0038 180 7 188 16
pottedplant 0.0032 161 1 174 16
pottedplant 0.0031 237 27 276 43
pottedplant 0.0027 244 80 269 112
pottedplant 0.0021 135 0 168 18
pottedplant 0.0019 235 25 249 40
pottedplant 0.0016 167 3 176 16
pottedplant 0.0016 291 52 305 74
pottedplant 0.0011 250 23 274 38
pottedplant 0.0010 254 31 275 42
pottedplant 0.0010 247 96 255 112
diningtable 0.0132 403 245 499 330
diningtable 0.0072 236 100 283 148
diningtable 0.0048 297 239 498 330
diningtable 0.0030 238 103 276 129
diningtable 0.0027 323 135 469 175
diningtable 0.0020 244 106 274 116
diningtable 0.0017 360 243 418 331
diningtable 0.0017 235 103 322 160
diningtable 0.0016 320 216 406 260
diningtable 0.0015 300 219 416 296
tvmonitor 0.2037 25 45 160 130
tvmonitor 0.0312 442 91 499 191
tvmonitor 0.0174 260 77 293 109
tvmonitor 0.0131 53 1 130 20
tvmonitor 0.0085 289 68 328 115
tvmonitor 0.0069 393 100 449 140
tvmonitor 0.0038 289 73 310 114
tvmonitor 0.0038 258 74 326 115
tvmonitor 0.0033 52 0 126 11
tvmonitor 0.0018 231 0 272 9
tvmonitor 0.0011 238 116 265 145
