person 0.0237 301 105 315 127
person 0.0074 145 56 172 80
person 0.0055 311 107 318 127
person 0.0037 55 154 96 175
person 0.0026 265 141 297 160
person 0.0023 271 109 276 119
person 0.0023 97 89 111 114
person 0.0020 289 145 299 154
person 0.0020 308 99 319 129
person 0.0020 28 156 92 184
person 0.0016 236 169 319 236
person 0.0014 13 126 50 220
person 0.0014 19 154 90 214
person 0.0013 282 144 299 158
cat 0.0315 61 157 89 173
cat 0.0037 265 141 297 160
cat 0.0024 53 156 96 178
cat 0.0019 117 58 149 82
cat 0.0011 28 156 92 184
dog 0.0050 57 153 96 174
dog 0.0020 265 141 297 160
dog 0.0012 53 131 95 171
bottle 0.0071 261 44 281 90
bottle 0.0032 277 40 286 90
bottle 0.0015 271 109 276 119
bottle 0.0015 270 47 278 61
bottle 0.0011 278 42 285 70
chair 0.1441 192 122 227 158
chair 0.0997 232 166 320 236
chair 0.0501 165 122 315 223
chair 0.0436 192 122 253 163
chair 0.0352 263 120 282 152
chair 0.0304 263 121 281 133
chair 0.0186 169 150 266 227
chair 0.0170 59 171 128 222
chair 0.0158 171 121 239 172
chair 0.0151 53 129 91 170
chair 0.0148 263 96 280 121
chair 0.0128 19 160 62 223
chair 0.0083 123 79 185 183
chair 0.0074 167 153 218 214
chair 0.0055 263 132 281 146
chair 0.0050 192 167 256 223
chair 0.0049 169 136 318 181
chair 0.0048 36 157 110 223
chair 0.0047 56 149 97 173
chair 0.0040 181 110 197 153
chair 0.0036 53 129 78 154
chair 0.0034 13 129 37 215
chair 0.0030 59 121 88 156
chair 0.0030 252 127 280 157
chair 0.0029 264 131 281 138
chair 0.0026 220 141 247 162
chair 0.0024 184 133 272 169
chair 0.0024 265 138 306 159
chair 0.0022 218 123 231 145
chair 0.0018 171 143 215 164
chair 0.0018 14 137 129 221
chair 0.0018 172 154 216 169
chair 0.0017 263 136 281 154
chair 0.0017 242 113 249 132
chair 0.0017 170 112 207 176
chair 0.0016 2 219 171 238
chair 0.0016 170 154 215 185
chair 0.0015 244 142 262 161
chair 0.0014 102 160 112 170
chair 0.0014 194 121 215 148
chair 0.0014 228 130 248 142
chair 0.0012 179 109 287 165
chair 0.0011 197 122 219 135
chair 0.0011 217 124 228 153
chair 0.0010 61 144 85 154
chair 0.0010 131 142 174 183
chair 0.0010 13 128 41 160
sofa 0.7024 167 141 320 225
sofa 0.4982 234 168 319 236
sofa 0.1092 47 158 128 222
sofa 0.0082 58 153 97 173
sofa 0.0072 186 167 255 225
sofa 0.0065 266 137 319 160
sofa 0.0046 255 137 319 176
sofa 0.0038 169 136 318 181
sofa 0.0037 192 122 253 163
sofa 0.0034 192 122 228 156
sofa 0.0033 24 156 91 222
sofa 0.0020 28 156 92 184
sofa 0.0019 53 131 95 171
sofa 0.0014 184 133 272 169
sofa 0.0013 13 126 50 220
sofa 0.0011 263 132 282 154
pottedplant 0.5272 238 112 261 160
pottedplant 0.0194 193 121 229 154
pottedplant 0.0079 203 118 261 162
pottedplant 0.0077 261 44 280 96
pottedplant 0.0030 242 113 249 132
pottedplant 0.0023 239 133 260 159
pottedplant 0.0020 296 94 319 135
pottedplant 0.0020 145 56 172 80
pottedplant 0.0020 242 113 257 140
pottedplant 0.0018 229 132 247 142
pottedplant 0.0017 263 134 281 154
pottedplant 0.0017 226 132 254 158
pottedplant 0.0014 269 141 300 159
pottedplant 0.0014 263 45 282 142
pottedplant 0.0013 120 58 147 82
pottedplant 0.0012 171 63 182 80
pottedplant 0.0011 264 100 271 117
pottedplant 0.0010 243 112 254 132
pottedplant 0.0010 199 122 219 134
diningtable 0.0070 60 166 128 221
diningtable 0.0042 58 153 97 173
diningtable 0.0033 236 168 319 236
diningtable 0.0023 168 137 319 225
diningtable 0.0021 195 122 222 148
diningtable 0.0016 169 136 318 181
diningtable 0.0012 53 130 77 148
diningtable 0.0011 57 160 119 178
diningtable 0.0011 263 121 281 133
tvmonitor 0.4912 97 116 128 169
tvmonitor 0.0613 52 93 65 131
tvmonitor 0.0139 296 94 319 137
tvmonitor 0.0017 181 110 196 153
