person 0.9273 161 174 350 496
person 0.0042 292 261 318 271
person 0.0035 332 256 341 277
person 0.0022 314 257 322 270
person 0.0019 313 240 338 277
person 0.0016 292 265 313 351
person 0.0011 334 278 357 417
bicycle 0.0082 182 401 209 499
bicycle 0.0015 146 380 211 498
car 0.4605 336 283 355 302
car 0.0325 292 261 318 271
car 0.0208 339 290 354 313
car 0.0120 290 268 353 322
car 0.0083 341 287 356 348
car 0.0058 297 252 354 305
car 0.0052 311 229 343 278
car 0.0036 336 284 360 317
car 0.0033 312 226 356 300
car 0.0026 340 287 374 314
car 0.0024 286 260 309 278
car 0.0022 326 230 356 283
car 0.0022 313 253 341 281
car 0.0021 291 260 353 395
car 0.0015 2 251 31 272
car 0.0015 337 277 357 405
car 0.0014 150 280 352 496
car 0.0011 164 259 233 320
car 0.0010 54 134 372 499
aeroplane 0.0103 -32 -3 375 511
bus 0.1634 -24 -5 373 505
bus 0.0058 326 9 377 482
train 0.0180 -23 -13 371 511
boat 0.5210 -25 -5 374 505
bottle 0.0026 192 405 208 489
bottle 0.0015 181 402 211 498
bottle 0.0011 157 352 183 403
chair 0.6159 48 263 99 328
chair 0.5546 161 269 210 329
chair 0.5086 99 264 150 330
chair 0.4363 -1 304 31 493
chair 0.4226 9 267 50 389
chair 0.3515 52 265 152 362
chair 0.1535 142 317 353 497
chair 0.1493 25 313 62 489
chair 0.1475 141 315 212 498
chair 0.0950 146 264 211 409
chair 0.0923 148 265 176 318
chair 0.0722 143 367 186 495
chair 0.0709 182 401 209 499
chair 0.0646 36 388 159 496
chair 0.0459 144 266 170 388
chair 0.0442 34 274 168 496
chair 0.0423 178 258 234 272
chair 0.0244 39 313 59 393
chair 0.0239 0 276 17 310
chair 0.0205 164 259 233 320
chair 0.0201 16 245 39 268
chair 0.0179 4 276 55 500
chair 0.0101 152 265 180 285
chair 0.0096 145 312 165 379
chair 0.0092 345 411 374 499
chair 0.0063 338 291 371 498
chair 0.0063 27 269 59 402
chair 0.0061 12 267 47 315
chair 0.0056 15 267 46 292
chair 0.0052 178 263 226 276
chair 0.0044 208 399 348 498
chair 0.0044 146 262 164 326
chair 0.0044 179 258 233 289
chair 0.0033 45 204 117 255
chair 0.0033 40 265 98 379
chair 0.0032 0 314 28 404
chair 0.0029 169 239 231 277
chair 0.0029 30 268 46 285
chair 0.0027 1 250 34 267
chair 0.0026 110 256 162 294
chair 0.0026 12 393 37 495
chair 0.0024 54 134 372 499
chair 0.0024 61 254 128 298
chair 0.0023 176 251 192 266
chair 0.0017 143 313 188 410
chair 0.0015 24 306 44 419
chair 0.0015 146 379 162 422
chair 0.0015 40 201 157 301
chair 0.0013 37 268 48 287
chair 0.0013 15 250 31 267
chair 0.0013 162 265 226 297
chair 0.0013 174 250 186 268
chair 0.0013 59 330 146 355
chair 0.0012 2 232 44 302
chair 0.0012 2 299 14 311
chair 0.0011 0 261 34 399
chair 0.0011 152 260 185 276
chair 0.0011 140 311 174 476
chair 0.0010 50 390 147 430
chair 0.0010 335 289 355 482
chair 0.0010 210 437 300 498
chair 0.0010 80 263 100 329
sofa 0.0029 161 261 233 328
sofa 0.0023 147 318 352 497
sofa 0.0013 210 436 343 498
sofa 0.0013 142 382 180 496
sofa 0.0011 10 267 49 362
sofa 0.0011 150 265 177 314
diningtable 0.0045 0 276 17 309
diningtable 0.0040 183 257 232 268
diningtable 0.0034 161 261 233 328
diningtable 0.0026 3 308 42 496
diningtable 0.0015 211 437 344 498
diningtable 0.0013 176 259 231 275
diningtable 0.0012 150 265 177 314
diningtable 0.0010 151 263 200 314
tvmonitor 0.0016 161 261 233 328
tvmonitor 0.0011 358 294 374 420
