person 0.0010 211 81 238 107
bird 0.0029 174 55 240 111
cat 0.0042 174 55 240 111
dog 0.0017 174 55 240 111
sheep 0.0015 174 55 240 111
pottedplant 0.8222 37 93 309 482
pottedplant 0.0403 33 34 116 90
pottedplant 0.0255 107 18 185 110
pottedplant 0.0111 0 5 63 103
pottedplant 0.0097 183 233 280 318
pottedplant 0.0084 175 158 294 336
pottedplant 0.0069 215 0 369 62
pottedplant 0.0046 5 34 140 107
pottedplant 0.0029 171 0 245 47
pottedplant 0.0024 228 0 374 117
pottedplant 0.0022 64 256 315 471
pottedplant 0.0021 45 97 216 299
pottedplant 0.0021 84 387 290 499
pottedplant 0.0017 195 167 283 243
pottedplant 0.0017 177 77 239 111
pottedplant 0.0017 36 43 72 74
pottedplant 0.0017 162 113 318 460
pottedplant 0.0017 72 185 208 330
pottedplant 0.0012 40 132 143 381
diningtable 0.0332 -6 364 329 499
diningtable 0.0030 -2 355 157 497
