person 0.0015 479 250 499 285
person 0.0013 389 115 498 193
person 0.0011 362 120 448 291
bicycle 0.8717 82 102 364 291
bicycle 0.1898 206 131 363 287
bicycle 0.1416 279 112 498 301
bicycle 0.0401 192 108 318 183
bicycle 0.0372 140 125 273 248
bicycle 0.0103 168 118 313 218
bicycle 0.0074 150 196 199 245
bicycle 0.0072 193 125 270 182
bicycle 0.0044 308 134 439 285
bicycle 0.0031 310 150 348 187
bicycle 0.0026 178 129 236 186
bicycle 0.0024 201 132 235 180
bicycle 0.0021 242 106 326 173
bicycle 0.0018 303 200 361 256
bicycle 0.0017 92 143 237 254
bicycle 0.0017 310 152 376 196
bicycle 0.0014 308 116 387 195
bicycle 0.0013 238 113 352 207
bicycle 0.0013 228 153 281 176
bicycle 0.0010 208 140 248 179
car 0.0455 302 112 499 304
car 0.0046 99 105 480 251
car 0.0044 105 42 140 53
car 0.0032 295 25 498 146
car 0.0028 272 36 310 51
car 0.0021 185 37 237 60
car 0.0014 114 105 310 160
car 0.0014 311 115 390 191
car 0.0013 383 115 498 273
car 0.0012 183 14 498 307
motorbike 0.0077 171 102 492 302
motorbike 0.0052 320 112 500 303
motorbike 0.0049 78 102 356 288
motorbike 0.0020 208 105 374 288
motorbike 0.0011 96 103 414 213
bus 0.0049 318 112 499 304
train 0.0024 171 102 492 302
train 0.0011 330 115 500 305
train 0.0010 105 106 418 206
boat 0.0196 311 113 499 303
boat 0.0054 145 104 495 291
boat 0.0013 105 106 418 206
chair 0.0054 384 125 500 306
pottedplant 0.0055 57 23 502 148
pottedplant 0.0020 84 37 312 116
pottedplant 0.0016 225 42 317 111
diningtable 0.0014 105 106 418 206
