person 0.0020 428 253 499 372
person 0.0017 430 323 465 373
cat 0.7959 127 72 289 354
cat 0.0011 332 89 389 335
dog 0.0012 117 70 294 364
bottle 0.0524 332 95 387 343
bottle 0.0010 193 196 279 372
chair 0.0143 189 249 376 374
chair 0.0075 194 240 279 371
chair 0.0059 113 197 442 374
chair 0.0015 332 104 383 347
sofa 0.0100 192 241 368 371
sofa 0.0016 155 127 468 374
sofa 0.0013 -21 231 474 372
diningtable 0.0063 367 133 498 371
diningtable 0.0019 192 241 368 371
tvmonitor 0.0026 73 -1 363 296
tvmonitor 0.0012 403 0 500 27
tvmonitor 0.0011 0 1 87 282
