person 0.0085 102 36 126 78
bird 0.0013 103 36 126 77
cat 0.0076 102 35 126 77
dog 0.0179 102 35 126 77
dog 0.0018 76 166 167 361
dog 0.0015 287 195 455 373
horse 0.0069 102 36 126 77
bottle 0.0079 276 111 288 146
bottle 0.0013 277 110 289 133
bottle 0.0012 288 125 305 148
bottle 0.0012 333 223 348 234
chair 0.8928 289 207 434 373
chair 0.8763 100 222 267 374
chair 0.7452 299 163 346 216
chair 0.5721 76 165 168 360
chair 0.2147 76 163 150 230
chair 0.0913 267 164 328 213
chair 0.0660 229 108 262 144
chair 0.0605 213 240 357 368
chair 0.0419 98 231 134 356
chair 0.0234 266 266 342 369
chair 0.0224 239 159 345 219
chair 0.0189 219 259 291 369
chair 0.0188 188 232 268 367
chair 0.0157 267 178 310 218
chair 0.0151 383 193 459 345
chair 0.0139 228 107 295 148
chair 0.0128 260 114 286 147
chair 0.0121 267 196 306 226
chair 0.0087 118 213 224 284
chair 0.0083 301 166 340 189
chair 0.0074 271 189 309 203
chair 0.0063 272 197 304 211
chair 0.0063 115 195 217 236
chair 0.0059 198 201 226 215
chair 0.0057 226 193 358 269
chair 0.0056 236 281 308 373
chair 0.0049 82 168 212 300
chair 0.0047 181 235 261 309
chair 0.0046 272 110 288 147
chair 0.0044 123 145 360 257
chair 0.0036 325 163 345 216
chair 0.0034 198 152 230 211
chair 0.0031 208 240 358 289
chair 0.0030 183 201 369 303
chair 0.0029 114 232 162 267
chair 0.0028 173 235 221 278
chair 0.0026 289 254 360 324
chair 0.0026 117 199 141 223
chair 0.0023 122 217 186 239
chair 0.0023 288 126 305 148
chair 0.0022 128 161 150 208
chair 0.0021 165 190 181 214
chair 0.0020 264 290 295 372
chair 0.0020 185 157 197 206
chair 0.0019 288 284 400 371
chair 0.0018 297 272 328 297
chair 0.0018 141 205 161 216
chair 0.0014 198 185 230 215
chair 0.0013 159 242 188 272
chair 0.0013 245 109 261 143
chair 0.0012 222 109 233 140
chair 0.0012 249 114 317 210
chair 0.0012 249 197 303 239
chair 0.0011 271 190 319 212
chair 0.0011 285 217 370 309
chair 0.0010 196 239 223 307
chair 0.0010 124 195 370 372
chair 0.0010 334 259 357 283
sofa 0.0049 206 161 343 218
sofa 0.0040 125 151 361 294
sofa 0.0012 77 172 173 361
pottedplant 0.8196 198 110 318 235
pottedplant 0.7306 326 3 442 53
pottedplant 0.1115 399 24 441 53
pottedplant 0.1085 356 3 413 49
pottedplant 0.1016 330 25 367 51
pottedplant 0.0406 288 126 305 148
pottedplant 0.0250 269 110 291 147
pottedplant 0.0131 226 108 297 148
pottedplant 0.0101 198 152 234 211
pottedplant 0.0084 229 199 265 234
pottedplant 0.0070 197 111 241 208
pottedplant 0.0060 249 114 317 210
pottedplant 0.0060 342 37 365 52
pottedplant 0.0041 415 29 440 53
pottedplant 0.0034 209 106 306 179
pottedplant 0.0028 201 149 252 224
pottedplant 0.0026 365 37 391 50
pottedplant 0.0021 331 19 389 52
pottedplant 0.0020 275 112 312 148
pottedplant 0.0019 265 156 322 212
pottedplant 0.0017 200 114 232 149
pottedplant 0.0016 326 31 345 50
pottedplant 0.0014 226 107 264 144
pottedplant 0.0013 426 32 440 52
pottedplant 0.0012 263 136 317 194
diningtable 0.7349 110 197 368 292
diningtable 0.1113 102 191 372 372
diningtable 0.0621 124 209 221 241
diningtable 0.0532 211 243 359 285
diningtable 0.0129 223 214 366 279
diningtable 0.0070 131 191 206 233
diningtable 0.0045 265 161 345 215
diningtable 0.0042 278 150 317 165
diningtable 0.0022 147 212 250 258
diningtable 0.0018 213 240 357 368
diningtable 0.0017 206 226 306 274
diningtable 0.0014 118 213 224 284
diningtable 0.0014 279 217 355 246
diningtable 0.0011 198 201 226 215
diningtable 0.0011 122 215 192 236
diningtable 0.0010 249 194 368 313
diningtable 0.0010 84 170 250 243
