bicycle 0.9461 14 0 497 318
bicycle 0.1345 377 0 499 97
bicycle 0.0540 322 0 499 171
bicycle 0.0074 437 0 499 91
bicycle 0.0043 377 69 498 172
bicycle 0.0036 444 117 499 175
bicycle 0.0032 351 39 492 127
bicycle 0.0024 452 -1 499 25
bicycle 0.0023 288 0 500 288
bicycle 0.0015 381 61 429 79
bicycle 0.0014 438 112 499 252
bicycle 0.0013 324 0 431 88
bicycle 0.0010 385 43 483 83
car 0.0026 452 -1 499 25
motorbike 0.0098 4 11 492 327
train 0.0010 2 -6 505 330
boat 0.0017 2 -6 505 330
chair 0.0053 40 3 111 62
chair 0.0030 27 0 167 82
chair 0.0012 85 0 208 80
chair 0.0010 306 0 499 277
diningtable 0.0011 6 1 229 82
