person 0.0845 289 99 330 142
person 0.0354 247 93 300 143
person 0.0232 290 85 349 143
person 0.0211 188 89 217 128
person 0.0205 215 91 278 142
person 0.0110 225 103 270 138
person 0.0109 166 86 241 143
person 0.0042 258 100 290 132
person 0.0041 445 186 460 200
person 0.0035 214 110 241 143
person 0.0033 409 186 427 201
person 0.0028 244 88 287 129
person 0.0027 465 187 474 199
person 0.0027 58 148 76 177
person 0.0026 156 106 192 139
person 0.0016 266 95 311 142
person 0.0016 279 97 302 124
person 0.0016 140 118 157 145
person 0.0014 345 76 371 118
person 0.0013 425 183 459 202
person 0.0012 145 106 173 141
person 0.0012 479 187 491 200
person 0.0011 349 76 370 98
person 0.0011 156 109 176 138
person 0.0011 317 89 342 141
person 0.0011 128 112 158 148
person 0.0010 232 90 266 131
car 0.3200 407 168 499 257
car 0.0144 77 18 429 372
car 0.0068 0 102 100 284
car 0.0024 409 186 427 201
car 0.0017 407 186 428 226
car 0.0011 83 225 422 372
bus 0.9114 0 101 103 283
bus 0.7724 70 14 429 363
bus 0.2896 406 167 499 257
bus 0.0088 83 91 113 248
bus 0.0011 412 174 474 239
train 0.0287 409 166 499 257
train 0.0010 68 22 430 360
