person 0.8702 251 239 353 372
person 0.8158 181 235 305 372
person 0.7938 381 223 445 345
person 0.7287 3 237 57 351
person 0.7233 122 231 137 287
person 0.7216 31 230 86 357
person 0.6541 142 260 152 288
person 0.6085 354 234 391 302
person 0.5004 0 240 33 348
person 0.4506 87 237 110 288
person 0.3293 291 260 304 292
person 0.3105 163 245 176 282
person 0.2681 187 237 208 290
person 0.1667 459 258 475 289
person 0.1654 105 244 123 283
person 0.1591 231 240 257 298
person 0.0877 151 247 164 280
person 0.0641 35 232 64 286
person 0.0546 1 239 20 269
person 0.0410 121 223 134 241
person 0.0372 46 285 95 358
person 0.0348 291 260 318 297
person 0.0210 0 240 9 269
person 0.0193 397 223 418 258
person 0.0190 86 242 96 278
person 0.0167 281 242 301 292
person 0.0159 5 238 43 298
person 0.0155 113 247 125 281
person 0.0147 177 243 212 341
person 0.0122 378 227 395 257
person 0.0111 63 244 89 279
person 0.0109 398 223 413 243
person 0.0106 120 227 129 242
person 0.0103 30 243 42 264
person 0.0093 222 240 235 270
person 0.0090 72 254 83 279
person 0.0089 189 235 226 293
person 0.0086 36 227 49 253
person 0.0084 459 257 470 281
person 0.0079 0 244 20 330
person 0.0076 181 234 232 355
person 0.0074 33 233 47 262
person 0.0072 135 257 143 283
person 0.0072 78 252 88 279
person 0.0067 175 246 186 282
person 0.0060 0 238 8 256
person 0.0058 287 260 299 286
person 0.0055 279 240 295 280
person 0.0054 134 249 145 279
person 0.0052 385 223 429 264
person 0.0049 37 227 48 242
person 0.0046 76 244 90 279
person 0.0042 52 236 73 278
person 0.0040 375 234 390 266
person 0.0040 415 277 443 342
person 0.0037 254 240 303 295
person 0.0037 405 252 450 342
person 0.0032 465 234 484 267
person 0.0030 53 233 64 250
person 0.0029 68 260 81 278
person 0.0028 246 244 268 288
person 0.0028 404 237 416 257
person 0.0026 272 323 336 373
person 0.0026 470 244 482 267
person 0.0026 26 227 47 258
person 0.0025 413 233 427 259
person 0.0024 282 259 293 283
person 0.0023 291 259 346 302
person 0.0023 57 248 79 279
person 0.0023 457 256 467 275
person 0.0021 378 226 389 246
person 0.0021 38 226 48 236
person 0.0020 115 236 126 256
person 0.0020 72 280 93 290
person 0.0020 17 284 62 349
person 0.0020 371 230 383 253
person 0.0019 478 267 495 281
person 0.0019 277 280 379 369
person 0.0018 468 257 482 279
person 0.0018 279 259 307 329
person 0.0018 43 232 64 255
person 0.0017 244 244 257 289
person 0.0017 30 242 42 286
person 0.0016 33 243 47 286
person 0.0015 450 260 482 307
person 0.0015 296 275 316 298
person 0.0014 106 241 122 261
person 0.0014 387 227 404 253
person 0.0014 487 266 498 281
person 0.0013 126 266 137 287
person 0.0013 348 218 362 238
person 0.0012 70 275 89 306
person 0.0012 68 279 102 311
person 0.0011 393 225 403 242
person 0.0011 92 238 109 271
person 0.0011 416 232 439 274
person 0.0011 395 223 406 237
person 0.0011 248 271 256 299
person 0.0010 234 182 248 204
person 0.0010 386 229 415 257
bicycle 0.4746 330 310 422 373
bicycle 0.4107 312 270 346 300
bicycle 0.3078 184 342 268 373
bicycle 0.1124 327 295 393 334
bicycle 0.1107 457 296 494 345
bicycle 0.0719 368 276 494 353
bicycle 0.0676 340 296 391 319
bicycle 0.0541 453 273 487 310
bicycle 0.0464 339 299 415 350
bicycle 0.0346 466 285 488 309
bicycle 0.0304 179 310 425 372
bicycle 0.0278 299 281 335 305
bicycle 0.0272 477 265 498 281
bicycle 0.0251 171 289 191 335
bicycle 0.0219 326 299 365 313
bicycle 0.0186 458 293 487 311
bicycle 0.0163 291 259 346 302
bicycle 0.0150 471 276 497 303
bicycle 0.0149 298 280 320 299
bicycle 0.0141 394 307 448 351
bicycle 0.0141 370 322 418 351
bicycle 0.0130 300 288 369 319
bicycle 0.0124 459 259 476 289
bicycle 0.0112 304 284 347 313
bicycle 0.0105 458 262 497 291
bicycle 0.0101 487 266 498 281
bicycle 0.0094 471 267 486 284
bicycle 0.0083 141 260 151 288
bicycle 0.0082 474 270 498 288
bicycle 0.0079 386 323 434 352
bicycle 0.0072 428 279 494 349
bicycle 0.0071 356 311 391 342
bicycle 0.0061 183 346 222 374
bicycle 0.0060 126 266 137 287
bicycle 0.0055 321 299 346 312
bicycle 0.0055 466 272 483 289
bicycle 0.0054 171 290 248 348
bicycle 0.0050 0 352 47 373
bicycle 0.0043 124 283 136 291
bicycle 0.0035 277 280 379 369
bicycle 0.0035 371 324 401 343
bicycle 0.0033 329 350 422 374
bicycle 0.0030 442 271 489 326
bicycle 0.0030 176 346 349 374
bicycle 0.0029 333 313 379 373
bicycle 0.0029 446 264 477 304
bicycle 0.0027 464 268 499 312
bicycle 0.0027 451 289 478 310
bicycle 0.0026 172 251 214 343
bicycle 0.0024 122 279 150 293
bicycle 0.0024 172 287 290 365
bicycle 0.0024 178 304 192 341
bicycle 0.0023 170 289 190 310
bicycle 0.0022 318 268 341 287
bicycle 0.0021 338 309 365 322
bicycle 0.0021 368 324 390 340
bicycle 0.0020 291 260 318 297
bicycle 0.0016 267 248 349 364
bicycle 0.0016 330 270 357 299
bicycle 0.0015 285 279 342 324
bicycle 0.0014 457 257 469 282
bicycle 0.0013 107 308 147 358
bicycle 0.0013 382 363 420 374
bicycle 0.0013 233 182 248 204
bicycle 0.0012 468 257 482 279
bicycle 0.0012 224 354 266 372
bicycle 0.0012 378 294 426 334
bicycle 0.0010 416 280 443 341
car 0.0049 431 229 487 266
car 0.0048 474 263 499 281
car 0.0045 461 232 486 241
car 0.0042 15 228 33 240
car 0.0032 9 228 37 245
car 0.0030 432 231 485 246
car 0.0028 436 232 459 245
car 0.0024 459 231 487 264
car 0.0013 486 264 499 280
car 0.0010 1 235 20 263
motorbike 0.8653 1 281 147 367
motorbike 0.7449 352 274 494 356
motorbike 0.6248 179 310 425 372
motorbike 0.2194 181 342 275 373
motorbike 0.1930 329 311 421 369
motorbike 0.0754 305 269 346 300
motorbike 0.0594 169 289 194 340
motorbike 0.0496 107 308 147 358
motorbike 0.0468 176 279 273 352
motorbike 0.0381 333 294 398 344
motorbike 0.0378 459 259 475 289
motorbike 0.0264 84 290 147 363
motorbike 0.0237 345 298 422 352
motorbike 0.0196 475 264 498 281
motorbike 0.0148 172 251 214 343
motorbike 0.0135 458 262 497 291
motorbike 0.0114 454 263 489 307
motorbike 0.0095 170 289 190 310
motorbike 0.0069 471 267 486 284
motorbike 0.0060 292 260 337 299
motorbike 0.0060 340 296 391 319
motorbike 0.0045 109 308 145 328
motorbike 0.0044 174 255 314 367
motorbike 0.0039 428 279 494 349
motorbike 0.0036 442 271 489 326
motorbike 0.0033 372 323 417 348
motorbike 0.0029 486 264 499 280
motorbike 0.0027 298 279 330 301
motorbike 0.0026 458 261 471 282
motorbike 0.0022 68 279 102 311
motorbike 0.0020 452 287 492 337
motorbike 0.0020 466 278 489 307
motorbike 0.0019 446 277 477 309
motorbike 0.0015 466 272 483 289
motorbike 0.0015 443 270 463 290
motorbike 0.0015 320 286 392 324
motorbike 0.0014 0 245 27 346
motorbike 0.0013 439 271 455 284
motorbike 0.0013 472 270 498 293
motorbike 0.0012 169 290 189 300
motorbike 0.0011 326 299 365 313
motorbike 0.0011 464 268 499 312
motorbike 0.0010 300 288 369 319
motorbike 0.0010 176 346 349 374
train 0.0183 143 113 406 301
train 0.0015 156 117 283 265
boat 0.0230 143 113 406 301
boat 0.0028 153 117 325 258
boat 0.0022 214 159 250 214
boat 0.0020 461 231 487 242
boat 0.0015 431 229 487 266
boat 0.0015 55 160 122 247
boat 0.0011 116 192 125 218
boat 0.0010 216 150 264 235
bird 0.0074 464 51 499 99
bird 0.0031 478 91 489 100
horse 0.0010 459 258 477 289
bottle 0.0028 290 260 303 291
chair 0.0018 180 342 265 374
chair 0.0011 183 346 222 374
pottedplant 0.0022 57 244 90 279
