person 0.9499 95 86 202 370
person 0.0061 225 221 354 340
person 0.0050 236 222 349 261
person 0.0012 274 325 372 495
chair 0.6043 226 223 354 350
chair 0.0284 256 282 371 398
chair 0.0148 -3 372 212 446
chair 0.0090 275 326 370 495
chair 0.0063 310 202 371 238
chair 0.0050 346 257 371 286
chair 0.0041 239 222 346 260
chair 0.0031 319 234 372 285
chair 0.0022 343 240 372 275
chair 0.0016 267 285 363 309
chair 0.0014 309 204 373 281
chair 0.0013 275 228 369 288
sofa 0.7712 225 223 366 349
sofa 0.2568 1 372 221 447
sofa 0.0050 276 325 372 497
sofa 0.0045 341 251 371 286
sofa 0.0041 319 234 372 285
sofa 0.0027 236 221 347 262
sofa 0.0020 256 278 372 390
sofa 0.0014 309 204 373 281
sofa 0.0011 346 239 372 272
sofa 0.0010 275 228 369 288
pottedplant 0.0012 -1 98 14 134
diningtable 0.2152 274 326 372 498
diningtable 0.0579 310 203 372 241
diningtable 0.0117 310 203 371 214
diningtable 0.0079 264 286 372 390
diningtable 0.0058 312 202 373 278
diningtable 0.0025 -3 372 213 446
diningtable 0.0015 267 285 363 309
diningtable 0.0013 262 288 369 324
diningtable 0.0012 320 213 368 236
