person 0.0091 446 159 456 171
person 0.0048 280 97 289 113
person 0.0048 279 98 289 127
person 0.0035 274 108 285 138
person 0.0034 284 100 298 134
person 0.0030 202 151 215 177
person 0.0030 297 105 306 137
person 0.0025 290 102 302 138
person 0.0024 283 197 291 220
person 0.0018 238 265 284 357
person 0.0016 441 157 451 171
person 0.0015 285 99 296 117
person 0.0013 239 220 302 362
person 0.0011 212 195 227 227
bicycle 0.0035 317 63 334 95
bicycle 0.0020 135 217 190 262
bicycle 0.0020 117 203 129 263
bicycle 0.0018 466 352 499 373
bird 0.0040 317 63 334 97
bird 0.0018 472 72 486 91
cat 0.0074 472 72 486 90
cat 0.0035 202 151 216 179
cat 0.0017 372 108 383 141
cat 0.0011 202 159 212 179
dog 0.0011 472 72 486 90
horse 0.0081 317 63 334 95
sheep 0.0020 472 72 486 90
bottle 0.1671 371 109 383 141
bottle 0.0457 283 197 291 220
bottle 0.0160 129 301 143 340
bottle 0.0120 335 198 349 216
bottle 0.0100 437 156 446 171
bottle 0.0090 481 103 490 132
bottle 0.0073 410 156 418 172
bottle 0.0065 446 159 456 171
bottle 0.0060 280 146 290 165
bottle 0.0054 290 208 297 221
bottle 0.0040 201 152 220 180
bottle 0.0036 444 113 458 142
bottle 0.0035 294 208 304 221
bottle 0.0029 411 79 421 95
bottle 0.0029 441 157 451 171
bottle 0.0028 293 164 307 190
bottle 0.0028 432 78 442 95
bottle 0.0028 375 199 383 219
bottle 0.0028 401 119 414 142
bottle 0.0027 127 271 181 351
bottle 0.0025 285 206 293 220
bottle 0.0024 417 150 434 172
bottle 0.0022 381 117 389 141
bottle 0.0022 202 159 212 179
bottle 0.0021 142 296 163 344
bottle 0.0020 297 201 307 221
bottle 0.0020 481 105 497 190
bottle 0.0019 135 299 152 340
bottle 0.0017 280 146 293 189
bottle 0.0016 381 105 394 141
bottle 0.0015 283 153 298 190
bottle 0.0014 215 196 225 208
bottle 0.0013 338 135 345 143
bottle 0.0013 444 112 457 129
bottle 0.0012 275 112 285 139
bottle 0.0011 207 160 220 179
bottle 0.0010 490 184 499 215
bottle 0.0010 30 157 42 218
bottle 0.0010 278 198 289 219
chair 0.4001 236 222 329 358
chair 0.2152 466 352 499 374
chair 0.0185 128 216 194 301
chair 0.0159 303 223 340 281
chair 0.0132 119 204 129 263
chair 0.0110 466 313 500 373
chair 0.0053 341 79 361 95
chair 0.0044 300 224 320 285
chair 0.0044 317 63 334 94
chair 0.0041 228 216 343 284
chair 0.0040 397 244 459 261
chair 0.0037 135 217 190 262
chair 0.0029 224 214 487 357
chair 0.0029 137 221 154 259
chair 0.0027 143 254 190 299
chair 0.0024 127 272 181 350
chair 0.0023 476 235 500 253
chair 0.0018 119 203 127 244
chair 0.0015 116 204 131 293
chair 0.0015 215 204 232 226
chair 0.0015 218 194 230 207
chair 0.0014 297 201 307 221
chair 0.0013 213 209 233 250
chair 0.0013 132 271 177 295
chair 0.0012 231 252 258 309
chair 0.0011 244 293 278 360
chair 0.0010 236 274 255 306
chair 0.0010 235 224 275 351
sofa 0.2060 231 217 340 356
sofa 0.0292 230 220 506 365
sofa 0.0045 466 353 499 374
sofa 0.0031 130 213 194 296
sofa 0.0024 225 218 321 296
pottedplant 0.4848 136 217 192 262
pottedplant 0.0744 130 213 195 296
pottedplant 0.0494 416 150 434 172
pottedplant 0.0247 332 165 356 212
pottedplant 0.0169 444 113 458 143
pottedplant 0.0082 490 184 499 215
pottedplant 0.0075 411 79 421 96
pottedplant 0.0056 330 174 346 213
pottedplant 0.0056 421 128 438 144
pottedplant 0.0054 484 163 498 216
pottedplant 0.0049 372 71 398 95
pottedplant 0.0049 293 164 307 190
pottedplant 0.0044 328 151 366 218
pottedplant 0.0043 283 153 298 190
pottedplant 0.0042 335 197 347 216
pottedplant 0.0040 410 153 421 172
pottedplant 0.0034 444 112 457 129
pottedplant 0.0033 317 63 335 95
pottedplant 0.0033 473 189 497 214
pottedplant 0.0031 433 80 444 95
pottedplant 0.0025 284 169 296 190
pottedplant 0.0023 478 109 499 222
pottedplant 0.0023 480 184 499 230
pottedplant 0.0019 474 199 492 214
pottedplant 0.0018 212 196 230 245
pottedplant 0.0016 430 78 440 95
pottedplant 0.0016 202 151 216 179
pottedplant 0.0015 119 204 129 263
pottedplant 0.0014 330 115 355 143
pottedplant 0.0014 440 117 452 142
pottedplant 0.0013 371 110 383 141
pottedplant 0.0012 474 169 488 201
pottedplant 0.0011 472 72 486 90
pottedplant 0.0011 473 167 483 186
pottedplant 0.0010 170 230 184 252
diningtable 0.0569 228 217 340 355
diningtable 0.0137 225 218 321 296
diningtable 0.0134 234 218 310 234
diningtable 0.0085 225 218 319 250
diningtable 0.0032 251 224 503 371
diningtable 0.0021 466 353 499 374
diningtable 0.0015 312 254 453 278
tvmonitor 0.8758 394 186 457 242
tvmonitor 0.0106 202 160 211 179
tvmonitor 0.0047 0 69 25 370
tvmonitor 0.0029 207 160 220 179
tvmonitor 0.0021 202 151 216 179
tvmonitor 0.0017 23 133 46 351
tvmonitor 0.0016 460 234 499 265
tvmonitor 0.0015 2 97 45 369
tvmonitor 0.0012 231 219 330 357
