person 0.0357 237 178 251 227
person 0.0245 21 162 28 169
person 0.0239 238 159 262 205
person 0.0075 238 200 250 227
person 0.0026 157 117 165 126
person 0.0017 169 146 354 183
person 0.0012 18 163 27 171
person 0.0010 221 206 229 225
car 0.1373 122 121 131 128
car 0.1059 118 119 130 128
car 0.0795 111 115 129 127
car 0.0692 157 117 165 126
car 0.0512 136 114 159 126
car 0.0342 483 118 495 124
car 0.0321 188 113 216 124
car 0.0258 129 118 139 128
car 0.0174 439 128 451 135
car 0.0122 4 123 21 131
car 0.0094 330 116 340 124
car 0.0077 219 122 233 129
car 0.0072 0 167 9 176
car 0.0069 221 122 241 130
car 0.0059 33 124 45 131
car 0.0053 94 120 105 128
car 0.0038 187 117 214 132
car 0.0027 178 122 211 134
car 0.0023 174 123 197 133
car 0.0020 160 118 175 126
car 0.0012 195 121 230 131
car 0.0010 192 122 215 133
motorbike 0.0027 439 128 451 135
motorbike 0.0012 21 162 28 170
motorbike 0.0010 0 167 10 177
aeroplane 0.8292 116 146 384 224
aeroplane 0.0196 115 96 391 173
aeroplane 0.0107 111 142 393 169
aeroplane 0.0060 188 112 215 124
aeroplane 0.0040 186 113 220 132
aeroplane 0.0028 330 116 341 124
aeroplane 0.0025 187 112 242 128
aeroplane 0.0012 439 128 451 135
bus 0.0135 135 114 154 126
bus 0.0100 111 113 127 128
bus 0.0033 330 116 340 124
bus 0.0017 439 128 451 135
bus 0.0013 188 112 215 124
bus 0.0011 118 119 130 128
train 0.0067 0 167 9 176
boat 0.0154 115 142 391 170
boat 0.0129 439 128 450 136
boat 0.0022 0 167 10 177
boat 0.0012 330 116 340 124
bird 0.0046 21 162 28 170
dog 0.0018 21 162 28 170
dog 0.0010 0 167 10 177
horse 0.0086 0 167 10 177
horse 0.0022 439 128 451 135
sheep 0.0080 0 167 9 176
cow 0.0489 0 167 9 177
cow 0.0080 439 129 451 136
cow 0.0024 21 162 28 170
cow 0.0010 408 137 417 143
chair 0.0039 0 167 10 177
chair 0.0012 439 128 451 135
pottedplant 0.0014 0 167 10 177
