person 0.9033 252 49 491 371
person 0.8880 68 8 285 372
person 0.0356 378 156 497 369
person 0.0279 23 22 478 372
person 0.0130 0 228 78 370
person 0.0033 0 0 85 367
person 0.0020 0 137 147 369
person 0.0010 252 282 293 373
chair 0.3596 77 140 152 199
chair 0.0749 0 229 78 369
chair 0.0660 43 99 295 366
chair 0.0619 59 127 145 356
chair 0.0191 0 11 48 230
chair 0.0094 13 214 387 370
chair 0.0076 378 156 497 369
chair 0.0066 0 39 140 365
chair 0.0055 34 228 96 368
chair 0.0043 0 1 78 345
chair 0.0042 253 131 499 371
chair 0.0022 76 145 106 197
chair 0.0016 75 140 156 250
chair 0.0015 39 322 95 373
chair 0.0014 14 2 487 383
chair 0.0014 97 141 149 170
chair 0.0013 28 211 170 371
chair 0.0012 483 271 496 349
sofa 0.1022 0 227 83 371
sofa 0.0357 10 197 354 369
sofa 0.0251 -2 132 496 369
sofa 0.0152 382 154 499 359
sofa 0.0086 0 137 147 369
sofa 0.0056 253 131 499 371
sofa 0.0041 0 273 506 374
sofa 0.0013 2 223 210 371
pottedplant 0.0242 384 154 499 365
pottedplant 0.0047 440 151 497 357
diningtable 0.0015 426 344 499 373
