person 0.8778 403 153 431 260
person 0.8480 452 155 481 262
person 0.8405 426 161 448 259
person 0.8209 474 131 499 289
person 0.7573 364 158 384 236
person 0.7066 323 130 349 151
person 0.5447 388 170 407 245
person 0.5375 198 133 225 152
person 0.2575 399 164 406 179
person 0.1337 186 138 204 151
person 0.0681 396 164 407 206
person 0.0447 369 159 377 171
person 0.0437 181 102 205 119
person 0.0425 204 101 219 119
person 0.0385 439 172 448 213
person 0.0369 192 99 232 151
person 0.0268 436 165 447 197
person 0.0268 215 101 233 119
person 0.0245 444 162 458 216
person 0.0231 391 207 406 250
person 0.0227 317 114 345 151
person 0.0205 278 118 321 152
person 0.0177 235 115 283 152
person 0.0166 482 141 491 152
person 0.0154 252 102 264 117
person 0.0145 485 154 499 299
person 0.0140 207 106 234 149
person 0.0128 178 99 211 149
person 0.0097 224 101 240 118
person 0.0087 433 172 446 233
person 0.0078 305 107 326 147
person 0.0077 377 170 400 181
person 0.0076 381 171 404 199
person 0.0075 401 162 408 176
person 0.0074 327 114 344 145
person 0.0072 389 176 405 203
person 0.0063 78 220 86 227
person 0.0063 453 217 482 261
person 0.0062 477 194 488 216
person 0.0060 477 205 488 220
person 0.0057 177 187 200 204
person 0.0049 177 65 191 75
person 0.0049 214 103 234 133
person 0.0046 374 179 395 238
person 0.0045 475 178 488 212
person 0.0043 453 160 473 227
person 0.0040 453 165 463 199
person 0.0038 157 73 354 154
person 0.0033 265 121 292 150
person 0.0031 476 142 490 168
person 0.0030 162 113 208 149
person 0.0030 474 135 498 212
person 0.0029 252 103 266 132
person 0.0029 303 129 320 149
person 0.0029 454 195 482 244
person 0.0028 439 169 453 247
person 0.0027 489 203 500 296
person 0.0025 144 118 179 154
person 0.0024 213 102 245 151
person 0.0023 185 97 324 151
person 0.0023 306 118 338 150
person 0.0019 220 132 233 150
person 0.0018 448 160 458 201
person 0.0018 375 172 397 194
person 0.0018 492 130 499 146
person 0.0018 424 166 447 208
person 0.0017 487 134 496 149
person 0.0016 481 143 495 169
person 0.0016 187 123 216 150
person 0.0016 428 163 444 180
person 0.0015 430 164 445 191
person 0.0014 377 190 406 249
person 0.0014 454 158 464 183
person 0.0013 413 150 428 167
person 0.0013 223 120 264 150
person 0.0012 367 163 379 195
person 0.0012 191 99 206 115
person 0.0012 397 215 406 235
person 0.0011 225 129 241 150
person 0.0011 365 160 373 171
person 0.0010 275 108 348 150
person 0.0010 274 137 291 150
person 0.0010 481 170 496 272
person 0.0010 145 126 160 154
bicycle 0.0038 453 218 482 261
bicycle 0.0019 391 210 407 252
bicycle 0.0013 463 231 481 261
car 0.3856 385 177 406 248
car 0.2979 375 172 399 193
car 0.2933 376 168 433 238
car 0.1793 412 141 463 174
car 0.1746 375 171 398 236
car 0.0779 375 171 398 182
car 0.0402 366 163 387 242
car 0.0342 381 171 404 199
car 0.0118 389 176 405 203
car 0.0054 368 195 395 240
car 0.0034 186 138 204 151
car 0.0024 373 162 387 172
car 0.0022 436 165 448 201
car 0.0012 391 207 406 250
motorbike 0.0133 377 190 406 249
motorbike 0.0105 374 196 396 241
motorbike 0.0049 391 207 406 250
motorbike 0.0025 453 218 482 261
motorbike 0.0014 367 164 403 245
motorbike 0.0010 364 159 381 243
bus 0.9530 124 62 375 315
bus 0.0221 411 141 463 174
bus 0.0065 101 130 129 194
bus 0.0019 375 166 426 240
bus 0.0014 126 118 143 207
bus 0.0014 101 126 133 248
train 0.0018 101 130 129 193
bird 0.0136 439 270 455 277
bird 0.0016 78 220 86 227
bird 0.0011 360 305 373 313
dog 0.0017 453 217 482 261
bottle 0.0013 1 227 13 249
bottle 0.0013 439 270 455 277
chair 0.0044 186 138 204 151
pottedplant 0.0014 4 226 13 248
