person 0.9305 243 88 498 332
person 0.0169 459 156 498 361
person 0.0067 143 14 171 58
person 0.0050 424 26 445 72
person 0.0033 263 94 396 202
person 0.0028 470 206 500 382
person 0.0028 396 145 499 322
person 0.0022 480 163 499 293
person 0.0021 433 213 497 318
person 0.0017 466 292 498 374
person 0.0012 439 150 501 302
person 0.0011 329 113 355 138
person 0.0010 422 52 445 73
bottle 0.0433 234 135 250 163
bottle 0.0335 203 133 214 159
bottle 0.0220 227 139 236 162
bottle 0.0159 457 44 469 73
bottle 0.0157 446 44 460 72
bottle 0.0156 491 52 499 92
bottle 0.0117 214 137 227 160
bottle 0.0113 460 44 476 75
bottle 0.0107 440 44 456 73
bottle 0.0089 211 131 233 161
bottle 0.0066 209 133 223 160
bottle 0.0040 222 136 243 162
bottle 0.0035 428 34 450 73
bottle 0.0035 457 23 478 77
bottle 0.0034 486 32 499 90
bottle 0.0033 431 53 442 72
bottle 0.0032 205 140 215 156
bottle 0.0031 258 169 289 179
bottle 0.0022 438 21 466 75
bottle 0.0021 202 128 250 162
bottle 0.0017 221 129 237 145
bottle 0.0016 192 174 203 184
bottle 0.0015 475 35 498 85
bottle 0.0011 208 106 225 128
chair 0.0675 406 92 441 108
chair 0.0127 202 128 250 162
chair 0.0105 371 91 441 108
chair 0.0042 483 164 499 220
chair 0.0028 480 163 499 293
chair 0.0020 414 233 459 308
chair 0.0013 261 114 494 331
chair 0.0011 346 154 421 210
chair 0.0010 468 297 499 374
sofa 0.0022 396 145 499 322
sofa 0.0021 441 163 500 331
sofa 0.0018 484 165 499 222
sofa 0.0014 353 155 422 210
pottedplant 0.0029 203 129 216 160
pottedplant 0.0018 202 127 248 161
pottedplant 0.0015 207 107 224 128
pottedplant 0.0014 245 4 274 26
pottedplant 0.0013 420 0 485 78
pottedplant 0.0010 241 1 362 89
pottedplant 0.0010 486 32 499 90
diningtable 0.0025 468 296 499 374
diningtable 0.0017 438 86 499 158
diningtable 0.0012 25 254 337 372
tvmonitor 0.0598 235 1 364 91
tvmonitor 0.0217 382 7 490 83
tvmonitor 0.0124 125 8 185 99
tvmonitor 0.0050 227 91 325 156
tvmonitor 0.0019 227 -2 494 97
