person 0.8913 210 145 412 371
person 0.8370 100 145 282 371
person 0.7768 89 177 198 371
person 0.1545 0 318 24 374
person 0.0493 0 308 82 374
person 0.0464 144 197 193 299
person 0.0381 333 147 370 276
person 0.0252 327 126 375 334
person 0.0204 331 58 366 302
person 0.0074 87 234 143 368
person 0.0074 477 186 499 363
person 0.0071 345 153 363 171
person 0.0061 0 362 14 374
person 0.0046 343 149 369 229
person 0.0036 483 198 499 252
person 0.0016 345 153 367 187
person 0.0015 472 44 499 366
person 0.0013 295 138 369 273
person 0.0011 95 230 190 304
motorbike 0.0012 0 308 82 373
aeroplane 0.0070 3 -25 507 384
bus 0.0023 6 -21 501 377
bus 0.0015 332 -1 499 381
train 0.0217 0 -32 505 384
train 0.0016 0 67 136 358
train 0.0013 172 34 464 365
train 0.0010 332 -1 499 381
boat 0.0255 0 308 82 373
boat 0.0071 1 296 179 372
boat 0.0018 332 -1 499 381
boat 0.0010 -23 -34 509 382
dog 0.0021 0 318 23 374
horse 0.0142 0 308 83 374
cow 0.0037 0 308 83 374
bottle 0.0127 110 233 135 265
bottle 0.0107 398 160 424 216
bottle 0.0055 92 292 108 322
bottle 0.0038 379 139 439 302
bottle 0.0023 408 167 433 216
bottle 0.0019 359 123 450 342
bottle 0.0017 403 168 417 184
bottle 0.0016 404 168 417 176
bottle 0.0011 374 165 431 216
chair 0.2973 0 307 82 373
chair 0.0268 353 234 452 371
chair 0.0192 89 344 152 373
chair 0.0062 0 319 23 374
chair 0.0050 87 256 170 373
chair 0.0033 88 325 169 374
chair 0.0010 78 343 91 365
sofa 0.0457 0 309 82 373
sofa 0.0070 0 303 166 373
sofa 0.0067 7 224 514 370
sofa 0.0028 88 343 154 374
sofa 0.0012 351 228 451 368
sofa 0.0010 9 284 249 374
diningtable 0.0033 351 229 451 370
diningtable 0.0029 90 343 154 372
diningtable 0.0018 1 308 82 373
