person 0.0283 215 279 224 302
person 0.0248 148 272 184 321
person 0.0091 142 276 159 318
person 0.0086 156 233 170 242
person 0.0052 169 280 185 319
person 0.0040 203 276 212 291
person 0.0032 177 274 219 304
person 0.0014 166 274 178 289
person 0.0014 366 111 381 126
person 0.0014 175 274 184 288
person 0.0013 28 258 42 280
person 0.0013 367 118 378 132
person 0.0012 135 270 159 295
person 0.0011 94 266 143 295
person 0.0011 154 273 175 291
person 0.0011 142 289 154 317
person 0.0010 370 112 382 119
car 0.1051 456 114 476 121
car 0.0459 429 115 447 122
car 0.0217 435 114 475 121
car 0.0133 341 105 360 113
car 0.0084 438 115 459 122
car 0.0078 176 274 216 304
car 0.0076 371 112 388 123
car 0.0058 370 112 382 119
car 0.0046 91 266 133 294
car 0.0046 136 114 154 128
car 0.0043 344 109 389 129
car 0.0036 342 105 389 115
car 0.0035 337 109 371 132
car 0.0035 369 114 383 127
car 0.0033 141 271 185 322
car 0.0016 337 113 357 131
car 0.0012 462 114 487 123
car 0.0011 373 113 390 132
car 0.0010 360 109 386 118
car 0.0010 333 110 347 119
car 0.0010 428 117 450 127
aeroplane 0.9088 0 25 490 330
aeroplane 0.1064 220 90 295 129
aeroplane 0.0187 0 87 35 111
aeroplane 0.0156 2 100 32 111
aeroplane 0.0137 249 91 309 116
aeroplane 0.0124 265 95 312 111
aeroplane 0.0090 2 239 226 303
aeroplane 0.0065 290 96 309 108
aeroplane 0.0058 50 27 274 117
aeroplane 0.0049 219 102 244 128
aeroplane 0.0040 219 93 259 129
aeroplane 0.0031 134 112 170 127
aeroplane 0.0023 146 112 177 126
aeroplane 0.0023 255 91 269 113
aeroplane 0.0022 237 91 270 113
aeroplane 0.0020 268 94 364 119
aeroplane 0.0020 290 85 313 107
aeroplane 0.0019 16 -15 500 171
aeroplane 0.0019 263 86 317 108
aeroplane 0.0019 184 81 264 129
aeroplane 0.0017 266 92 285 111
aeroplane 0.0016 127 98 171 127
aeroplane 0.0015 234 95 261 121
aeroplane 0.0014 0 73 42 112
aeroplane 0.0013 214 109 236 128
aeroplane 0.0013 274 84 363 108
aeroplane 0.0011 1 77 80 112
bus 0.0018 176 274 216 304
train 0.0015 0 87 36 111
