person 0.0314 422 179 499 370
person 0.0053 15 -10 499 372
person 0.0010 420 314 499 372
car 0.0013 -3 -15 501 369
cat 0.0047 18 0 437 381
cat 0.0045 33 28 256 363
cat 0.0010 0 187 108 371
dog 0.9481 24 -2 492 369
dog 0.0027 30 7 254 358
horse 0.0046 -4 -17 503 374
cow 0.0010 5 -3 496 367
chair 0.0029 422 314 499 372
chair 0.0027 0 186 99 353
chair 0.0020 425 222 499 371
chair 0.0019 0 -29 496 340
chair 0.0016 0 143 87 252
sofa 0.1205 -4 -17 503 374
sofa 0.0105 0 142 102 369
sofa 0.0087 0 143 76 220
sofa 0.0019 419 314 499 372
sofa 0.0017 3 138 411 368
pottedplant 0.0277 423 129 499 370
pottedplant 0.0192 444 167 499 323
pottedplant 0.0010 459 191 499 250
diningtable 0.0017 0 186 99 353
