person 0.8924 134 71 347 371
person 0.0119 0 268 31 334
person 0.0053 15 300 30 331
person 0.0044 301 309 324 355
person 0.0034 301 207 363 372
person 0.0028 135 189 200 363
person 0.0023 265 63 275 81
person 0.0021 32 353 64 374
person 0.0021 145 153 159 160
person 0.0017 5 281 57 333
person 0.0017 26 308 41 330
person 0.0016 17 358 55 374
person 0.0013 0 275 14 335
person 0.0012 3 -4 273 358
person 0.0011 185 119 194 128
person 0.0011 0 331 63 374
bicycle 0.2007 0 186 177 371
bicycle 0.0267 0 191 92 338
bicycle 0.0074 301 308 326 366
bicycle 0.0069 95 235 138 318
bicycle 0.0068 16 222 139 328
bicycle 0.0048 0 266 32 334
bicycle 0.0038 0 191 66 280
bicycle 0.0031 0 254 71 359
bicycle 0.0020 0 190 133 281
bicycle 0.0014 244 308 326 372
car 0.0015 0 266 67 372
car 0.0011 33 293 380 374
car 0.0010 0 331 63 374
car 0.0010 69 167 372 368
motorbike 0.0027 0 183 195 371
motorbike 0.0013 69 167 372 368
motorbike 0.0010 0 190 63 251
aeroplane 0.0208 21 56 499 375
bus 0.0011 0 188 144 370
train 0.0020 -22 -13 469 377
boat 0.4943 33 59 513 373
boat 0.4604 4 288 403 371
boat 0.4412 -2 -29 299 367
boat 0.2905 8 194 419 370
boat 0.1061 -1 185 206 370
boat 0.0701 144 154 177 161
boat 0.0385 133 69 351 370
boat 0.0260 299 210 362 371
boat 0.0232 1 325 201 376
boat 0.0136 145 153 159 160
boat 0.0076 160 155 173 161
boat 0.0064 217 210 362 371
boat 0.0063 285 126 492 371
boat 0.0054 297 206 425 371
boat 0.0032 299 278 490 371
boat 0.0021 160 155 212 163
boat 0.0019 127 154 162 162
boat 0.0018 88 255 483 367
boat 0.0015 0 190 61 245
boat 0.0012 145 149 214 163
bird 0.0076 134 186 200 363
bird 0.0021 302 207 364 372
bird 0.0013 3 -4 273 358
bird 0.0012 265 63 275 81
cat 0.0011 302 205 365 366
dog 0.6820 302 208 365 373
dog 0.0546 134 188 199 364
horse 0.0061 90 201 382 371
horse 0.0028 217 210 362 371
horse 0.0026 300 210 358 369
horse 0.0018 134 188 199 364
horse 0.0014 60 52 474 372
sheep 0.0508 134 185 199 362
sheep 0.0068 301 207 365 373
cow 0.0154 302 207 364 372
cow 0.0043 134 186 200 363
cow 0.0027 81 208 422 372
cow 0.0015 217 210 362 371
bottle 0.0107 301 309 324 360
bottle 0.0011 326 338 338 361
chair 0.0171 0 334 62 373
chair 0.0126 32 353 64 374
chair 0.0087 17 358 55 374
chair 0.0080 301 310 325 361
chair 0.0039 0 340 35 373
chair 0.0034 1 333 142 374
chair 0.0023 12 347 112 373
chair 0.0023 93 234 140 313
chair 0.0010 244 308 326 372
chair 0.0010 91 235 141 259
pottedplant 0.0038 0 183 195 371
diningtable 0.0021 0 316 198 374
diningtable 0.0014 4 360 55 374
