person 0.1288 53 84 76 112
person 0.0833 148 97 159 115
person 0.0806 206 100 219 115
person 0.0562 415 95 426 111
person 0.0451 133 91 170 126
person 0.0392 197 101 209 115
person 0.0240 276 93 288 111
person 0.0198 215 97 225 114
person 0.0166 62 89 77 113
person 0.0153 141 92 163 119
person 0.0146 194 102 204 116
person 0.0139 218 96 231 116
person 0.0137 41 92 51 106
person 0.0128 230 96 240 117
person 0.0100 268 91 287 110
person 0.0095 177 102 188 115
person 0.0091 288 89 304 112
person 0.0084 442 107 450 116
person 0.0082 43 89 60 109
person 0.0076 304 105 312 119
person 0.0073 116 108 124 124
person 0.0064 188 103 201 114
person 0.0058 117 95 125 119
person 0.0058 278 90 297 111
person 0.0054 456 106 465 116
person 0.0054 98 97 108 120
person 0.0052 82 90 92 116
person 0.0048 165 98 175 115
person 0.0047 170 101 192 117
person 0.0042 180 102 193 115
person 0.0040 392 104 405 113
person 0.0039 299 98 309 115
person 0.0036 116 108 125 136
person 0.0034 464 107 472 116
person 0.0034 453 106 461 116
person 0.0031 426 104 436 114
person 0.0030 258 89 288 115
person 0.0024 420 103 434 115
person 0.0024 260 95 270 106
person 0.0022 199 95 215 111
person 0.0022 469 107 478 117
person 0.0021 305 86 324 115
person 0.0019 207 94 218 111
person 0.0019 110 86 126 121
person 0.0018 352 100 362 112
person 0.0016 317 90 324 111
person 0.0015 85 90 108 118
person 0.0015 304 90 315 114
person 0.0012 261 88 270 103
person 0.0012 85 82 95 107
person 0.0011 173 120 192 128
person 0.0011 135 94 143 115
person 0.0011 258 82 303 120
person 0.0011 64 97 77 117
person 0.0010 445 107 456 116
person 0.0010 427 98 437 114
car 0.2751 0 105 28 114
car 0.0023 0 106 29 123
car 0.0021 0 105 31 152
bus 0.9488 239 60 487 173
bus 0.9475 27 61 244 162
bus 0.0061 133 91 170 126
bus 0.0059 240 68 318 163
bottle 0.0010 206 99 217 113
chair 0.0103 441 108 450 116
chair 0.0091 456 106 465 116
chair 0.0077 445 107 456 116
chair 0.0075 453 106 461 116
chair 0.0018 427 105 437 115
chair 0.0016 464 107 472 116
chair 0.0015 392 103 406 113
chair 0.0013 468 107 476 116
chair 0.0010 416 97 428 114
