person 0.9322 209 76 299 170
person 0.8883 308 79 379 155
person 0.8846 125 97 214 201
person 0.8712 285 99 500 339
person 0.8162 19 108 147 354
person 0.3183 471 139 499 212
person 0.0203 437 125 497 356
person 0.0103 348 198 384 219
person 0.0075 468 139 499 274
person 0.0074 382 247 500 372
person 0.0045 70 186 201 353
person 0.0040 36 141 239 336
person 0.0038 138 274 164 295
person 0.0031 80 120 126 224
person 0.0017 361 96 374 109
person 0.0016 28 110 126 229
person 0.0015 357 91 379 143
person 0.0014 0 329 75 373
person 0.0010 360 95 378 124
car 0.0013 131 235 163 251
bottle 0.8538 324 239 347 293
bottle 0.0241 345 247 360 274
bottle 0.0193 342 242 355 271
bottle 0.0079 344 242 363 264
bottle 0.0054 341 241 352 255
bottle 0.0048 136 318 177 363
bottle 0.0038 350 239 372 271
bottle 0.0024 354 239 371 253
bottle 0.0020 335 137 344 152
bottle 0.0013 157 217 184 224
bottle 0.0011 144 234 163 246
chair 0.7545 0 170 98 361
chair 0.7049 383 301 499 371
chair 0.5040 0 331 74 373
chair 0.4605 471 139 499 211
chair 0.1399 0 173 46 301
chair 0.0650 121 141 134 198
chair 0.0561 413 258 498 329
chair 0.0304 433 259 496 273
chair 0.0237 489 204 499 233
chair 0.0201 376 144 499 371
chair 0.0194 370 50 396 107
chair 0.0126 294 120 308 151
chair 0.0106 -4 331 150 440
chair 0.0093 116 152 128 199
chair 0.0070 293 120 302 146
chair 0.0038 189 128 213 166
chair 0.0037 6 249 130 361
chair 0.0036 437 125 497 356
chair 0.0033 120 118 146 198
chair 0.0025 121 117 154 133
chair 0.0023 492 311 499 373
chair 0.0020 430 207 499 292
chair 0.0020 299 127 314 152
chair 0.0019 32 136 189 357
chair 0.0016 447 269 495 329
chair 0.0015 348 198 384 219
chair 0.0013 321 347 346 374
chair 0.0013 48 145 74 174
chair 0.0011 35 117 233 281
chair 0.0011 318 144 340 153
chair 0.0011 2 333 140 377
chair 0.0010 52 117 208 195
chair 0.0010 470 86 498 147
chair 0.0010 472 139 498 169
sofa 0.0389 1 331 72 372
sofa 0.0356 471 138 499 211
sofa 0.0127 1 176 82 361
sofa 0.0060 468 139 499 274
sofa 0.0045 0 175 45 254
sofa 0.0030 437 125 497 356
sofa 0.0015 2 333 140 377
sofa 0.0014 1 127 138 329
sofa 0.0011 118 115 151 198
diningtable 0.7559 65 160 415 351
diningtable 0.0030 244 169 367 225
diningtable 0.0026 0 329 75 373
diningtable 0.0018 306 217 393 241
diningtable 0.0018 67 181 200 349
diningtable 0.0013 265 191 385 229
diningtable 0.0011 91 94 428 269
tvmonitor 0.0105 465 16 496 83
