person 0.0320 0 0 21 53
person 0.0023 0 38 13 58
person 0.0022 0 -3 27 239
person 0.0020 0 0 20 24
person 0.0015 0 0 62 242
person 0.0012 0 17 15 59
bicycle 0.9473 32 15 446 330
bicycle 0.1348 0 234 117 331
bicycle 0.0086 0 231 231 330
bicycle 0.0028 0 243 65 331
bicycle 0.0014 4 237 93 301
motorbike 0.0011 0 234 117 331
boat 0.0017 56 19 450 332
bottle 0.1937 303 137 327 169
bottle 0.0366 263 166 302 222
bottle 0.0307 306 126 335 163
bottle 0.0149 277 170 299 200
bottle 0.0075 304 113 346 165
bottle 0.0069 283 161 303 196
bottle 0.0045 283 145 320 199
bottle 0.0019 45 265 90 295
bottle 0.0017 52 272 90 307
bottle 0.0012 296 145 321 177
chair 0.0041 1 243 118 331
pottedplant 0.0373 0 234 117 331
pottedplant 0.0034 0 0 64 240
pottedplant 0.0020 56 19 450 332
pottedplant 0.0014 0 250 54 332
