person 0.8942 36 32 96 193
person 0.7845 265 171 332 364
person 0.7286 83 32 116 188
person 0.6755 286 143 332 235
person 0.6354 269 96 304 146
person 0.4544 113 123 250 470
person 0.1573 0 149 114 378
person 0.0946 312 143 332 173
person 0.0568 97 158 157 466
person 0.0549 301 171 333 242
person 0.0444 207 83 261 161
person 0.0393 260 73 292 123
person 0.0323 275 171 320 237
person 0.0262 280 172 332 272
person 0.0231 111 25 146 97
person 0.0221 301 182 319 236
person 0.0209 286 170 310 233
person 0.0188 251 72 290 147
person 0.0131 302 145 326 173
person 0.0129 114 44 143 84
person 0.0116 300 145 313 172
person 0.0100 83 32 93 54
person 0.0093 301 196 314 231
person 0.0089 49 35 63 77
person 0.0086 278 145 299 160
person 0.0086 79 38 88 54
person 0.0085 110 23 192 104
person 0.0084 105 44 121 120
person 0.0066 276 146 301 176
person 0.0062 108 29 139 169
person 0.0060 113 282 159 465
person 0.0055 298 323 332 386
person 0.0055 78 33 86 53
person 0.0053 133 63 142 79
person 0.0053 296 322 332 451
person 0.0049 317 102 332 144
person 0.0049 83 40 198 469
person 0.0049 302 76 333 144
person 0.0046 104 17 203 186
person 0.0045 152 289 215 459
person 0.0041 120 272 200 469
person 0.0041 131 109 219 160
person 0.0040 301 208 318 239
person 0.0039 129 30 154 83
person 0.0039 106 52 116 75
person 0.0034 88 36 110 65
person 0.0032 257 116 283 184
person 0.0031 269 232 302 262
person 0.0029 207 -1 278 140
person 0.0029 106 39 118 77
person 0.0028 123 56 142 91
person 0.0026 49 34 61 58
person 0.0025 53 58 64 74
person 0.0024 133 57 157 83
person 0.0024 259 147 303 231
person 0.0023 258 119 270 150
person 0.0023 222 5 258 59
person 0.0022 275 189 293 233
person 0.0022 290 98 304 124
person 0.0022 25 1 266 470
person 0.0021 107 53 120 98
person 0.0021 52 37 73 77
person 0.0018 278 231 305 245
person 0.0017 264 183 295 233
person 0.0017 130 43 170 82
person 0.0016 118 56 154 97
person 0.0016 119 4 153 86
person 0.0015 43 32 55 52
person 0.0015 51 34 88 81
person 0.0015 73 31 84 49
person 0.0014 275 156 304 183
person 0.0014 80 39 91 65
person 0.0014 209 0 227 55
person 0.0014 0 358 104 498
person 0.0014 113 69 173 189
person 0.0012 68 10 78 27
person 0.0012 292 207 332 273
person 0.0012 44 53 60 79
person 0.0012 59 10 68 28
person 0.0011 116 108 222 199
person 0.0011 0 149 81 272
person 0.0011 111 49 123 108
person 0.0010 255 150 274 182
person 0.0010 317 127 330 144
person 0.0010 187 110 219 147
person 0.0010 270 226 309 253
person 0.0010 47 58 69 89
bicycle 0.5812 0 386 46 498
bicycle 0.2498 0 354 103 498
bicycle 0.0712 1 359 102 432
bicycle 0.0522 255 125 303 186
bicycle 0.0279 255 139 304 228
bicycle 0.0145 275 156 304 183
bicycle 0.0091 263 185 289 227
bicycle 0.0087 271 173 307 235
bicycle 0.0081 254 149 277 181
bicycle 0.0073 275 188 292 232
bicycle 0.0032 1 387 42 424
bicycle 0.0029 278 144 299 159
bicycle 0.0027 276 146 301 176
bicycle 0.0026 257 116 283 184
bicycle 0.0026 299 144 313 172
bicycle 0.0026 270 123 322 156
bicycle 0.0024 283 152 307 177
bicycle 0.0024 219 115 314 233
bicycle 0.0023 190 234 335 435
bicycle 0.0021 300 380 333 451
bicycle 0.0019 296 322 332 451
bicycle 0.0019 -3 188 111 498
bicycle 0.0017 212 285 318 368
bicycle 0.0017 -80 328 48 498
bicycle 0.0014 154 293 215 450
bicycle 0.0013 270 181 290 208
bicycle 0.0013 263 200 276 222
bicycle 0.0012 287 165 307 183
bicycle 0.0012 190 343 317 423
car 0.0457 189 342 317 424
car 0.0048 295 319 332 452
car 0.0017 300 380 333 451
motorbike 0.6137 297 321 332 453
motorbike 0.3919 189 255 332 444
motorbike 0.1681 300 381 333 452
motorbike 0.0565 190 341 317 425
motorbike 0.0200 257 134 304 186
motorbike 0.0142 257 145 303 229
motorbike 0.0094 262 172 296 231
motorbike 0.0078 265 253 331 359
motorbike 0.0035 292 212 334 457
motorbike 0.0032 263 183 285 227
motorbike 0.0031 255 149 275 182
motorbike 0.0030 -82 179 2 499
motorbike 0.0029 214 282 328 368
motorbike 0.0027 114 128 303 458
motorbike 0.0023 272 179 317 237
motorbike 0.0023 329 304 412 476
motorbike 0.0021 255 114 325 231
motorbike 0.0020 0 387 46 499
motorbike 0.0017 65 221 249 463
motorbike 0.0016 276 154 303 183
motorbike 0.0014 0 363 105 429
motorbike 0.0012 256 297 325 367
motorbike 0.0011 286 143 332 233
motorbike 0.0010 275 188 292 232
motorbike 0.0010 0 352 104 497
boat 0.0010 255 139 304 228
bottle 0.0091 300 141 313 172
bottle 0.0061 60 10 68 28
bottle 0.0048 54 10 62 28
bottle 0.0037 65 10 73 28
bottle 0.0032 72 11 80 29
bottle 0.0031 44 10 53 28
bottle 0.0028 79 12 88 29
bottle 0.0026 68 10 78 27
bottle 0.0026 258 119 270 150
bottle 0.0023 84 12 93 30
bottle 0.0022 189 34 198 56
bottle 0.0022 278 145 299 160
bottle 0.0019 39 75 47 91
bottle 0.0015 284 141 307 163
bottle 0.0013 163 12 175 32
bottle 0.0011 303 134 313 151
bottle 0.0010 285 140 305 153
bottle 0.0010 34 31 44 51
chair 0.2472 2 355 103 430
chair 0.1083 275 157 305 183
chair 0.0925 207 83 260 161
chair 0.0815 -1 354 104 498
chair 0.0361 109 4 151 88
chair 0.0361 302 76 333 144
chair 0.0301 0 152 113 378
chair 0.0195 112 28 200 109
chair 0.0192 109 91 188 199
chair 0.0165 109 3 147 34
chair 0.0135 60 355 103 424
chair 0.0134 109 18 204 193
chair 0.0112 159 27 193 91
chair 0.0103 160 10 197 47
chair 0.0100 131 26 149 48
chair 0.0088 278 142 302 156
chair 0.0074 276 146 301 176
chair 0.0058 258 118 270 149
chair 0.0057 288 168 307 184
chair 0.0054 129 26 152 82
chair 0.0049 132 5 150 40
chair 0.0049 303 124 322 145
chair 0.0048 116 0 142 8
chair 0.0047 172 28 189 86
chair 0.0045 46 3 147 32
chair 0.0039 299 123 321 158
chair 0.0038 170 12 196 30
chair 0.0035 109 94 132 186
chair 0.0034 270 165 301 192
chair 0.0034 271 123 301 146
chair 0.0033 182 44 203 111
chair 0.0031 120 7 146 29
chair 0.0031 300 104 323 133
chair 0.0028 119 0 153 50
chair 0.0027 272 87 327 191
chair 0.0026 270 123 322 156
chair 0.0024 186 56 201 81
chair 0.0023 156 47 177 77
chair 0.0022 256 147 301 183
chair 0.0020 257 143 304 230
chair 0.0020 263 189 282 225
chair 0.0020 276 135 307 151
chair 0.0019 266 180 290 230
chair 0.0018 314 76 330 106
chair 0.0018 0 273 113 440
chair 0.0017 107 14 145 56
chair 0.0017 116 74 218 167
chair 0.0017 263 200 276 222
chair 0.0016 283 152 307 177
chair 0.0015 295 122 314 144
chair 0.0015 130 109 219 163
chair 0.0015 165 29 178 56
chair 0.0015 2 372 78 419
chair 0.0015 285 140 305 153
chair 0.0015 35 380 88 429
chair 0.0015 284 232 305 246
chair 0.0014 98 11 110 30
chair 0.0014 284 141 307 163
chair 0.0013 270 181 290 208
chair 0.0013 287 170 309 232
chair 0.0012 277 187 292 231
chair 0.0012 299 144 313 172
chair 0.0012 80 12 92 28
chair 0.0012 138 49 178 84
chair 0.0012 183 13 196 31
chair 0.0011 188 339 323 424
chair 0.0011 272 169 300 228
chair 0.0011 304 128 318 156
chair 0.0011 0 386 43 421
chair 0.0011 180 29 201 85
chair 0.0011 255 114 325 231
chair 0.0010 78 171 158 458
chair 0.0010 35 149 187 470
sofa 0.0026 0 155 114 389
sofa 0.0010 207 83 261 161
diningtable 0.0020 153 47 177 77
diningtable 0.0019 278 141 304 154
diningtable 0.0016 112 28 200 109
diningtable 0.0016 -2 195 110 496
diningtable 0.0015 1 360 103 431
diningtable 0.0015 109 73 205 202
diningtable 0.0014 160 11 197 32
diningtable 0.0014 0 257 114 373
diningtable 0.0014 172 28 189 86
diningtable 0.0014 186 56 201 81
tvmonitor 0.0017 39 0 141 32
tvmonitor 0.0010 116 0 142 8
