person 0.7065 0 210 107 298
person 0.2148 332 225 400 297
person 0.1201 260 234 352 296
person 0.0207 28 261 99 297
person 0.0130 19 266 157 298
person 0.0096 256 239 287 281
person 0.0051 258 215 263 223
person 0.0035 360 214 371 223
person 0.0032 2 211 48 259
person 0.0030 192 231 203 240
person 0.0028 31 207 38 216
person 0.0028 64 221 85 230
person 0.0027 0 214 223 294
person 0.0020 268 239 284 252
person 0.0016 243 257 260 276
person 0.0013 266 240 286 261
person 0.0011 25 208 44 227
person 0.0010 29 205 37 214
person 0.0010 58 271 98 297
car 0.0047 -1 -16 391 290
car 0.0022 89 273 164 298
car 0.0014 192 231 203 239
car 0.0011 259 235 351 296
car 0.0010 333 225 399 298
aeroplane 0.0042 141 164 370 233
aeroplane 0.0038 0 -19 392 304
aeroplane 0.0019 160 187 359 224
aeroplane 0.0010 6 0 397 128
bus 0.0054 88 273 164 298
bus 0.0030 0 -18 391 291
bus 0.0014 28 269 167 298
bus 0.0013 159 183 367 229
train 0.0082 159 183 367 229
train 0.0030 88 273 164 298
train 0.0025 161 204 369 239
train 0.0017 -4 204 379 295
train 0.0013 85 234 348 297
train 0.0010 5 1 399 283
boat 0.5956 161 168 372 239
boat 0.4864 24 228 365 297
boat 0.4274 192 231 203 239
boat 0.2485 69 201 166 229
boat 0.1380 64 222 85 230
boat 0.1175 3 173 383 292
boat 0.1046 73 216 168 232
boat 0.1026 163 210 245 234
boat 0.0909 73 208 166 222
boat 0.0909 163 187 347 225
boat 0.0888 166 180 265 223
boat 0.0545 161 204 369 239
boat 0.0540 1 216 158 297
boat 0.0445 2 268 163 300
boat 0.0396 80 222 154 232
boat 0.0249 174 196 251 217
boat 0.0236 70 206 161 216
boat 0.0184 41 218 65 228
boat 0.0176 211 228 242 238
boat 0.0170 38 221 76 229
boat 0.0167 41 223 67 230
boat 0.0164 211 231 222 238
boat 0.0162 72 223 95 231
boat 0.0153 88 272 163 299
boat 0.0151 170 214 246 225
boat 0.0149 164 218 196 234
boat 0.0139 244 211 344 238
boat 0.0122 150 225 170 233
boat 0.0115 37 206 86 230
boat 0.0111 193 223 287 238
boat 0.0100 202 228 386 297
boat 0.0097 5 18 388 269
boat 0.0085 210 230 232 238
boat 0.0073 178 179 239 200
boat 0.0072 140 223 169 232
boat 0.0069 63 210 85 229
boat 0.0066 14 139 370 244
boat 0.0053 165 207 255 220
boat 0.0047 240 177 360 240
boat 0.0047 72 202 145 211
boat 0.0042 83 227 95 232
boat 0.0041 181 216 361 252
boat 0.0040 189 179 374 290
boat 0.0034 45 212 66 224
boat 0.0032 0 105 180 307
boat 0.0028 23 201 67 230
boat 0.0026 16 201 333 238
boat 0.0026 288 216 304 223
boat 0.0026 110 198 137 206
boat 0.0024 163 202 200 234
boat 0.0024 99 245 220 296
boat 0.0024 184 186 257 200
boat 0.0023 153 224 195 235
boat 0.0019 250 224 293 238
boat 0.0018 54 197 92 229
boat 0.0017 125 204 164 214
boat 0.0013 261 234 352 295
boat 0.0013 208 268 329 298
boat 0.0013 33 217 52 231
boat 0.0013 152 226 264 257
boat 0.0012 65 209 80 221
boat 0.0012 19 151 182 230
boat 0.0011 72 189 166 221
boat 0.0010 91 196 130 207
boat 0.0010 154 228 171 234
boat 0.0010 63 209 73 225
bird 0.0024 360 214 371 224
bird 0.0021 64 222 85 230
bird 0.0018 260 234 352 296
bird 0.0010 288 168 324 189
dog 0.0011 259 234 351 296
horse 0.0693 259 226 399 298
horse 0.0012 332 224 399 298
cow 0.0033 260 234 352 296
cow 0.0014 288 216 304 223
chair 0.0079 37 271 99 298
chair 0.0039 288 216 304 223
chair 0.0035 15 268 163 298
chair 0.0035 88 273 164 298
chair 0.0024 333 225 399 298
chair 0.0013 259 235 351 296
chair 0.0012 69 271 99 298
chair 0.0010 145 246 214 297
sofa 0.0014 15 268 163 298
tvmonitor 0.0107 0 -18 391 291
tvmonitor 0.0021 87 272 162 299
