person 0.0013 138 74 290 239
cat 0.0184 142 71 302 238
cat 0.0046 10 46 320 361
cat 0.0014 129 131 271 237
cat 0.0011 219 266 423 342
dog 0.0012 115 72 283 240
bottle 0.0059 24 210 225 371
chair 0.2227 215 267 423 342
chair 0.0057 200 214 446 356
chair 0.0024 405 221 498 337
chair 0.0023 181 335 505 371
chair 0.0020 20 222 229 371
sofa 0.0039 217 266 423 342
pottedplant 0.2745 195 26 496 342
pottedplant 0.1537 12 44 319 363
pottedplant 0.0860 109 70 313 233
pottedplant 0.0535 19 225 236 373
pottedplant 0.0017 208 78 303 163
pottedplant 0.0015 18 167 499 368
pottedplant 0.0013 140 121 279 238
diningtable 0.4709 195 333 499 370
diningtable 0.0892 16 169 505 371
diningtable 0.0195 0 332 65 373
diningtable 0.0119 191 289 497 367
diningtable 0.0087 10 320 503 371
diningtable 0.0053 184 116 491 352
diningtable 0.0018 216 266 425 345
diningtable 0.0017 1 330 230 371
diningtable 0.0015 200 214 446 356
tvmonitor 0.0042 159 0 276 47
tvmonitor 0.0022 217 266 423 342
tvmonitor 0.0018 21 220 232 371
