person 0.7650 132 156 278 446
person 0.0418 134 157 278 297
chair 0.8505 91 273 220 454
chair 0.0496 152 364 219 485
chair 0.0042 166 280 257 443
chair 0.0037 208 354 250 449
chair 0.0033 135 218 254 395
chair 0.0032 92 299 162 457
chair 0.0031 248 276 327 312
chair 0.0025 195 314 254 451
chair 0.0015 240 301 327 404
chair 0.0012 120 271 313 420
chair 0.0010 220 181 296 252
sofa 0.0123 134 292 315 419
sofa 0.0020 224 298 325 423
diningtable 0.0099 121 268 278 454
diningtable 0.0089 85 249 198 467
diningtable 0.0058 261 243 327 282
diningtable 0.0050 242 275 327 312
diningtable 0.0045 90 247 139 290
diningtable 0.0038 98 248 138 263
diningtable 0.0023 246 241 328 307
diningtable 0.0016 22 448 322 497
diningtable 0.0015 90 246 198 295
diningtable 0.0011 89 248 214 328
tvmonitor 0.3318 221 181 296 252
