person 0.8832 110 120 233 297
person 0.8751 257 119 393 289
person 0.0089 98 218 218 371
person 0.0025 147 168 357 308
person 0.0016 208 327 253 362
bottle 0.8600 242 122 269 190
bottle 0.0285 303 149 312 174
bottle 0.0074 397 236 409 255
bottle 0.0057 255 125 269 159
bottle 0.0054 242 153 262 189
bottle 0.0033 223 179 243 203
bottle 0.0026 435 262 462 283
bottle 0.0020 260 124 268 140
bottle 0.0016 242 170 261 190
bottle 0.0010 248 326 294 338
chair 0.8032 93 217 164 308
chair 0.7381 358 215 440 369
chair 0.4476 94 216 211 372
chair 0.1092 118 327 210 372
chair 0.0843 94 218 126 301
chair 0.0637 289 199 380 373
chair 0.0189 303 149 312 174
chair 0.0069 118 341 161 373
chair 0.0055 397 223 413 255
chair 0.0045 124 271 208 371
chair 0.0028 261 140 327 215
chair 0.0024 212 212 368 370
chair 0.0019 48 196 91 272
chair 0.0017 273 236 344 254
chair 0.0017 383 210 413 261
chair 0.0014 260 145 312 180
chair 0.0014 166 166 222 210
chair 0.0014 162 324 207 371
chair 0.0010 396 217 437 259
diningtable 0.7580 155 189 371 369
diningtable 0.0090 204 177 286 220
diningtable 0.0071 163 164 362 293
diningtable 0.0023 183 157 302 219
diningtable 0.0012 171 149 254 200
diningtable 0.0010 256 201 305 224
tvmonitor 0.0015 49 197 93 272
