person 0.0169 300 297 322 348
person 0.0058 264 143 293 202
person 0.0021 302 297 317 325
person 0.0011 292 295 329 394
bird 0.2447 261 144 294 215
bird 0.0466 300 296 322 347
bird 0.0118 302 297 317 325
bird 0.0117 257 141 373 386
bird 0.0080 260 141 351 282
bird 0.0043 299 293 346 347
bird 0.0035 199 142 299 390
bird 0.0032 275 143 294 200
bird 0.0032 304 299 331 334
bird 0.0026 291 201 353 281
bird 0.0019 267 295 322 360
bird 0.0015 334 264 357 297
bird 0.0013 296 281 378 349
bird 0.0012 311 301 333 324
cat 0.0103 263 141 294 208
cat 0.0019 300 296 322 347
dog 0.0130 261 144 294 218
dog 0.0017 300 297 323 348
dog 0.0016 254 136 367 388
horse 0.0024 260 143 296 216
sheep 0.0016 263 141 294 206
cow 0.0025 261 144 294 218
