person 0.8937 18 16 281 364
person 0.8620 225 22 496 363
person 0.0572 362 40 498 364
person 0.0246 337 343 393 365
person 0.0062 0 318 19 365
person 0.0056 434 48 500 363
person 0.0014 471 204 499 360
chair 0.1684 2 291 27 365
chair 0.1196 50 46 282 182
chair 0.1160 237 53 283 172
chair 0.0770 0 318 19 365
chair 0.0351 474 203 499 350
chair 0.0299 435 45 499 360
chair 0.0233 11 20 448 359
chair 0.0194 439 49 499 217
chair 0.0162 250 27 500 365
chair 0.0118 55 31 296 301
chair 0.0097 375 41 498 366
chair 0.0079 474 203 499 261
chair 0.0058 387 42 498 217
chair 0.0046 0 225 31 358
chair 0.0026 3 293 199 364
chair 0.0025 0 0 41 311
chair 0.0022 407 198 498 363
chair 0.0014 480 193 499 304
chair 0.0010 449 187 497 356
sofa 0.0580 14 18 483 360
sofa 0.0264 2 292 27 364
sofa 0.0221 0 195 495 363
sofa 0.0221 236 51 283 171
sofa 0.0174 51 34 281 183
sofa 0.0157 242 24 499 364
sofa 0.0109 441 52 499 362
sofa 0.0090 473 201 499 351
sofa 0.0041 378 41 499 366
sofa 0.0029 474 204 499 261
sofa 0.0022 387 42 498 217
sofa 0.0019 407 198 498 363
sofa 0.0014 0 228 29 367
sofa 0.0013 0 321 18 363
sofa 0.0013 311 194 501 363
diningtable 0.0048 0 320 18 362
diningtable 0.0028 1 232 489 365
diningtable 0.0010 475 199 499 356
tvmonitor 0.0019 0 5 41 238
