person 0.9359 56 89 280 434
person 0.9263 246 69 454 437
person 0.0010 31 109 467 427
chair 0.1310 420 218 447 297
chair 0.0420 243 192 451 435
chair 0.0313 239 215 312 365
chair 0.0210 303 334 423 434
chair 0.0194 418 212 454 390
chair 0.0114 48 199 470 430
chair 0.0017 416 162 447 300
chair 0.0013 92 322 214 435
chair 0.0013 411 220 442 280
chair 0.0013 373 200 454 416
chair 0.0011 428 193 474 425
chair 0.0010 294 258 427 429
sofa 0.5975 46 214 476 435
sofa 0.0173 243 192 451 435
sofa 0.0168 242 218 310 327
sofa 0.0042 304 333 422 434
sofa 0.0014 92 322 214 435
