person 0.1070 170 166 180 192
person 0.0231 78 155 91 173
person 0.0157 14 153 22 165
person 0.0096 13 152 23 178
person 0.0090 170 173 178 202
person 0.0050 224 153 238 177
person 0.0024 222 147 239 216
person 0.0015 86 159 94 178
person 0.0010 252 175 270 204
aeroplane 0.0012 107 105 413 344
bus 0.0013 107 105 413 344
train 0.9387 103 104 409 344
train 0.0883 39 147 73 169
train 0.0768 44 145 92 172
train 0.0484 78 155 92 174
train 0.0063 19 152 50 167
train 0.0032 60 156 79 171
train 0.0010 15 148 38 166
pottedplant 0.0010 83 157 92 173
