person 0.9333 1 1 292 370
person 0.8631 262 154 415 299
person 0.0520 97 19 242 229
person 0.0112 154 327 190 374
person 0.0103 203 66 246 218
person 0.0096 321 152 425 273
person 0.0064 102 78 210 159
person 0.0053 1 204 285 370
person 0.0046 145 219 232 340
person 0.0045 229 213 314 293
person 0.0032 274 193 347 240
person 0.0021 61 36 475 351
person 0.0015 212 198 358 293
person 0.0012 303 200 343 238
person 0.0011 244 182 286 218
bicycle 0.0014 155 200 458 372
bottle 0.3882 155 326 190 373
bottle 0.0088 279 254 301 289
bottle 0.0052 279 254 315 297
bottle 0.0035 153 272 202 374
bottle 0.0020 224 70 253 92
bottle 0.0020 208 286 232 331
bottle 0.0018 175 336 189 372
bottle 0.0018 104 79 209 163
bottle 0.0016 232 252 282 285
bottle 0.0013 323 364 346 373
chair 0.7688 162 125 440 371
chair 0.4072 100 80 229 248
chair 0.0863 2 14 244 264
chair 0.0396 121 41 210 121
chair 0.0375 106 152 223 238
chair 0.0238 111 223 154 248
chair 0.0221 104 77 224 171
chair 0.0215 418 230 499 374
chair 0.0187 244 181 288 218
chair 0.0178 162 248 354 370
chair 0.0173 104 121 251 309
chair 0.0139 96 126 125 141
chair 0.0131 88 50 301 371
chair 0.0130 92 130 124 161
chair 0.0129 151 131 203 165
chair 0.0119 98 148 112 161
chair 0.0113 129 216 245 346
chair 0.0108 103 114 206 168
chair 0.0096 110 195 158 245
chair 0.0092 151 270 206 314
chair 0.0061 104 135 163 243
chair 0.0056 150 266 210 373
chair 0.0052 93 138 114 161
chair 0.0052 125 216 203 250
chair 0.0052 260 122 436 230
chair 0.0052 111 204 126 223
chair 0.0050 112 204 139 229
chair 0.0037 111 133 186 163
chair 0.0036 132 216 283 278
chair 0.0034 -1 4 220 155
chair 0.0033 202 67 246 219
chair 0.0031 173 132 202 160
chair 0.0028 160 181 213 227
chair 0.0028 98 145 119 161
chair 0.0027 224 68 256 91
chair 0.0025 131 0 229 124
chair 0.0024 101 125 193 218
chair 0.0023 207 70 223 90
chair 0.0023 156 0 226 47
chair 0.0021 154 328 190 374
chair 0.0019 394 156 437 352
chair 0.0018 0 0 42 42
chair 0.0017 116 220 247 254
chair 0.0015 25 81 180 278
chair 0.0015 50 23 444 235
chair 0.0014 11 181 291 369
chair 0.0013 112 5 272 206
chair 0.0010 345 151 434 359
sofa 0.0271 415 230 499 373
sofa 0.0187 124 40 210 120
sofa 0.0088 -3 0 210 215
sofa 0.0074 226 119 442 297
sofa 0.0038 208 235 497 373
sofa 0.0030 82 10 240 210
sofa 0.0016 244 182 286 218
sofa 0.0010 103 76 210 167
diningtable 0.0586 100 101 228 248
diningtable 0.0276 101 84 213 169
diningtable 0.0212 107 152 221 189
diningtable 0.0170 104 123 201 171
diningtable 0.0044 133 129 199 160
diningtable 0.0035 100 24 270 252
diningtable 0.0027 109 149 229 225
diningtable 0.0022 98 50 432 210
diningtable 0.0020 184 14 329 64
diningtable 0.0018 116 100 204 140
diningtable 0.0017 204 77 397 169
diningtable 0.0017 156 0 226 47
diningtable 0.0017 414 231 499 373
diningtable 0.0016 234 81 386 117
diningtable 0.0015 103 107 166 140
diningtable 0.0012 131 40 210 117
diningtable 0.0012 179 262 485 373
diningtable 0.0011 153 1 225 95
diningtable 0.0010 228 99 343 212
diningtable 0.0010 106 151 197 173
diningtable 0.0010 92 130 124 161
