person 0.9357 332 90 498 368
person 0.9107 228 157 353 363
person 0.9013 8 89 129 367
person 0.0182 319 299 391 328
person 0.0155 300 301 394 369
person 0.0085 326 245 393 332
person 0.0069 255 137 276 149
person 0.0064 359 302 392 327
person 0.0055 289 224 495 369
person 0.0034 479 155 499 333
person 0.0033 289 299 495 374
person 0.0033 335 61 353 89
person 0.0029 0 152 19 312
person 0.0029 255 136 276 180
person 0.0026 351 250 391 299
person 0.0024 302 35 362 109
person 0.0022 27 127 36 137
person 0.0021 337 67 358 108
person 0.0020 204 338 293 373
person 0.0020 263 354 293 374
person 0.0019 308 58 354 89
person 0.0012 68 65 537 380
person 0.0011 471 149 487 181
person 0.0010 434 323 499 374
bicycle 0.0274 0 255 13 301
bicycle 0.0036 0 248 22 293
bicycle 0.0012 0 184 17 306
bicycle 0.0011 0 356 41 373
car 0.0135 288 326 393 373
car 0.0107 288 309 500 371
car 0.0073 0 -17 510 379
car 0.0033 478 276 499 319
car 0.0027 255 137 276 149
car 0.0023 313 242 498 368
car 0.0010 -3 4 501 74
motorbike 0.0067 288 297 500 370
aeroplane 0.0034 -3 -3 502 374
aeroplane 0.0011 288 308 500 371
aeroplane 0.0010 -7 173 467 373
train 0.0015 288 308 500 371
boat 0.7748 -2 2 505 375
boat 0.2253 10 180 484 371
boat 0.0605 288 309 500 371
boat 0.0394 79 281 405 372
boat 0.0274 211 35 501 352
boat 0.0189 290 321 411 372
boat 0.0050 243 31 492 200
boat 0.0034 289 224 495 369
boat 0.0031 0 299 38 373
boat 0.0022 -4 235 287 372
boat 0.0021 296 176 389 187
boat 0.0019 255 138 274 148
boat 0.0018 0 256 16 324
boat 0.0017 302 35 363 108
boat 0.0017 202 336 293 374
boat 0.0015 301 175 362 185
boat 0.0013 305 64 354 108
boat 0.0011 298 54 387 154
boat 0.0011 339 174 388 184
boat 0.0010 177 304 289 372
dog 0.0015 288 326 392 373
horse 0.0072 288 309 500 371
cow 0.0015 288 309 500 371
bottle 0.0099 393 254 411 291
bottle 0.0063 376 245 402 299
bottle 0.0011 351 230 415 301
bottle 0.0010 351 178 433 302
chair 0.0437 433 326 499 373
chair 0.0229 0 253 11 300
chair 0.0140 437 237 499 371
chair 0.0086 313 242 498 368
chair 0.0085 0 356 42 374
chair 0.0069 289 326 393 373
chair 0.0046 453 276 497 375
chair 0.0037 478 277 499 318
chair 0.0036 469 278 498 350
chair 0.0030 305 64 353 108
chair 0.0022 0 256 16 324
chair 0.0022 295 304 498 372
chair 0.0017 359 302 392 327
chair 0.0017 477 316 499 334
chair 0.0016 314 304 373 335
chair 0.0012 308 302 391 348
chair 0.0011 0 254 34 331
chair 0.0010 352 327 496 372
sofa 0.0724 434 320 499 373
sofa 0.0243 295 304 498 372
sofa 0.0074 434 250 500 371
sofa 0.0033 313 242 498 368
sofa 0.0026 290 326 392 373
sofa 0.0018 478 277 499 318
pottedplant 0.0011 471 149 488 179
diningtable 0.0078 436 327 499 373
diningtable 0.0028 478 277 499 318
diningtable 0.0017 476 323 499 348
