person 0.4594 -3 -1 393 310
person 0.0231 -2 138 393 492
person 0.0057 -3 317 392 495
person 0.0029 1 247 128 327
person 0.0017 1 245 144 397
person 0.0016 234 8 395 315
person 0.0014 2 162 107 267
person 0.0010 -2 44 218 484
car 0.0037 -8 5 397 365
cat 0.2314 8 154 350 466
cat 0.0024 84 179 385 393
dog 0.5986 6 162 352 451
dog 0.0060 -8 5 397 365
dog 0.0010 1 247 128 327
dog 0.0010 98 180 382 381
cow 0.0012 -5 0 396 325
chair 0.0198 -9 -2 396 507
sofa 0.2212 -10 0 396 492
sofa 0.0077 0 0 397 233
sofa 0.0045 -4 328 391 494
