person 0.7337 32 189 67 260
person 0.0205 33 187 60 232
person 0.0203 58 201 74 250
person 0.0100 64 187 72 219
person 0.0072 60 217 75 268
person 0.0054 36 187 59 212
person 0.0031 63 209 73 227
person 0.0020 61 212 73 233
person 0.0020 45 213 69 237
person 0.0018 1 285 88 372
person 0.0015 13 206 31 219
person 0.0014 159 222 174 232
person 0.0011 487 165 495 174
bicycle 0.0021 437 206 457 250
car 0.0028 485 229 499 257
car 0.0022 485 176 499 234
bird 0.0015 437 206 458 251
cat 0.0091 437 206 458 251
dog 0.0020 437 206 458 251
bottle 0.0015 0 260 8 286
bottle 0.0014 133 180 157 221
bottle 0.0010 64 187 72 219
chair 0.7674 0 284 89 373
chair 0.5816 14 229 49 292
chair 0.2581 35 214 67 260
chair 0.0330 0 260 9 289
chair 0.0280 60 220 74 267
chair 0.0156 210 267 267 342
chair 0.0148 438 206 457 251
chair 0.0085 62 218 74 247
chair 0.0066 58 201 74 250
chair 0.0066 63 216 73 234
chair 0.0065 9 225 73 370
chair 0.0051 61 210 72 227
chair 0.0049 15 232 69 305
chair 0.0040 5 236 24 287
chair 0.0038 54 350 90 374
chair 0.0037 33 206 65 240
chair 0.0031 0 235 11 291
chair 0.0029 262 34 347 112
chair 0.0024 1 283 15 295
chair 0.0023 11 205 29 221
chair 0.0022 8 234 25 244
chair 0.0017 62 195 72 222
chair 0.0017 229 268 266 325
chair 0.0017 206 264 338 353
chair 0.0016 10 209 34 225
chair 0.0015 33 289 56 346
chair 0.0014 7 237 24 251
chair 0.0014 7 231 25 240
chair 0.0013 7 212 35 234
chair 0.0012 13 210 32 220
sofa 0.5974 0 283 89 373
sofa 0.2200 14 229 49 292
sofa 0.0097 210 267 267 342
sofa 0.0085 35 214 67 261
sofa 0.0077 45 224 72 267
sofa 0.0028 208 262 344 354
sofa 0.0023 60 217 75 268
sofa 0.0018 209 213 398 355
sofa 0.0017 7 212 35 234
sofa 0.0015 45 213 69 237
pottedplant 0.8237 307 61 434 361
pottedplant 0.3434 139 199 175 233
pottedplant 0.1868 38 187 56 209
pottedplant 0.1312 468 80 499 111
pottedplant 0.0142 32 189 68 258
pottedplant 0.0117 349 304 405 359
pottedplant 0.0107 133 180 157 222
pottedplant 0.0075 161 221 174 232
pottedplant 0.0074 349 234 409 359
pottedplant 0.0074 155 199 174 220
pottedplant 0.0068 64 184 72 220
pottedplant 0.0036 13 206 31 219
pottedplant 0.0034 438 207 457 250
pottedplant 0.0023 62 173 71 216
pottedplant 0.0022 60 221 74 277
pottedplant 0.0022 481 81 499 107
pottedplant 0.0018 324 61 432 179
pottedplant 0.0017 66 190 73 215
pottedplant 0.0017 139 216 170 231
pottedplant 0.0014 63 209 73 227
pottedplant 0.0013 335 168 423 364
pottedplant 0.0011 139 219 156 230
pottedplant 0.0010 209 267 266 340
diningtable 0.0181 7 212 36 238
diningtable 0.0108 10 209 34 225
diningtable 0.0101 61 209 72 223
diningtable 0.0094 13 210 32 220
diningtable 0.0067 61 212 73 233
diningtable 0.0066 7 231 26 240
diningtable 0.0057 60 220 73 262
diningtable 0.0050 21 193 67 262
diningtable 0.0040 35 214 67 261
diningtable 0.0034 7 234 24 244
diningtable 0.0033 6 237 24 285
diningtable 0.0032 7 218 30 234
diningtable 0.0029 45 213 69 237
diningtable 0.0027 7 232 47 284
diningtable 0.0023 62 218 74 247
diningtable 0.0019 8 237 23 248
diningtable 0.0016 15 212 39 232
diningtable 0.0012 58 201 74 250
diningtable 0.0012 0 260 8 287
diningtable 0.0010 7 227 41 241
diningtable 0.0010 11 200 47 244
