person 0.0138 297 118 337 213
person 0.0091 329 132 344 178
person 0.0080 331 132 343 152
person 0.0048 344 135 354 149
person 0.0043 314 136 339 178
person 0.0043 335 132 361 181
person 0.0042 115 185 124 193
person 0.0022 315 132 335 153
person 0.0015 300 124 325 186
person 0.0015 92 179 106 193
person 0.0013 113 187 130 214
person 0.0013 221 109 255 137
person 0.0012 341 140 379 183
person 0.0010 347 134 363 149
person 0.0010 277 157 289 175
person 0.0010 330 148 343 177
bicycle 0.0020 87 195 112 211
bicycle 0.0012 146 193 181 210
car 0.0669 87 194 112 210
car 0.0177 73 192 108 209
car 0.0102 86 186 128 210
car 0.0039 0 201 20 213
car 0.0037 73 196 93 210
car 0.0037 96 183 118 198
car 0.0030 51 198 76 211
car 0.0027 103 186 128 203
car 0.0023 0 173 54 211
car 0.0013 71 183 101 210
car 0.0013 96 181 113 192
car 0.0013 34 203 70 213
motorbike 0.0058 87 194 112 210
bus 0.0048 124 132 311 193
bus 0.0035 0 174 56 212
train 0.4738 99 122 443 206
train 0.0032 124 129 314 193
chair 0.0012 467 188 499 234
pottedplant 0.0025 112 187 135 222
pottedplant 0.0017 388 88 466 367
pottedplant 0.0010 82 185 135 215
diningtable 0.0017 300 179 395 222
tvmonitor 0.0016 341 146 384 181
tvmonitor 0.0012 330 128 384 185
