person 0.9273 86 68 306 330
person 0.0014 0 140 63 230
person 0.0014 0 269 57 331
person 0.0014 16 141 49 182
person 0.0011 60 77 82 95
person 0.0010 166 80 438 329
car 0.0116 0 141 62 229
car 0.0063 0 141 50 186
car 0.0035 61 80 83 95
car 0.0024 0 104 51 196
car 0.0022 22 141 50 176
car 0.0021 56 63 94 96
car 0.0020 42 9 95 48
car 0.0016 2 46 93 105
car 0.0015 23 141 49 158
car 0.0014 0 110 45 156
car 0.0010 0 127 82 202
car 0.0010 0 159 344 326
train 0.0013 -5 -16 435 345
boat 0.0031 1 188 336 328
boat 0.0019 0 196 175 330
cat 0.0011 119 175 211 280
dog 0.0037 119 175 211 280
bottle 0.0015 117 178 179 242
chair 0.5367 0 304 58 332
chair 0.2744 153 85 435 328
chair 0.2385 227 285 316 332
chair 0.0519 67 149 323 329
chair 0.0419 119 177 189 295
chair 0.0294 130 260 170 292
chair 0.0147 311 96 441 323
chair 0.0049 0 269 57 331
chair 0.0021 201 244 319 327
chair 0.0020 238 133 341 329
chair 0.0017 0 141 63 230
chair 0.0012 1 204 157 330
chair 0.0011 118 178 176 243
sofa 0.6814 93 87 436 329
sofa 0.0382 297 92 440 324
sofa 0.0199 0 304 58 332
sofa 0.0107 0 200 334 330
sofa 0.0062 228 287 316 332
sofa 0.0057 1 210 180 328
sofa 0.0024 127 250 171 292
sofa 0.0014 122 182 179 303
sofa 0.0011 0 273 59 332
diningtable 0.0021 0 304 58 332
tvmonitor 0.0031 280 -3 432 95
