person 0.8544 18 245 68 399
person 0.8325 309 260 341 366
person 0.7352 -2 257 33 408
person 0.7203 334 265 350 362
person 0.6601 79 245 130 393
person 0.6487 193 226 248 288
person 0.5020 49 255 70 303
person 0.4574 294 266 311 287
person 0.4293 16 247 51 290
person 0.3461 66 268 78 309
person 0.3294 47 254 71 346
person 0.2981 0 260 17 285
person 0.2880 83 349 110 392
person 0.2803 0 260 28 318
person 0.2347 58 257 76 310
person 0.2299 166 245 189 275
person 0.1940 0 251 7 265
person 0.1783 332 267 345 288
person 0.1679 58 260 76 357
person 0.1643 0 252 9 281
person 0.1501 311 261 324 279
person 0.1405 326 263 346 285
person 0.1313 340 266 349 289
person 0.1069 0 316 18 408
person 0.0816 302 266 313 289
person 0.0810 127 246 160 285
person 0.0782 308 262 320 289
person 0.0734 289 262 298 288
person 0.0598 114 247 136 288
person 0.0490 338 266 350 310
person 0.0385 77 266 95 359
person 0.0375 146 252 159 283
person 0.0351 88 244 135 291
person 0.0306 333 273 346 306
person 0.0253 166 256 181 275
person 0.0247 175 243 193 278
person 0.0236 48 254 61 266
person 0.0216 123 262 136 285
person 0.0212 310 261 333 290
person 0.0196 92 241 109 269
person 0.0181 0 282 20 316
person 0.0180 124 243 145 286
person 0.0174 342 268 351 304
person 0.0158 240 143 279 197
person 0.0154 55 272 69 356
person 0.0148 323 267 340 285
person 0.0131 305 268 316 292
person 0.0129 178 242 191 263
person 0.0119 159 247 174 276
person 0.0115 88 251 110 369
person 0.0114 216 243 247 283
person 0.0112 180 229 210 277
person 0.0106 309 290 331 367
person 0.0104 78 244 113 309
person 0.0100 44 253 57 267
person 0.0097 68 275 77 301
person 0.0094 308 321 329 365
person 0.0086 57 303 69 355
person 0.0085 56 269 69 306
person 0.0083 306 262 316 275
person 0.0080 325 282 343 308
person 0.0078 -1 264 18 375
person 0.0077 166 236 233 288
person 0.0071 15 256 35 286
person 0.0070 124 237 136 280
person 0.0067 82 136 112 162
person 0.0062 19 249 34 273
person 0.0052 157 249 186 284
person 0.0046 2 251 17 277
person 0.0046 225 233 248 277
person 0.0044 19 247 43 277
person 0.0039 149 239 172 277
person 0.0038 59 254 75 286
person 0.0038 15 270 32 287
person 0.0037 177 255 196 285
person 0.0037 16 257 29 276
person 0.0036 16 349 37 400
person 0.0031 80 263 98 317
person 0.0028 77 286 90 340
person 0.0028 291 253 299 279
person 0.0023 187 229 207 254
person 0.0022 195 264 217 287
person 0.0021 291 235 299 272
person 0.0020 292 280 307 293
person 0.0020 296 265 308 281
person 0.0020 291 267 314 328
person 0.0019 1 302 35 355
person 0.0019 304 309 323 358
person 0.0019 43 250 53 262
person 0.0018 18 306 40 398
person 0.0017 310 272 330 322
person 0.0017 310 323 324 347
person 0.0017 322 260 349 278
person 0.0017 196 255 227 286
person 0.0017 242 90 253 114
person 0.0016 164 262 188 286
person 0.0016 102 241 112 263
person 0.0014 91 327 104 357
person 0.0014 30 247 46 268
person 0.0013 330 273 345 352
bicycle 0.0050 292 280 307 293
bicycle 0.0016 57 302 69 354
bicycle 0.0013 293 272 310 292
car 0.3791 322 260 348 277
car 0.0657 326 263 346 285
car 0.0211 323 259 348 269
car 0.0144 62 253 78 269
car 0.0109 66 268 78 300
car 0.0085 292 280 307 293
car 0.0050 335 258 348 265
car 0.0047 57 305 69 355
car 0.0044 289 283 314 328
car 0.0043 65 250 78 260
car 0.0037 56 259 73 360
car 0.0036 293 267 310 288
car 0.0024 290 262 299 282
car 0.0020 323 267 340 285
car 0.0019 311 261 324 279
car 0.0019 340 266 349 289
car 0.0019 307 292 339 324
car 0.0017 59 254 75 286
car 0.0012 337 247 349 260
car 0.0012 0 259 27 316
car 0.0010 302 266 313 289
motorbike 0.0060 293 267 310 288
motorbike 0.0058 292 280 307 293
motorbike 0.0026 57 303 69 355
bus 0.9319 63 38 297 427
bus 0.0018 322 260 349 278
bus 0.0017 319 261 337 273
bus 0.0014 338 258 353 278
bus 0.0014 289 272 316 328
bus 0.0011 336 194 374 241
bird 0.0088 244 150 278 197
bird 0.0014 249 173 274 197
cat 0.0020 243 148 278 197
cat 0.0013 83 350 109 393
dog 0.0040 243 148 278 197
dog 0.0021 83 350 109 394
horse 0.0024 243 148 278 197
chair 0.0027 292 280 307 293
chair 0.0010 165 263 189 286
chair 0.0010 347 357 362 403
