person 0.0217 461 206 487 254
person 0.0208 369 175 378 191
person 0.0161 256 138 281 162
person 0.0146 446 201 462 239
person 0.0075 11 172 21 194
person 0.0066 378 174 388 207
person 0.0050 370 178 380 203
person 0.0045 274 145 283 168
person 0.0043 389 177 402 210
person 0.0036 449 163 461 192
person 0.0035 399 180 409 204
person 0.0032 180 160 203 170
person 0.0030 257 130 272 145
person 0.0022 461 179 489 195
person 0.0020 180 160 204 185
person 0.0016 465 206 483 229
person 0.0016 102 115 130 220
person 0.0012 260 137 285 175
person 0.0012 358 169 371 189
person 0.0011 304 170 316 186
person 0.0010 168 70 209 218
person 0.0010 275 148 286 177
person 0.0010 269 161 280 178
person 0.0010 165 70 189 166
bicycle 0.0097 446 204 462 242
bicycle 0.0058 181 171 233 236
bicycle 0.0027 180 169 210 227
bicycle 0.0021 460 207 487 253
bicycle 0.0011 358 168 384 191
bicycle 0.0010 107 163 137 218
car 0.0075 180 142 210 162
car 0.0057 358 167 387 190
car 0.0027 64 180 76 192
car 0.0012 71 179 84 194
bus 0.0018 105 244 220 371
bus 0.0010 358 167 387 190
boat 0.0039 64 231 120 283
boat 0.0033 410 241 484 371
boat 0.0022 101 239 219 370
boat 0.0010 109 256 169 300
boat 0.0010 320 205 399 283
bird 0.0057 198 107 210 117
bird 0.0010 180 160 203 170
cat 0.0011 180 160 203 171
horse 0.0016 180 160 203 170
bottle 0.0085 370 178 380 203
bottle 0.0051 378 182 387 207
bottle 0.0046 369 175 378 191
bottle 0.0031 387 183 397 211
bottle 0.0030 371 191 380 206
bottle 0.0017 311 280 321 297
bottle 0.0015 300 283 308 297
bottle 0.0013 274 145 283 168
bottle 0.0012 399 196 410 219
chair 0.7780 286 190 333 250
chair 0.6588 301 188 339 211
chair 0.6007 251 165 302 240
chair 0.4984 282 164 303 183
chair 0.4437 314 169 328 189
chair 0.4406 256 161 276 178
chair 0.3497 337 233 389 288
chair 0.2930 64 231 120 283
chair 0.2827 324 210 399 284
chair 0.2533 66 215 225 368
chair 0.2069 181 173 234 236
chair 0.1596 300 177 314 189
chair 0.1356 242 163 261 177
chair 0.1346 182 170 206 223
chair 0.1314 382 222 401 284
chair 0.1035 201 177 231 223
chair 0.0809 259 164 303 191
chair 0.0538 283 166 314 190
chair 0.0509 359 192 373 204
chair 0.0492 79 215 220 276
chair 0.0462 180 160 204 185
chair 0.0455 204 169 236 179
chair 0.0449 181 186 199 224
chair 0.0422 292 176 314 192
chair 0.0417 180 160 203 170
chair 0.0415 257 142 281 162
chair 0.0407 181 169 201 186
chair 0.0382 217 178 257 226
chair 0.0371 460 206 487 254
chair 0.0362 200 173 217 207
chair 0.0353 202 170 229 205
chair 0.0336 127 215 222 261
chair 0.0297 37 214 62 256
chair 0.0260 225 164 255 177
chair 0.0256 341 189 359 210
chair 0.0238 287 181 313 197
chair 0.0235 302 163 316 181
chair 0.0217 180 188 191 222
chair 0.0202 322 208 389 242
chair 0.0196 103 224 143 280
chair 0.0194 221 164 234 172
chair 0.0190 334 233 362 289
chair 0.0177 194 194 234 236
chair 0.0175 274 137 286 160
chair 0.0174 211 166 235 175
chair 0.0168 125 215 223 330
chair 0.0159 207 162 228 172
chair 0.0155 446 204 462 242
chair 0.0153 99 196 125 228
chair 0.0152 334 201 369 214
chair 0.0149 333 248 365 320
chair 0.0147 248 248 349 366
chair 0.0138 257 151 277 166
chair 0.0136 243 156 276 177
chair 0.0131 343 217 393 249
chair 0.0130 190 171 212 208
chair 0.0127 314 212 332 248
chair 0.0118 129 215 188 228
chair 0.0114 209 172 265 185
chair 0.0114 210 177 271 246
chair 0.0104 280 163 294 181
chair 0.0103 337 285 361 325
chair 0.0093 254 174 298 207
chair 0.0088 269 161 280 178
chair 0.0085 271 162 286 180
chair 0.0084 333 251 351 311
chair 0.0084 22 213 62 271
chair 0.0082 318 171 357 202
chair 0.0081 310 163 321 176
chair 0.0077 323 211 398 228
chair 0.0077 109 226 141 257
chair 0.0074 304 170 316 186
chair 0.0072 275 148 286 177
chair 0.0071 260 137 285 175
chair 0.0071 215 162 232 172
chair 0.0071 358 167 387 190
chair 0.0071 101 208 123 226
chair 0.0070 287 186 318 213
chair 0.0068 274 145 283 168
chair 0.0067 344 243 370 288
chair 0.0067 343 175 359 198
chair 0.0065 203 170 237 186
chair 0.0064 105 194 118 219
chair 0.0061 324 208 383 219
chair 0.0060 252 266 279 296
chair 0.0059 116 245 143 274
chair 0.0056 105 213 123 225
chair 0.0052 305 250 361 323
chair 0.0048 249 188 271 238
chair 0.0047 102 221 134 234
chair 0.0046 96 169 149 231
chair 0.0046 327 210 358 239
chair 0.0045 64 233 154 313
chair 0.0045 409 241 483 372
chair 0.0043 287 161 305 177
chair 0.0040 313 161 327 175
chair 0.0040 129 215 212 239
chair 0.0036 97 215 124 228
chair 0.0036 348 234 382 247
chair 0.0035 205 154 229 171
sofa 0.0579 68 216 223 368
sofa 0.0119 461 206 487 254
sofa 0.0118 64 230 120 282
sofa 0.0084 180 160 204 185
sofa 0.0083 180 160 203 171
sofa 0.0059 66 215 224 276
sofa 0.0038 178 160 205 217
sofa 0.0027 454 181 488 247
sofa 0.0023 410 241 483 371
sofa 0.0020 323 207 399 284
sofa 0.0017 180 146 206 172
sofa 0.0014 251 164 302 241
sofa 0.0014 299 188 339 210
sofa 0.0013 453 178 489 214
sofa 0.0011 182 159 216 181
sofa 0.0010 287 188 337 249
pottedplant 0.6442 4 250 127 372
pottedplant 0.2559 203 141 233 171
pottedplant 0.1172 445 201 463 242
pottedplant 0.0714 358 191 374 205
pottedplant 0.0398 187 190 233 240
pottedplant 0.0358 452 179 489 208
pottedplant 0.0290 449 163 461 194
pottedplant 0.0255 369 176 379 203
pottedplant 0.0253 461 206 487 254
pottedplant 0.0216 458 178 489 194
pottedplant 0.0186 387 179 410 214
pottedplant 0.0167 448 166 481 240
pottedplant 0.0156 358 168 385 198
pottedplant 0.0149 398 180 410 211
pottedplant 0.0138 180 159 203 171
pottedplant 0.0123 389 181 401 212
pottedplant 0.0116 180 142 210 169
pottedplant 0.0116 366 172 380 190
pottedplant 0.0115 107 165 137 219
pottedplant 0.0114 200 147 211 165
pottedplant 0.0113 399 196 409 221
pottedplant 0.0111 257 135 282 165
pottedplant 0.0105 205 154 229 171
pottedplant 0.0103 378 177 387 207
pottedplant 0.0102 99 122 136 221
pottedplant 0.0101 449 170 467 207
pottedplant 0.0098 169 69 189 102
pottedplant 0.0094 256 109 273 145
pottedplant 0.0089 371 191 380 206
pottedplant 0.0082 364 179 389 207
pottedplant 0.0079 367 175 411 220
pottedplant 0.0074 0 274 63 373
pottedplant 0.0074 178 115 226 170
pottedplant 0.0056 192 198 223 231
pottedplant 0.0052 165 70 189 167
pottedplant 0.0052 303 163 316 178
pottedplant 0.0046 180 160 204 185
pottedplant 0.0040 400 208 410 225
pottedplant 0.0039 208 203 235 238
pottedplant 0.0038 207 162 228 172
pottedplant 0.0036 257 130 272 145
pottedplant 0.0035 168 70 209 218
pottedplant 0.0035 0 281 19 321
pottedplant 0.0035 221 164 234 172
pottedplant 0.0034 122 166 137 218
pottedplant 0.0031 378 192 386 207
pottedplant 0.0031 401 181 410 199
pottedplant 0.0030 168 124 179 144
pottedplant 0.0030 180 169 210 227
pottedplant 0.0028 380 150 412 216
pottedplant 0.0028 348 201 410 228
pottedplant 0.0027 453 194 467 212
pottedplant 0.0027 384 137 413 174
pottedplant 0.0025 459 201 470 234
pottedplant 0.0025 215 162 232 172
pottedplant 0.0025 34 167 51 202
pottedplant 0.0023 383 162 409 182
pottedplant 0.0023 292 155 316 175
pottedplant 0.0022 388 177 398 208
pottedplant 0.0022 182 159 216 181
pottedplant 0.0022 340 170 390 209
pottedplant 0.0022 58 289 129 373
pottedplant 0.0021 357 196 388 212
pottedplant 0.0021 175 130 205 180
pottedplant 0.0021 387 190 396 211
pottedplant 0.0021 15 254 74 304
pottedplant 0.0019 383 161 408 173
pottedplant 0.0019 221 140 276 178
pottedplant 0.0018 349 186 380 208
pottedplant 0.0018 464 192 480 212
pottedplant 0.0018 393 197 402 214
pottedplant 0.0017 368 65 414 240
pottedplant 0.0016 211 217 234 240
pottedplant 0.0016 310 163 321 176
pottedplant 0.0015 257 88 291 123
pottedplant 0.0015 195 213 233 238
pottedplant 0.0015 257 87 294 173
pottedplant 0.0015 449 103 492 177
pottedplant 0.0014 390 174 404 188
pottedplant 0.0013 -4 218 224 375
pottedplant 0.0013 181 188 195 223
pottedplant 0.0013 311 155 327 172
pottedplant 0.0013 162 98 198 191
pottedplant 0.0012 355 172 365 191
pottedplant 0.0012 10 171 21 189
pottedplant 0.0012 406 158 470 237
pottedplant 0.0011 399 217 410 227
pottedplant 0.0011 358 48 418 179
pottedplant 0.0011 395 173 409 187
pottedplant 0.0010 273 137 286 159
pottedplant 0.0010 451 155 490 198
pottedplant 0.0010 180 101 230 145
pottedplant 0.0010 106 132 121 179
pottedplant 0.0010 177 92 227 217
pottedplant 0.0010 64 239 124 360
diningtable 0.5577 250 248 348 303
diningtable 0.5086 409 240 484 369
diningtable 0.4255 209 176 277 227
diningtable 0.2444 209 175 275 189
diningtable 0.1761 324 208 399 283
diningtable 0.1694 332 232 388 288
diningtable 0.1562 208 176 276 201
diningtable 0.0870 334 231 384 254
diningtable 0.0679 324 208 383 219
diningtable 0.0530 330 205 403 226
diningtable 0.0492 247 244 350 364
diningtable 0.0451 205 170 239 180
diningtable 0.0427 252 166 301 192
diningtable 0.0417 181 172 233 233
diningtable 0.0377 105 245 219 370
diningtable 0.0272 357 204 404 221
diningtable 0.0242 182 163 238 200
diningtable 0.0220 179 164 204 192
diningtable 0.0196 289 176 314 193
diningtable 0.0188 250 164 301 239
diningtable 0.0186 202 171 243 200
diningtable 0.0177 348 234 382 247
diningtable 0.0159 413 242 484 303
diningtable 0.0155 320 209 387 234
diningtable 0.0127 204 169 224 179
diningtable 0.0108 181 170 201 186
diningtable 0.0101 209 182 364 252
diningtable 0.0097 178 164 205 223
diningtable 0.0095 287 188 337 249
diningtable 0.0095 66 215 224 276
diningtable 0.0073 201 170 223 207
diningtable 0.0069 334 201 369 214
diningtable 0.0068 300 176 313 187
diningtable 0.0064 446 204 462 242
diningtable 0.0058 290 186 338 211
diningtable 0.0051 303 163 316 178
diningtable 0.0047 234 176 279 187
diningtable 0.0045 343 221 392 246
diningtable 0.0043 455 178 489 211
diningtable 0.0040 287 161 305 177
diningtable 0.0038 257 137 282 162
diningtable 0.0038 233 170 274 182
diningtable 0.0038 282 163 302 182
diningtable 0.0037 253 267 277 296
diningtable 0.0037 358 168 384 191
diningtable 0.0036 256 165 272 177
diningtable 0.0035 252 178 297 206
diningtable 0.0034 460 179 489 194
diningtable 0.0034 185 168 216 185
diningtable 0.0033 190 171 212 208
diningtable 0.0033 337 197 390 215
diningtable 0.0032 314 168 327 189
diningtable 0.0031 283 166 314 190
diningtable 0.0031 180 160 202 170
diningtable 0.0031 63 222 150 282
diningtable 0.0027 310 163 321 176
diningtable 0.0026 249 295 342 371
diningtable 0.0026 357 196 388 212
diningtable 0.0024 334 233 362 289
diningtable 0.0023 288 183 321 203
diningtable 0.0023 327 212 349 247
diningtable 0.0022 286 250 335 293
diningtable 0.0021 334 233 355 248
diningtable 0.0021 379 209 409 227
diningtable 0.0021 98 217 130 232
diningtable 0.0021 339 192 368 212
diningtable 0.0019 211 166 235 175
diningtable 0.0018 376 204 399 218
diningtable 0.0017 130 215 181 227
diningtable 0.0016 358 190 375 205
diningtable 0.0016 333 253 347 293
diningtable 0.0016 100 214 123 227
diningtable 0.0015 92 220 140 259
diningtable 0.0015 106 213 125 224
diningtable 0.0015 321 195 375 214
diningtable 0.0015 129 215 206 237
diningtable 0.0014 182 159 216 181
diningtable 0.0013 211 176 245 223
diningtable 0.0013 179 142 210 171
diningtable 0.0012 314 211 332 242
diningtable 0.0012 269 161 280 178
diningtable 0.0012 108 256 167 298
diningtable 0.0012 223 184 254 228
diningtable 0.0011 277 230 367 295
diningtable 0.0011 288 156 312 170
diningtable 0.0011 358 202 377 212
diningtable 0.0011 318 171 357 202
diningtable 0.0011 207 162 228 172
diningtable 0.0011 181 186 199 224
diningtable 0.0011 358 232 391 287
diningtable 0.0011 454 181 488 247
diningtable 0.0010 313 161 327 175
diningtable 0.0010 273 138 286 160
diningtable 0.0010 341 174 360 210
tvmonitor 0.0109 189 103 230 142
tvmonitor 0.0025 199 107 210 119
