person 0.1256 257 96 346 162
person 0.0183 282 96 342 139
person 0.0099 285 97 330 125
person 0.0070 217 85 272 132
person 0.0032 449 36 463 71
person 0.0030 485 48 495 68
person 0.0020 451 53 464 71
person 0.0017 418 34 474 129
person 0.0012 483 48 498 94
person 0.0011 165 76 206 121
bicycle 0.0012 67 33 431 310
car 0.8390 60 18 226 114
car 0.6777 69 47 430 312
car 0.2032 456 56 497 98
car 0.1341 418 36 498 129
car 0.0202 453 47 494 75
car 0.0059 453 57 487 72
car 0.0030 80 69 385 204
car 0.0029 451 53 464 71
car 0.0020 342 0 383 19
car 0.0019 47 14 407 124
car 0.0013 364 7 474 127
car 0.0011 482 49 495 69
motorbike 0.0485 419 37 498 127
motorbike 0.0045 67 33 431 310
motorbike 0.0010 446 41 498 101
bus 0.0029 67 33 431 310
bus 0.0011 446 41 498 101
cat 0.0013 217 85 272 132
dog 0.0076 217 85 272 132
bottle 0.0029 451 41 464 71
bottle 0.0017 285 97 331 128
