person 0.0039 411 168 446 199
bird 0.0135 410 166 447 199
cat 0.0308 411 168 446 199
dog 0.3207 410 168 447 199
dog 0.0026 307 172 335 223
dog 0.0014 83 151 135 190
horse 0.0027 408 168 447 199
sheep 0.9352 133 128 201 199
sheep 0.9342 246 128 318 224
sheep 0.9270 324 162 386 206
sheep 0.8805 83 151 135 190
sheep 0.8349 307 170 334 223
sheep 0.3594 410 168 447 199
sheep 0.0711 297 131 318 154
sheep 0.0387 256 127 317 153
sheep 0.0337 256 127 298 144
sheep 0.0173 124 148 141 168
sheep 0.0122 125 148 151 183
sheep 0.0068 124 148 139 160
sheep 0.0028 312 169 324 181
sheep 0.0019 297 133 318 177
sheep 0.0013 327 162 384 176
sheep 0.0012 312 168 329 187
sheep 0.0010 92 116 331 215
cow 0.0944 410 166 447 199
cow 0.0024 83 151 135 190
cow 0.0012 268 128 317 154
