person 0.8274 435 -1 498 203
person 0.7567 196 0 234 36
person 0.2624 173 0 192 47
person 0.2620 283 0 441 161
person 0.1095 215 0 235 36
person 0.0875 363 -2 439 149
person 0.0765 319 0 368 19
person 0.0559 174 0 190 24
person 0.0514 281 -1 369 48
person 0.0368 197 0 215 31
person 0.0357 414 0 444 52
person 0.0310 471 43 499 192
person 0.0263 181 0 200 31
person 0.0260 398 0 441 63
person 0.0216 311 0 425 70
person 0.0194 346 0 387 30
person 0.0169 389 0 418 59
person 0.0156 310 0 353 14
person 0.0146 378 2 400 45
person 0.0138 286 -1 317 45
person 0.0090 310 0 329 12
person 0.0086 292 0 332 13
person 0.0072 401 0 439 145
person 0.0065 436 0 448 39
person 0.0040 347 0 366 13
person 0.0038 63 38 84 56
person 0.0034 423 2 448 73
person 0.0026 397 20 432 70
person 0.0025 177 -1 215 45
person 0.0024 1 4 42 133
person 0.0022 488 106 499 158
person 0.0022 391 0 416 29
person 0.0022 149 2 192 85
person 0.0019 477 65 499 131
person 0.0018 53 38 86 91
person 0.0017 280 4 345 78
person 0.0016 16 -9 476 348
person 0.0015 173 9 184 45
person 0.0015 222 0 236 29
person 0.0015 473 9 499 69
person 0.0012 491 120 499 151
person 0.0011 300 1 328 47
person 0.0011 338 31 358 50
person 0.0011 452 70 499 210
person 0.0011 171 6 193 85
person 0.0010 483 64 499 107
car 0.0224 0 80 31 202
car 0.0035 1 97 63 201
car 0.0032 281 0 441 165
car 0.0026 315 0 426 55
car 0.0022 268 60 291 70
car 0.0021 29 0 81 23
car 0.0018 415 0 445 59
car 0.0012 0 0 43 93
motorbike 0.9240 18 0 478 348
motorbike 0.0386 316 0 431 67
motorbike 0.0052 331 2 440 140
motorbike 0.0033 390 0 434 66
motorbike 0.0028 273 9 454 186
motorbike 0.0026 0 37 31 204
motorbike 0.0022 346 0 387 30
motorbike 0.0016 417 1 447 71
motorbike 0.0013 378 1 400 45
motorbike 0.0012 400 24 434 69
motorbike 0.0011 392 0 440 132
motorbike 0.0010 1 16 59 203
bus 0.0016 0 3 38 204
bus 0.0013 1 0 77 204
train 0.0014 0 84 31 201
bottle 0.0015 390 0 416 27
bottle 0.0010 415 0 443 49
chair 0.0036 104 0 191 83
chair 0.0019 173 0 193 85
chair 0.0019 149 2 192 85
