person 0.0075 459 76 471 92
person 0.0024 451 70 462 82
person 0.0015 455 73 471 96
person 0.0015 452 232 499 294
person 0.0015 478 87 499 178
person 0.0011 429 70 439 87
person 0.0011 25 283 54 332
person 0.0011 433 70 462 107
car 0.0072 227 57 268 79
car 0.0050 208 55 275 84
car 0.0043 205 56 243 86
car 0.0031 231 63 241 79
car 0.0024 249 66 274 89
car 0.0021 228 58 243 79
car 0.0016 223 60 275 107
car 0.0015 228 58 289 91
car 0.0013 229 63 273 85
cat 0.0024 25 283 54 331
dog 0.0075 25 283 54 332
bottle 0.0053 438 83 451 107
bottle 0.0040 474 160 482 179
bottle 0.0031 0 284 14 331
bottle 0.0022 133 113 144 130
bottle 0.0021 461 79 473 94
bottle 0.0021 451 90 462 104
bottle 0.0020 159 114 182 149
bottle 0.0020 364 67 389 89
bottle 0.0019 111 141 121 158
bottle 0.0016 169 114 182 130
bottle 0.0013 401 48 415 66
bottle 0.0013 127 113 140 130
bottle 0.0013 364 74 381 90
bottle 0.0012 440 97 452 111
bottle 0.0012 334 67 347 82
bottle 0.0010 454 78 472 100
bottle 0.0010 474 142 485 179
bottle 0.0010 436 74 457 104
chair 0.8765 4 129 78 265
chair 0.7767 178 118 228 177
chair 0.7550 453 90 490 180
chair 0.6199 107 123 161 157
chair 0.5700 109 151 160 198
chair 0.5569 267 102 292 148
chair 0.4476 480 87 499 177
chair 0.2344 0 207 27 333
chair 0.1866 366 64 391 76
chair 0.1443 101 113 120 155
chair 0.1202 462 79 474 94
chair 0.1036 99 118 162 194
chair 0.0879 482 86 499 134
chair 0.0572 222 104 292 148
chair 0.0530 363 62 421 148
chair 0.0449 158 152 182 181
chair 0.0447 1 205 53 332
chair 0.0444 59 137 135 194
chair 0.0427 484 84 499 96
chair 0.0380 487 89 499 161
chair 0.0355 454 78 472 100
chair 0.0345 195 104 296 169
chair 0.0313 24 181 77 202
chair 0.0278 225 108 266 139
chair 0.0264 159 124 181 149
chair 0.0261 157 124 183 181
chair 0.0237 3 132 73 205
chair 0.0223 189 98 218 124
chair 0.0211 286 104 302 145
chair 0.0209 126 128 183 187
chair 0.0193 461 87 481 102
chair 0.0190 183 97 195 123
chair 0.0188 384 63 418 96
chair 0.0152 442 115 459 177
chair 0.0148 0 205 19 281
chair 0.0138 360 94 393 148
chair 0.0131 463 93 484 113
chair 0.0131 384 63 399 77
chair 0.0129 191 100 206 122
chair 0.0126 457 92 485 137
chair 0.0124 467 80 482 94
chair 0.0124 440 108 461 131
chair 0.0120 296 94 318 144
chair 0.0115 216 109 267 164
chair 0.0112 318 86 398 148
chair 0.0111 225 107 267 123
chair 0.0107 451 90 462 104
chair 0.0107 379 74 465 127
chair 0.0103 452 232 499 293
chair 0.0099 25 284 54 331
chair 0.0092 457 72 472 92
chair 0.0087 58 141 111 167
chair 0.0087 21 151 70 184
chair 0.0086 364 67 389 89
chair 0.0084 90 177 111 192
chair 0.0084 74 158 119 194
chair 0.0084 103 114 119 137
chair 0.0080 436 93 467 178
chair 0.0079 382 68 422 125
chair 0.0079 346 72 365 82
chair 0.0077 442 112 460 147
chair 0.0075 2 131 32 207
chair 0.0074 472 81 485 93
chair 0.0068 433 70 462 107
chair 0.0064 366 64 407 91
chair 0.0063 0 154 17 215
chair 0.0063 20 179 77 242
chair 0.0062 477 99 492 136
chair 0.0061 455 88 479 109
chair 0.0057 338 48 354 69
chair 0.0056 117 114 131 133
chair 0.0049 388 93 421 120
chair 0.0048 429 98 453 114
chair 0.0047 86 178 99 192
chair 0.0046 388 86 431 110
chair 0.0044 473 99 487 133
chair 0.0043 451 70 462 82
chair 0.0041 67 300 205 331
chair 0.0041 358 73 386 92
chair 0.0040 178 124 196 166
chair 0.0039 329 100 368 132
chair 0.0038 430 100 460 128
chair 0.0037 430 86 441 99
chair 0.0036 119 112 136 132
chair 0.0036 386 97 414 149
chair 0.0032 443 70 473 97
chair 0.0031 196 102 214 122
chair 0.0030 428 143 450 176
chair 0.0030 168 122 196 177
chair 0.0028 445 136 458 178
chair 0.0026 451 101 465 131
chair 0.0025 75 173 85 194
chair 0.0025 26 167 76 185
chair 0.0024 0 141 9 167
chair 0.0024 267 108 295 195
chair 0.0024 414 70 438 98
chair 0.0023 338 51 392 74
chair 0.0023 436 70 460 83
chair 0.0023 328 98 376 116
chair 0.0021 376 164 499 301
sofa 0.0276 372 173 499 303
sofa 0.0036 107 127 161 157
sofa 0.0026 105 152 161 189
sofa 0.0025 0 205 29 331
sofa 0.0020 174 118 498 329
sofa 0.0020 25 283 55 332
sofa 0.0018 191 105 298 174
pottedplant 0.5728 173 103 466 325
pottedplant 0.5111 120 82 195 135
pottedplant 0.1528 436 76 454 105
pottedplant 0.0978 433 70 462 107
pottedplant 0.0198 436 70 460 83
pottedplant 0.0171 360 0 425 70
pottedplant 0.0160 402 47 417 67
pottedplant 0.0084 376 174 499 303
pottedplant 0.0069 455 73 471 96
pottedplant 0.0066 429 71 438 88
pottedplant 0.0063 450 90 461 103
pottedplant 0.0058 462 79 473 93
pottedplant 0.0053 451 70 462 82
pottedplant 0.0051 159 114 182 149
pottedplant 0.0046 428 86 457 110
pottedplant 0.0041 429 76 439 96
pottedplant 0.0036 443 70 473 97
pottedplant 0.0034 396 47 420 92
pottedplant 0.0034 339 0 405 76
pottedplant 0.0034 397 38 419 66
pottedplant 0.0031 0 98 34 138
pottedplant 0.0027 186 71 241 122
pottedplant 0.0025 195 100 216 123
pottedplant 0.0024 440 89 451 109
pottedplant 0.0024 385 59 418 95
pottedplant 0.0020 389 46 410 66
pottedplant 0.0019 414 258 462 301
pottedplant 0.0018 169 115 182 131
pottedplant 0.0017 402 225 497 302
pottedplant 0.0016 438 98 458 112
pottedplant 0.0016 363 -1 423 23
pottedplant 0.0015 464 21 499 91
pottedplant 0.0014 413 67 437 93
pottedplant 0.0013 426 67 439 94
pottedplant 0.0013 433 93 463 119
pottedplant 0.0012 120 109 137 129
pottedplant 0.0012 455 88 479 109
pottedplant 0.0012 451 232 499 293
pottedplant 0.0012 173 114 189 128
pottedplant 0.0010 127 113 140 130
pottedplant 0.0010 181 96 195 124
pottedplant 0.0010 15 115 32 136
diningtable 0.6619 22 168 508 330
diningtable 0.2722 56 144 174 194
diningtable 0.1453 38 179 281 327
diningtable 0.1319 445 99 497 175
diningtable 0.0591 57 141 119 170
diningtable 0.0527 294 76 417 147
diningtable 0.0432 50 120 289 191
diningtable 0.0397 190 106 298 177
diningtable 0.0387 294 87 489 169
diningtable 0.0373 433 93 463 119
diningtable 0.0356 438 97 462 112
diningtable 0.0301 398 96 497 173
diningtable 0.0286 57 148 122 195
diningtable 0.0204 389 95 465 125
diningtable 0.0160 430 92 465 173
diningtable 0.0143 378 172 499 299
diningtable 0.0143 382 94 485 145
diningtable 0.0127 308 77 390 94
diningtable 0.0125 110 149 182 195
diningtable 0.0113 353 221 500 328
diningtable 0.0112 438 104 461 128
diningtable 0.0110 460 85 497 128
diningtable 0.0105 299 81 398 125
diningtable 0.0085 193 86 504 324
diningtable 0.0081 223 108 272 144
diningtable 0.0073 455 88 479 109
diningtable 0.0067 159 126 181 150
diningtable 0.0066 225 108 271 124
diningtable 0.0065 16 139 82 191
diningtable 0.0063 323 86 388 97
diningtable 0.0063 440 97 452 111
diningtable 0.0060 480 85 499 136
diningtable 0.0057 379 74 465 127
diningtable 0.0057 326 82 388 94
diningtable 0.0055 443 111 459 176
diningtable 0.0054 459 175 499 206
diningtable 0.0045 483 85 499 96
diningtable 0.0045 267 103 299 147
diningtable 0.0043 441 111 460 139
diningtable 0.0042 479 86 499 176
diningtable 0.0041 433 71 463 108
diningtable 0.0040 157 124 183 181
diningtable 0.0039 189 98 218 124
diningtable 0.0039 350 278 495 331
diningtable 0.0038 329 89 392 117
diningtable 0.0037 178 118 230 176
diningtable 0.0037 14 133 110 176
diningtable 0.0037 483 85 498 113
diningtable 0.0037 303 84 331 92
diningtable 0.0034 460 78 473 96
diningtable 0.0033 429 98 453 114
diningtable 0.0031 221 210 496 330
diningtable 0.0029 461 92 486 107
diningtable 0.0029 45 109 353 234
diningtable 0.0026 71 155 128 185
diningtable 0.0024 328 90 390 103
diningtable 0.0024 210 94 422 160
diningtable 0.0023 349 94 394 148
diningtable 0.0022 385 82 421 124
diningtable 0.0021 110 126 159 142
diningtable 0.0021 300 84 331 109
diningtable 0.0021 63 237 264 325
diningtable 0.0019 461 87 481 102
diningtable 0.0019 67 300 205 331
diningtable 0.0017 366 64 392 76
diningtable 0.0016 327 59 456 113
diningtable 0.0016 18 260 509 332
diningtable 0.0016 181 109 270 158
diningtable 0.0016 286 104 302 145
diningtable 0.0015 72 172 85 194
diningtable 0.0014 358 73 386 92
diningtable 0.0014 428 86 457 110
diningtable 0.0013 183 282 288 330
diningtable 0.0013 327 97 380 133
diningtable 0.0012 358 85 499 316
diningtable 0.0012 95 288 292 332
diningtable 0.0012 20 149 60 168
diningtable 0.0010 0 141 10 170
diningtable 0.0010 388 86 431 110
tvmonitor 0.0028 71 301 201 331
tvmonitor 0.0017 401 47 417 69
