person 0.8348 245 35 289 92
person 0.8177 278 30 314 82
person 0.1256 490 138 499 175
person 0.0257 260 36 280 55
person 0.0184 159 184 184 207
person 0.0099 154 184 175 210
person 0.0076 391 174 410 198
person 0.0058 0 213 6 237
person 0.0058 113 179 131 195
person 0.0045 489 133 499 202
person 0.0042 287 61 305 81
person 0.0031 46 198 56 216
person 0.0028 280 31 304 55
person 0.0027 250 36 279 60
person 0.0025 37 201 52 219
person 0.0024 95 209 120 279
person 0.0024 138 181 172 206
person 0.0023 160 183 175 202
person 0.0021 112 179 132 208
person 0.0020 34 208 48 231
person 0.0020 278 37 292 56
person 0.0018 287 31 303 40
person 0.0016 128 277 139 291
person 0.0016 47 198 63 223
person 0.0016 246 59 262 91
person 0.0014 360 138 378 174
person 0.0013 481 140 499 180
person 0.0012 245 56 255 70
person 0.0011 281 131 316 185
person 0.0011 375 148 410 202
person 0.0011 78 204 105 293
person 0.0011 47 197 74 228
person 0.0010 393 189 409 199
person 0.0010 120 256 166 314
bicycle 0.3034 456 237 499 370
bicycle 0.0379 308 249 409 328
bicycle 0.0316 138 181 168 207
bicycle 0.0217 278 208 415 334
bicycle 0.0174 326 175 499 368
bicycle 0.0145 0 213 6 237
bicycle 0.0059 59 197 74 211
bicycle 0.0057 72 196 89 210
bicycle 0.0052 446 168 498 361
bicycle 0.0046 334 274 409 326
bicycle 0.0034 49 197 74 214
bicycle 0.0034 154 184 175 210
bicycle 0.0021 2 215 20 235
bicycle 0.0014 46 198 56 214
car 0.0086 0 212 6 237
car 0.0080 446 161 499 368
car 0.0036 2 216 20 234
car 0.0020 446 174 499 235
car 0.0011 217 47 483 335
motorbike 0.0033 138 181 172 206
motorbike 0.0017 457 236 499 370
motorbike 0.0014 0 212 6 237
bus 0.3427 213 48 487 319
bus 0.0064 446 168 498 361
bus 0.0017 356 172 499 320
train 0.0062 203 60 490 326
boat 0.0034 214 51 492 308
horse 0.9044 101 182 221 327
horse 0.8637 45 195 103 295
horse 0.6710 160 185 263 253
horse 0.1988 84 185 122 279
horse 0.0694 157 184 185 209
horse 0.0476 162 184 263 325
horse 0.0417 136 181 179 209
horse 0.0259 92 201 117 266
horse 0.0238 110 179 173 213
horse 0.0187 83 186 109 218
horse 0.0163 83 183 157 296
horse 0.0134 47 197 74 228
horse 0.0124 32 214 49 235
horse 0.0111 165 185 210 211
horse 0.0098 113 179 132 195
horse 0.0096 78 204 105 293
horse 0.0090 110 179 137 207
horse 0.0089 155 186 173 210
horse 0.0071 72 195 88 208
horse 0.0053 47 198 63 223
horse 0.0040 54 198 73 212
horse 0.0031 92 177 126 214
horse 0.0029 121 179 139 194
horse 0.0027 90 205 104 259
horse 0.0027 139 186 162 210
horse 0.0025 37 201 52 219
horse 0.0025 46 198 56 216
horse 0.0023 185 186 206 202
horse 0.0018 115 180 128 191
horse 0.0017 106 180 128 219
horse 0.0013 62 187 104 212
horse 0.0012 103 178 123 194
cow 0.0026 33 216 48 236
cow 0.0011 94 209 120 280
cow 0.0010 97 182 225 327
chair 0.0229 391 174 411 198
chair 0.0101 394 190 409 199
chair 0.0041 0 215 7 237
chair 0.0025 2 215 20 235
chair 0.0016 21 218 33 234
chair 0.0014 32 214 49 235
chair 0.0013 7 216 34 235
chair 0.0012 43 198 55 215
pottedplant 0.0016 0 212 6 237
pottedplant 0.0011 145 93 218 179
diningtable 0.0066 313 270 389 302
