person 0.0945 449 172 463 196
person 0.0177 359 225 373 257
person 0.0069 349 229 359 257
person 0.0068 232 259 247 273
person 0.0034 230 260 240 273
person 0.0029 151 79 180 133
person 0.0021 357 229 366 253
person 0.0020 348 216 363 256
person 0.0020 363 173 372 198
person 0.0012 442 110 453 124
person 0.0011 491 152 499 205
person 0.0011 351 170 374 240
car 0.0110 98 343 285 373
car 0.0052 454 95 493 164
car 0.0028 369 216 498 369
car 0.0027 399 109 495 194
car 0.0020 491 152 499 205
car 0.0015 462 93 499 207
car 0.0013 481 139 498 201
car 0.0011 370 88 423 178
motorbike 0.0071 48 336 430 369
motorbike 0.0057 100 343 293 369
motorbike 0.0016 72 292 496 369
aeroplane 0.8627 -4 77 489 367
aeroplane 0.0086 371 210 498 368
aeroplane 0.0086 383 65 421 105
aeroplane 0.0059 103 344 285 370
aeroplane 0.0033 404 66 420 103
aeroplane 0.0022 372 87 425 174
aeroplane 0.0016 412 67 420 100
aeroplane 0.0013 379 88 422 130
aeroplane 0.0010 48 336 430 369
bus 0.0030 462 93 499 207
train 0.1115 396 96 498 202
train 0.0470 369 88 424 176
train 0.0458 454 97 499 207
train 0.0174 -1 77 439 368
train 0.0120 477 99 499 206
train 0.0019 375 87 499 374
boat 0.0055 97 343 283 373
bottle 0.0041 131 125 138 146
bottle 0.0026 48 140 59 158
bottle 0.0014 134 120 143 144
bottle 0.0013 113 137 129 148
bottle 0.0010 82 125 91 139
chair 0.0021 103 344 285 370
chair 0.0011 366 350 386 365
pottedplant 0.0136 0 155 11 170
pottedplant 0.0021 61 145 79 158
pottedplant 0.0014 0 134 12 173
diningtable 0.0015 403 301 498 372
tvmonitor 0.0072 0 37 95 155
tvmonitor 0.0016 140 140 194 176
tvmonitor 0.0011 6 59 92 120
