person 0.0020 59 -1 221 141
person 0.0012 8 194 501 371
cat 0.8475 50 70 493 347
cat 0.0059 59 0 221 118
cat 0.0054 79 84 312 347
cat 0.0022 134 137 478 315
dog 0.0084 59 1 221 135
dog 0.0031 79 74 484 339
bottle 0.0017 61 0 220 118
chair 0.0437 13 -10 501 370
chair 0.0090 0 207 53 370
chair 0.0077 61 2 219 142
chair 0.0062 3 178 134 379
chair 0.0031 416 111 491 208
chair 0.0023 5 190 500 369
sofa 0.1727 2 190 503 369
sofa 0.0318 0 206 53 362
sofa 0.0141 6 4 502 368
sofa 0.0050 0 186 153 369
pottedplant 0.0028 59 0 222 142
diningtable 0.0056 5 190 500 369
diningtable 0.0015 6 4 502 368
tvmonitor 0.0017 416 113 492 205
