person 0.0314 363 0 445 63
person 0.0037 44 28 438 334
person 0.0017 235 1 247 21
bird 0.0014 37 334 46 342
bottle 0.0493 141 0 180 24
bottle 0.0030 201 0 212 29
bottle 0.0025 211 0 221 31
bottle 0.0020 222 0 235 30
bottle 0.0011 217 0 227 31
bottle 0.0011 236 0 248 20
chair 0.1754 390 5 495 214
chair 0.0424 37 22 445 340
chair 0.0078 363 0 445 64
chair 0.0052 434 0 457 49
chair 0.0030 268 0 291 37
chair 0.0027 268 -1 352 46
chair 0.0020 284 2 301 37
chair 0.0019 404 45 485 141
chair 0.0018 435 6 492 75
chair 0.0015 294 0 345 36
chair 0.0013 445 67 498 208
sofa 0.8065 42 26 437 334
sofa 0.0089 369 0 495 213
sofa 0.0014 273 0 370 55
pottedplant 0.0651 92 0 141 34
pottedplant 0.0165 141 0 180 24
pottedplant 0.0045 57 0 90 22
diningtable 0.0018 404 18 499 211
diningtable 0.0013 468 68 499 148
