person 0.8749 207 135 499 368
person 0.7756 89 131 203 196
person 0.1988 321 136 436 263
person 0.0183 287 167 416 274
person 0.0128 189 221 350 364
person 0.0115 85 162 158 195
person 0.0084 399 152 498 371
person 0.0056 121 131 194 179
person 0.0038 210 117 220 127
person 0.0036 199 150 409 287
person 0.0033 324 152 383 226
person 0.0031 384 159 496 269
person 0.0018 209 159 376 245
person 0.0017 129 176 140 200
person 0.0010 92 161 211 238
bird 0.0015 210 117 220 127
dog 0.0042 88 163 142 195
dog 0.0011 100 174 131 195
bottle 0.7468 130 177 140 201
bottle 0.0051 112 192 126 202
bottle 0.0033 127 169 142 199
bottle 0.0026 79 193 107 207
bottle 0.0014 211 118 220 127
bottle 0.0010 123 191 130 201
chair 0.5177 0 150 35 243
chair 0.3865 84 148 212 239
chair 0.3539 125 172 212 240
chair 0.2724 0 199 32 242
chair 0.1039 216 150 389 256
chair 0.0912 40 150 82 237
chair 0.0899 85 162 158 195
chair 0.0616 209 193 333 240
chair 0.0597 324 151 382 222
chair 0.0470 187 179 254 236
chair 0.0440 186 152 435 323
chair 0.0412 281 158 498 372
chair 0.0341 42 163 168 257
chair 0.0314 407 171 500 373
chair 0.0283 189 202 212 234
chair 0.0216 145 136 201 164
chair 0.0192 3 252 214 369
chair 0.0171 325 142 474 223
chair 0.0157 41 152 75 203
chair 0.0145 420 268 499 373
chair 0.0122 10 151 39 165
chair 0.0119 84 171 112 189
chair 0.0115 210 174 222 195
chair 0.0102 113 163 190 221
chair 0.0101 8 151 40 205
chair 0.0100 319 246 502 371
chair 0.0098 84 154 129 192
chair 0.0086 74 148 88 191
chair 0.0073 0 148 10 200
chair 0.0072 71 148 95 203
chair 0.0071 211 178 239 199
chair 0.0067 173 149 206 177
chair 0.0064 286 164 392 275
chair 0.0058 91 165 118 180
chair 0.0051 135 139 202 186
chair 0.0030 207 161 249 198
chair 0.0026 42 152 71 165
chair 0.0024 219 187 247 196
chair 0.0022 92 168 138 196
chair 0.0021 145 161 202 193
chair 0.0021 208 152 218 173
chair 0.0020 202 155 212 174
chair 0.0019 71 163 108 226
chair 0.0019 0 201 29 210
chair 0.0019 207 153 223 196
chair 0.0018 0 149 7 164
chair 0.0016 110 191 126 204
chair 0.0014 217 154 228 194
chair 0.0014 116 152 147 164
chair 0.0013 117 164 162 197
chair 0.0013 71 150 82 193
chair 0.0011 93 140 185 191
chair 0.0011 95 165 114 174
chair 0.0010 154 269 181 306
sofa 0.5161 187 155 500 371
sofa 0.5007 85 151 212 240
sofa 0.2511 206 155 386 242
sofa 0.2379 113 163 190 221
sofa 0.2247 210 193 332 239
sofa 0.1903 0 250 214 370
sofa 0.1188 324 152 382 220
sofa 0.1092 321 144 459 220
sofa 0.0972 137 167 211 240
sofa 0.0812 203 153 418 302
sofa 0.0557 417 178 498 371
sofa 0.0476 39 186 162 257
sofa 0.0085 0 200 32 242
sofa 0.0060 83 160 161 194
sofa 0.0056 85 166 117 191
sofa 0.0039 0 151 36 241
sofa 0.0033 -28 200 482 376
sofa 0.0027 281 151 380 257
sofa 0.0020 253 244 499 372
sofa 0.0019 426 266 499 375
sofa 0.0012 189 185 260 234
sofa 0.0010 173 149 206 177
pottedplant 0.1354 281 131 316 193
pottedplant 0.0368 11 19 71 76
pottedplant 0.0150 281 131 315 151
pottedplant 0.0010 211 119 221 127
diningtable 0.2747 42 193 160 256
diningtable 0.0154 0 200 31 240
diningtable 0.0106 0 201 28 212
diningtable 0.0086 0 251 214 370
diningtable 0.0066 44 148 210 256
diningtable 0.0044 106 126 221 152
diningtable 0.0025 59 191 155 231
diningtable 0.0019 0 253 136 292
diningtable 0.0012 159 129 218 153
tvmonitor 0.0029 168 132 178 149
tvmonitor 0.0021 38 80 61 93
tvmonitor 0.0010 0 149 9 203
